Starting MPC Benchmark Test
Method,Trial,SolveTime,ADMMTime,RhoTime,Iterations,FinalRho
=== tiny_problem constructor running! ===

=== Starting Hover Tests ===

=== Hover with Fixed Rho ===
Fixed Hover,-1,33196,33195,0,470,85.00

=== Hover with Adaptive Rho ===
Adaptive Hover,-1,202,137,65,0,70.00

=== Starting Fixed Rho Trial 0 ===
Fixed,0,7821,7821,0,110,85.00

=== Starting Fixed Rho Trial 1 ===
Fixed,1,21910,21910,0,310,85.00

=== Starting Fixed Rho Trial 2 ===
Fixed,2,19797,19797,0,280,85.00

=== Starting Fixed Rho Trial 3 ===
Fixed,3,10498,10498,0,148,85.00

=== Starting Fixed Rho Trial 4 ===
Fixed,4,10569,10569,0,149,85.00

=== Starting Fixed Rho Trial 5 ===
Fixed,5,8174,8174,0,115,85.00

=== Starting Fixed Rho Trial 6 ===
Fixed,6,11413,11413,0,161,85.00

=== Starting Fixed Rho Trial 7 ===
Fixed,7,30083,30083,0,426,85.00

=== Starting Fixed Rho Trial 8 ===
Fixed,8,18460,18460,0,261,85.00

=== Starting Fixed Rho Trial 9 ===
Fixed,9,35227,35227,0,500,85.00

=== Starting Fixed Rho Trial 10 ===
Fixed,10,27689,27689,0,392,85.00

=== Starting Fixed Rho Trial 11 ===
Fixed,11,10569,10569,0,149,85.00

=== Starting Fixed Rho Trial 12 ===
Fixed,12,9371,9371,0,132,85.00

=== Starting Fixed Rho Trial 13 ===
Fixed,13,18810,18810,0,266,85.00

=== Starting Fixed Rho Trial 14 ===
Fixed,14,14374,14374,0,203,85.00

=== Starting Fixed Rho Trial 15 ===
Fixed,15,35231,35231,0,500,85.00

=== Starting Fixed Rho Trial 16 ===
Fixed,16,9935,9935,0,140,85.00

=== Starting Fixed Rho Trial 17 ===
Fixed,17,23323,23323,0,330,85.00

=== Starting Fixed Rho Trial 18 ===
Fixed,18,8808,8808,0,124,85.00

=== Starting Fixed Rho Trial 19 ===
Fixed,19,14585,14585,0,206,85.00

=== Starting Fixed Rho Trial 20 ===
Fixed,20,21981,21981,0,311,85.00

=== Starting Fixed Rho Trial 21 ===
Fixed,21,8738,8738,0,123,85.00

=== Starting Fixed Rho Trial 22 ===
Fixed,22,8808,8808,0,124,85.00

=== Starting Fixed Rho Trial 23 ===
Fixed,23,10570,10570,0,149,85.00

=== Starting Fixed Rho Trial 24 ===
Fixed,24,35229,35229,0,500,85.00

=== Starting Fixed Rho Trial 25 ===
Fixed,25,12261,12261,0,173,85.00

=== Starting Fixed Rho Trial 26 ===
Fixed,26,35231,35231,0,500,85.00

=== Starting Fixed Rho Trial 27 ===
Fixed,27,12613,12613,0,178,85.00

=== Starting Fixed Rho Trial 28 ===
Fixed,28,10218,10218,0,144,85.00

=== Starting Fixed Rho Trial 29 ===
Fixed,29,8174,8174,0,115,85.00

=== Starting Fixed Rho Trial 30 ===
Fixed,30,15995,15995,0,226,85.00

=== Starting Fixed Rho Trial 31 ===
Fixed,31,34527,34527,0,489,85.00

=== Starting Fixed Rho Trial 32 ===
Fixed,32,16558,16558,0,234,85.00

=== Starting Fixed Rho Trial 33 ===
Fixed,33,17544,17544,0,248,85.00

=== Starting Fixed Rho Trial 34 ===
Fixed,34,9654,9654,0,136,85.00

=== Starting Fixed Rho Trial 35 ===
Fixed,35,35228,35228,0,500,85.00

=== Starting Fixed Rho Trial 36 ===
Fixed,36,35158,35158,0,498,85.00

=== Starting Fixed Rho Trial 37 ===
Fixed,37,19659,19659,0,278,85.00

=== Starting Fixed Rho Trial 38 ===
Fixed,38,17546,17546,0,248,85.00

=== Starting Fixed Rho Trial 39 ===
Fixed,39,10711,10711,0,151,85.00

=== Starting Fixed Rho Trial 40 ===
Fixed,40,21631,21631,0,306,85.00

=== Starting Fixed Rho Trial 41 ===
Fixed,41,11274,11274,0,159,85.00

=== Starting Fixed Rho Trial 42 ===
Fixed,42,26140,26140,0,370,85.00

=== Starting Fixed Rho Trial 43 ===
Fixed,43,20150,20150,0,285,85.00

=== Starting Fixed Rho Trial 44 ===
Fixed,44,10711,10711,0,151,85.00

=== Starting Fixed Rho Trial 45 ===
Fixed,45,27619,27619,0,391,85.00

=== Starting Fixed Rho Trial 46 ===
Fixed,46,10077,10077,0,142,85.00

=== Starting Fixed Rho Trial 47 ===
Fixed,47,9865,9865,0,139,85.00

=== Starting Fixed Rho Trial 48 ===
Fixed,48,9653,9653,0,136,85.00

=== Starting Fixed Rho Trial 49 ===
Fixed,49,34518,34518,0,489,85.00

=== Starting Fixed Rho Trial 50 ===
Fixed,50,15079,15079,0,213,85.00

=== Starting Fixed Rho Trial 51 ===
Fixed,51,15502,15502,0,219,85.00

=== Starting Fixed Rho Trial 52 ===
Fixed,52,9301,9301,0,131,85.00

=== Starting Fixed Rho Trial 53 ===
Fixed,53,35229,35229,0,500,85.00

=== Starting Fixed Rho Trial 54 ===
Fixed,54,16559,16559,0,234,85.00

=== Starting Fixed Rho Trial 55 ===
Fixed,55,30366,30366,0,430,85.00

=== Starting Fixed Rho Trial 56 ===
Fixed,56,35228,35228,0,500,85.00

=== Starting Fixed Rho Trial 57 ===
Fixed,57,19518,19518,0,276,85.00

=== Starting Fixed Rho Trial 58 ===
Fixed,58,12894,12894,0,182,85.00

=== Starting Fixed Rho Trial 59 ===
Fixed,59,13387,13387,0,189,85.00

=== Starting Fixed Rho Trial 60 ===
Fixed,60,16488,16488,0,233,85.00

=== Starting Fixed Rho Trial 61 ===
Fixed,61,9161,9161,0,129,85.00

=== Starting Fixed Rho Trial 62 ===
Fixed,62,12684,12684,0,179,85.00

=== Starting Fixed Rho Trial 63 ===
Fixed,63,34948,34948,0,495,85.00

=== Starting Fixed Rho Trial 64 ===
Fixed,64,35227,35227,0,500,85.00

=== Starting Fixed Rho Trial 65 ===
Fixed,65,19163,19163,0,271,85.00

=== Starting Fixed Rho Trial 66 ===
Fixed,66,18532,18532,0,262,85.00

=== Starting Fixed Rho Trial 67 ===
Fixed,67,15360,15360,0,217,85.00

=== Starting Fixed Rho Trial 68 ===
Fixed,68,10922,10922,0,154,85.00

=== Starting Fixed Rho Trial 69 ===
Fixed,69,15785,15785,0,223,85.00

=== Starting Fixed Rho Trial 70 ===
Fixed,70,15571,15571,0,220,85.00

=== Starting Fixed Rho Trial 71 ===
Fixed,71,16981,16981,0,240,85.00

=== Starting Fixed Rho Trial 72 ===
Fixed,72,15855,15855,0,224,85.00

=== Starting Fixed Rho Trial 73 ===
Fixed,73,29944,29944,0,424,85.00

=== Starting Fixed Rho Trial 74 ===
Fixed,74,12612,12612,0,178,85.00

=== Starting Fixed Rho Trial 75 ===
Fixed,75,21420,21420,0,303,85.00

=== Starting Fixed Rho Trial 76 ===
Fixed,76,22898,22898,0,324,85.00

=== Starting Fixed Rho Trial 77 ===
Fixed,77,18177,18177,0,257,85.00

=== Starting Fixed Rho Trial 78 ===
Fixed,78,11768,11768,0,166,85.00

=== Starting Fixed Rho Trial 79 ===
Fixed,79,21210,21210,0,300,85.00

=== Starting Fixed Rho Trial 80 ===
Fixed,80,35225,35225,0,500,85.00

=== Starting Fixed Rho Trial 81 ===
Fixed,81,35228,35228,0,500,85.00

=== Starting Fixed Rho Trial 82 ===
Fixed,82,13386,13386,0,189,85.00

=== Starting Fixed Rho Trial 83 ===
Fixed,83,12119,12119,0,171,85.00

=== Starting Fixed Rho Trial 84 ===
Fixed,84,17545,17545,0,248,85.00

=== Starting Fixed Rho Trial 85 ===
Fixed,85,13670,13670,0,193,85.00

=== Starting Fixed Rho Trial 86 ===
Fixed,86,17193,17193,0,243,85.00

=== Starting Fixed Rho Trial 87 ===
Fixed,87,11838,11838,0,167,85.00

=== Starting Fixed Rho Trial 88 ===
Fixed,88,20221,20221,0,286,85.00

=== Starting Fixed Rho Trial 89 ===
Fixed,89,32624,32624,0,462,85.00

=== Starting Fixed Rho Trial 90 ===
Fixed,90,20220,20220,0,286,85.00

=== Starting Fixed Rho Trial 91 ===
Fixed,91,19658,19658,0,278,85.00

=== Starting Fixed Rho Trial 92 ===
Fixed,92,11204,11204,0,158,85.00

=== Starting Fixed Rho Trial 93 ===
Fixed,93,15714,15714,0,222,85.00

=== Starting Fixed Rho Trial 94 ===
Fixed,94,35230,35230,0,500,85.00

=== Starting Fixed Rho Trial 95 ===
Fixed,95,12190,12190,0,172,85.00

=== Starting Fixed Rho Trial 96 ===
Fixed,96,19587,19587,0,277,85.00

=== Starting Fixed Rho Trial 97 ===
Fixed,97,14091,14091,0,199,85.00

=== Starting Fixed Rho Trial 98 ===
Fixed,98,16839,16839,0,238,85.00

=== Starting Fixed Rho Trial 99 ===
Fixed,99,12895,12895,0,182,85.00

=== Starting Fixed Rho Trial 100 ===
Fixed,100,20222,20222,0,286,85.00

=== Starting Fixed Rho Trial 101 ===
Fixed,101,10923,10922,0,154,85.00

=== Starting Fixed Rho Trial 102 ===
Fixed,102,35157,35157,0,498,85.00

=== Starting Fixed Rho Trial 103 ===
Fixed,103,28465,28465,0,403,85.00

=== Starting Fixed Rho Trial 104 ===
Fixed,104,20010,20009,0,283,85.00

=== Starting Fixed Rho Trial 105 ===
Fixed,105,11416,11415,0,161,85.00

=== Starting Fixed Rho Trial 106 ===
Fixed,106,14374,14374,0,203,85.00

=== Starting Fixed Rho Trial 107 ===
Fixed,107,20221,20221,0,286,85.00

=== Starting Fixed Rho Trial 108 ===
Fixed,108,22830,22830,0,323,85.00

=== Starting Fixed Rho Trial 109 ===
Fixed,109,21139,21139,0,299,85.00

=== Starting Fixed Rho Trial 110 ===
Fixed,110,10288,10288,0,145,85.00

=== Starting Fixed Rho Trial 111 ===
Fixed,111,16488,16488,0,233,85.00

=== Starting Fixed Rho Trial 112 ===
Fixed,112,9513,9513,0,134,85.00

=== Starting Fixed Rho Trial 113 ===
Fixed,113,8174,8174,0,115,85.00

=== Starting Fixed Rho Trial 114 ===
Fixed,114,10780,10780,0,152,85.00

=== Starting Fixed Rho Trial 115 ===
Fixed,115,21560,21560,0,305,85.00

=== Starting Fixed Rho Trial 116 ===
Fixed,116,12331,12331,0,174,85.00

=== Starting Fixed Rho Trial 117 ===
Fixed,117,12824,12824,0,181,85.00

=== Starting Fixed Rho Trial 118 ===
Fixed,118,14234,14234,0,201,85.00

=== Starting Fixed Rho Trial 119 ===
Fixed,119,15008,15008,0,212,85.00

=== Starting Fixed Rho Trial 120 ===
Fixed,120,22616,22616,0,320,85.00

=== Starting Fixed Rho Trial 121 ===
Fixed,121,35228,35228,0,500,85.00

=== Starting Fixed Rho Trial 122 ===
Fixed,122,13176,13176,0,186,85.00

=== Starting Fixed Rho Trial 123 ===
Fixed,123,12119,12119,0,171,85.00

=== Starting Fixed Rho Trial 124 ===
Fixed,124,35228,35228,0,500,85.00

=== Starting Fixed Rho Trial 125 ===
Fixed,125,23254,23253,0,329,85.00

=== Starting Fixed Rho Trial 126 ===
Fixed,126,9372,9372,0,132,85.00

=== Starting Fixed Rho Trial 127 ===
Fixed,127,17261,17261,0,244,85.00

=== Starting Fixed Rho Trial 128 ===
Fixed,128,13388,13388,0,189,85.00

=== Starting Fixed Rho Trial 129 ===
Fixed,129,6484,6483,0,91,85.00

=== Starting Fixed Rho Trial 130 ===
Fixed,130,11697,11697,0,165,85.00

=== Starting Fixed Rho Trial 131 ===
Fixed,131,7611,7611,0,107,85.00

=== Starting Fixed Rho Trial 132 ===
Fixed,132,8667,8667,0,122,85.00

=== Starting Fixed Rho Trial 133 ===
Fixed,133,11838,11838,0,167,85.00

=== Starting Fixed Rho Trial 134 ===
Fixed,134,31351,31350,0,444,85.00

=== Starting Fixed Rho Trial 135 ===
Fixed,135,22053,22053,0,312,85.00

=== Starting Fixed Rho Trial 136 ===
Fixed,136,26559,26559,0,376,85.00

=== Starting Fixed Rho Trial 137 ===
Fixed,137,19307,19307,0,273,85.00

=== Starting Fixed Rho Trial 138 ===
Fixed,138,10993,10993,0,155,85.00

=== Starting Fixed Rho Trial 139 ===
Fixed,139,15855,15854,0,224,85.00

=== Starting Fixed Rho Trial 140 ===
Fixed,140,35230,35230,0,500,85.00

=== Starting Fixed Rho Trial 141 ===
Fixed,141,22758,22757,0,322,85.00

=== Starting Fixed Rho Trial 142 ===
Fixed,142,16559,16559,0,234,85.00

=== Starting Fixed Rho Trial 143 ===
Fixed,143,11063,11063,0,156,85.00

=== Starting Fixed Rho Trial 144 ===
Fixed,144,11697,11697,0,165,85.00

=== Starting Fixed Rho Trial 145 ===
Fixed,145,16911,16910,0,239,85.00

=== Starting Fixed Rho Trial 146 ===
Fixed,146,14374,14374,0,203,85.00

=== Starting Fixed Rho Trial 147 ===
Fixed,147,23530,23530,0,333,85.00

=== Starting Fixed Rho Trial 148 ===
Fixed,148,27056,27056,0,383,85.00

=== Starting Fixed Rho Trial 149 ===
Fixed,149,12191,12190,0,172,85.00

=== Starting Fixed Rho Trial 150 ===
Fixed,150,14867,14867,0,210,85.00

=== Starting Fixed Rho Trial 151 ===
Fixed,151,19871,19870,0,281,85.00

=== Starting Fixed Rho Trial 152 ===
Fixed,152,15149,15149,0,214,85.00

=== Starting Fixed Rho Trial 153 ===
Fixed,153,15503,15503,0,219,85.00

=== Starting Fixed Rho Trial 154 ===
Fixed,154,9372,9372,0,132,85.00

=== Starting Fixed Rho Trial 155 ===
Fixed,155,23676,23675,0,335,85.00

=== Starting Fixed Rho Trial 156 ===
Fixed,156,18040,18039,0,255,85.00

=== Starting Fixed Rho Trial 157 ===
Fixed,157,26425,26425,0,374,85.00

=== Starting Fixed Rho Trial 158 ===
Fixed,158,34316,34316,0,486,85.00

=== Starting Fixed Rho Trial 159 ===
Fixed,159,13741,13741,0,194,85.00

=== Starting Fixed Rho Trial 160 ===
Fixed,160,27338,27338,0,387,85.00

=== Starting Fixed Rho Trial 161 ===
Fixed,161,16700,16699,0,236,85.00

=== Starting Fixed Rho Trial 162 ===
Fixed,162,28955,28955,0,410,85.00

=== Starting Fixed Rho Trial 163 ===
Fixed,163,24452,24452,0,346,85.00

=== Starting Fixed Rho Trial 164 ===
Fixed,164,12613,12613,0,178,85.00

=== Starting Fixed Rho Trial 165 ===
Fixed,165,12825,12825,0,181,85.00

=== Starting Fixed Rho Trial 166 ===
Fixed,166,21489,21488,0,304,85.00

=== Starting Fixed Rho Trial 167 ===
Fixed,167,34246,34245,0,485,85.00

=== Starting Fixed Rho Trial 168 ===
Fixed,168,13458,13458,0,190,85.00

=== Starting Fixed Rho Trial 169 ===
Fixed,169,32831,32831,0,465,85.00

=== Starting Fixed Rho Trial 170 ===
Fixed,170,25013,25013,0,354,85.00

=== Starting Fixed Rho Trial 171 ===
Fixed,171,18600,18600,0,263,85.00

=== Starting Fixed Rho Trial 172 ===
Fixed,172,30932,30931,0,438,85.00

=== Starting Fixed Rho Trial 173 ===
Fixed,173,14867,14867,0,210,85.00

=== Starting Fixed Rho Trial 174 ===
Fixed,174,35230,35230,0,500,85.00

=== Starting Fixed Rho Trial 175 ===
Fixed,175,15362,15361,0,217,85.00

=== Starting Fixed Rho Trial 176 ===
Fixed,176,14093,14093,0,199,85.00

=== Starting Fixed Rho Trial 177 ===
Fixed,177,14093,14092,0,199,85.00

=== Starting Fixed Rho Trial 178 ===
Fixed,178,14233,14233,0,201,85.00

=== Starting Fixed Rho Trial 179 ===
Fixed,179,19304,19304,0,273,85.00

=== Starting Fixed Rho Trial 180 ===
Fixed,180,13177,13177,0,186,85.00

=== Starting Fixed Rho Trial 181 ===
Fixed,181,10923,10922,0,154,85.00

=== Starting Fixed Rho Trial 182 ===
Fixed,182,13599,13599,0,192,85.00

=== Starting Fixed Rho Trial 183 ===
Fixed,183,15501,15501,0,219,85.00

=== Starting Fixed Rho Trial 184 ===
Fixed,184,14022,14022,0,198,85.00

=== Starting Fixed Rho Trial 185 ===
Fixed,185,13035,13034,0,184,85.00

=== Starting Fixed Rho Trial 186 ===
Fixed,186,9513,9513,0,134,85.00

=== Starting Fixed Rho Trial 187 ===
Fixed,187,14234,14234,0,201,85.00

=== Starting Fixed Rho Trial 188 ===
Fixed,188,22971,22970,0,325,85.00

=== Starting Fixed Rho Trial 189 ===
Fixed,189,16840,16840,0,238,85.00

=== Starting Fixed Rho Trial 190 ===
Fixed,190,11275,11274,0,159,85.00

=== Starting Fixed Rho Trial 191 ===
Fixed,191,9654,9654,0,136,85.00

=== Starting Fixed Rho Trial 192 ===
Fixed,192,18250,18249,0,258,85.00

=== Starting Fixed Rho Trial 193 ===
Fixed,193,28748,28747,0,407,85.00

=== Starting Fixed Rho Trial 194 ===
Fixed,194,17897,17897,0,253,85.00

=== Starting Fixed Rho Trial 195 ===
Fixed,195,16134,16134,0,228,85.00

=== Starting Fixed Rho Trial 196 ===
Fixed,196,13388,13388,0,189,85.00

=== Starting Fixed Rho Trial 197 ===
Fixed,197,32624,32623,0,462,85.00

=== Starting Fixed Rho Trial 198 ===
Fixed,198,8809,8808,0,124,85.00

=== Starting Fixed Rho Trial 199 ===
Fixed,199,35227,35226,0,500,85.00

=== Starting Fixed Rho Trial 200 ===
Fixed,200,20928,20928,0,296,85.00

=== Starting Fixed Rho Trial 201 ===
Fixed,201,18604,18603,0,263,85.00

=== Starting Fixed Rho Trial 202 ===
Fixed,202,9371,9371,0,132,85.00

=== Starting Fixed Rho Trial 203 ===
Fixed,203,18180,18179,0,257,85.00

=== Starting Fixed Rho Trial 204 ===
Fixed,204,13176,13176,0,186,85.00

=== Starting Fixed Rho Trial 205 ===
Fixed,205,35232,35232,0,500,85.00

=== Starting Fixed Rho Trial 206 ===
Fixed,206,16206,16206,0,229,85.00

=== Starting Fixed Rho Trial 207 ===
Fixed,207,22335,22334,0,316,85.00

=== Starting Fixed Rho Trial 208 ===
Fixed,208,35228,35228,0,500,85.00

=== Starting Fixed Rho Trial 209 ===
Fixed,209,22688,22688,0,321,85.00

=== Starting Fixed Rho Trial 210 ===
Fixed,210,35231,35231,0,500,85.00

=== Starting Fixed Rho Trial 211 ===
Fixed,211,13318,13318,0,188,85.00

=== Starting Fixed Rho Trial 212 ===
Fixed,212,32836,32835,0,465,85.00

=== Starting Fixed Rho Trial 213 ===
Fixed,213,35231,35231,0,500,85.00

=== Starting Fixed Rho Trial 214 ===
Fixed,214,32062,32062,0,454,85.00

=== Starting Fixed Rho Trial 215 ===
Fixed,215,11839,11838,0,167,85.00

=== Starting Fixed Rho Trial 216 ===
Fixed,216,33750,33749,0,478,85.00

=== Starting Fixed Rho Trial 217 ===
Fixed,217,16348,16347,0,231,85.00

=== Starting Fixed Rho Trial 218 ===
Fixed,218,16911,16911,0,239,85.00

=== Starting Fixed Rho Trial 219 ===
Fixed,219,11063,11063,0,156,85.00

=== Starting Fixed Rho Trial 220 ===
Fixed,220,15925,15925,0,225,85.00

=== Starting Fixed Rho Trial 221 ===
Fixed,221,22615,22615,0,320,85.00

=== Starting Fixed Rho Trial 222 ===
Fixed,222,13316,13316,0,188,85.00

=== Starting Fixed Rho Trial 223 ===
Fixed,223,12050,12049,0,170,85.00

=== Starting Fixed Rho Trial 224 ===
Fixed,224,35228,35227,0,500,85.00

=== Starting Fixed Rho Trial 225 ===
Fixed,225,20434,20433,0,289,85.00

=== Starting Fixed Rho Trial 226 ===
Fixed,226,33329,33328,0,472,85.00

=== Starting Fixed Rho Trial 227 ===
Fixed,227,17898,17898,0,253,85.00

=== Starting Fixed Rho Trial 228 ===
Fixed,228,24380,24380,0,345,85.00

=== Starting Fixed Rho Trial 229 ===
Fixed,229,35231,35231,0,500,85.00

=== Starting Fixed Rho Trial 230 ===
Fixed,230,15219,15219,0,215,85.00

=== Starting Fixed Rho Trial 231 ===
Fixed,231,10992,10992,0,155,85.00

=== Starting Fixed Rho Trial 232 ===
Fixed,232,15290,15290,0,216,85.00

=== Starting Fixed Rho Trial 233 ===
Fixed,233,26350,26350,0,373,85.00

=== Starting Fixed Rho Trial 234 ===
Fixed,234,14233,14233,0,201,85.00

=== Starting Fixed Rho Trial 235 ===
Fixed,235,16207,16206,0,229,85.00

=== Starting Fixed Rho Trial 236 ===
Fixed,236,12120,12120,0,171,85.00

=== Starting Fixed Rho Trial 237 ===
Fixed,237,20789,20788,0,294,85.00

=== Starting Fixed Rho Trial 238 ===
Fixed,238,35228,35228,0,500,85.00

=== Starting Fixed Rho Trial 239 ===
Fixed,239,14021,14021,0,198,85.00

=== Starting Fixed Rho Trial 240 ===
Fixed,240,21630,21630,0,306,85.00

=== Starting Fixed Rho Trial 241 ===
Fixed,241,17123,17123,0,242,85.00

=== Starting Fixed Rho Trial 242 ===
Fixed,242,21843,21843,0,309,85.00

=== Starting Fixed Rho Trial 243 ===
Fixed,243,33398,33398,0,473,85.00

=== Starting Fixed Rho Trial 244 ===
Fixed,244,11626,11626,0,164,85.00

=== Starting Fixed Rho Trial 245 ===
Fixed,245,24731,24731,0,350,85.00

=== Starting Fixed Rho Trial 246 ===
Fixed,246,20012,20012,0,283,85.00

=== Starting Fixed Rho Trial 247 ===
Fixed,247,19308,19308,0,273,85.00

=== Starting Fixed Rho Trial 248 ===
Fixed,248,12049,12049,0,170,85.00

=== Starting Fixed Rho Trial 249 ===
Fixed,249,13671,13670,0,193,85.00

=== Starting Fixed Rho Trial 250 ===
Fixed,250,17476,17475,0,247,85.00

=== Starting Fixed Rho Trial 251 ===
Fixed,251,33184,33184,0,470,85.00

=== Starting Fixed Rho Trial 252 ===
Fixed,252,11275,11274,0,159,85.00

=== Starting Fixed Rho Trial 253 ===
Fixed,253,9443,9443,0,133,85.00

=== Starting Fixed Rho Trial 254 ===
Fixed,254,9444,9443,0,133,85.00

=== Starting Fixed Rho Trial 255 ===
Fixed,255,20080,20079,0,284,85.00

=== Starting Fixed Rho Trial 256 ===
Fixed,256,29101,29101,0,412,85.00

=== Starting Fixed Rho Trial 257 ===
Fixed,257,18814,18813,0,266,85.00

=== Starting Fixed Rho Trial 258 ===
Fixed,258,8809,8808,0,124,85.00

=== Starting Fixed Rho Trial 259 ===
Fixed,259,10922,10922,0,154,85.00

=== Starting Fixed Rho Trial 260 ===
Fixed,260,8667,8667,0,122,85.00

=== Starting Fixed Rho Trial 261 ===
Fixed,261,9866,9865,0,139,85.00

=== Starting Fixed Rho Trial 262 ===
Fixed,262,18180,18179,0,257,85.00

=== Starting Fixed Rho Trial 263 ===
Fixed,263,14515,14515,0,205,85.00

=== Starting Fixed Rho Trial 264 ===
Fixed,264,12894,12894,0,182,85.00

=== Starting Fixed Rho Trial 265 ===
Fixed,265,19238,19237,0,272,85.00

=== Starting Fixed Rho Trial 266 ===
Fixed,266,19657,19656,0,278,85.00

=== Starting Fixed Rho Trial 267 ===
Fixed,267,14586,14585,0,206,85.00

=== Starting Fixed Rho Trial 268 ===
Fixed,268,20785,20785,0,294,85.00

=== Starting Fixed Rho Trial 269 ===
Fixed,269,9019,9019,0,127,85.00

=== Starting Fixed Rho Trial 270 ===
Fixed,270,35232,35232,0,500,85.00

=== Starting Fixed Rho Trial 271 ===
Fixed,271,20926,20926,0,296,85.00

=== Starting Fixed Rho Trial 272 ===
Fixed,272,35233,35232,0,500,85.00

=== Starting Fixed Rho Trial 273 ===
Fixed,273,9231,9231,0,130,85.00

=== Starting Fixed Rho Trial 274 ===
Fixed,274,24450,24450,0,346,85.00

=== Starting Fixed Rho Trial 275 ===
Fixed,275,34735,34735,0,492,85.00

=== Starting Fixed Rho Trial 276 ===
Fixed,276,34033,34032,0,482,85.00

=== Starting Fixed Rho Trial 277 ===
Fixed,277,13388,13388,0,189,85.00

=== Starting Fixed Rho Trial 278 ===
Fixed,278,35230,35230,0,500,85.00

=== Starting Fixed Rho Trial 279 ===
Fixed,279,11204,11204,0,158,85.00

=== Starting Fixed Rho Trial 280 ===
Fixed,280,15149,15148,0,214,85.00

=== Starting Fixed Rho Trial 281 ===
Fixed,281,22476,22476,0,318,85.00

=== Starting Fixed Rho Trial 282 ===
Fixed,282,34734,34734,0,492,85.00

=== Starting Fixed Rho Trial 283 ===
Fixed,283,10851,10851,0,153,85.00

=== Starting Fixed Rho Trial 284 ===
Fixed,284,27339,27339,0,387,85.00

=== Starting Fixed Rho Trial 285 ===
Fixed,285,22265,22264,0,315,85.00

=== Starting Fixed Rho Trial 286 ===
Fixed,286,20152,20152,0,285,85.00

=== Starting Fixed Rho Trial 287 ===
Fixed,287,35230,35229,0,500,85.00

=== Starting Fixed Rho Trial 288 ===
Fixed,288,35233,35232,0,500,85.00

=== Starting Fixed Rho Trial 289 ===
Fixed,289,15642,15641,0,221,85.00

=== Starting Fixed Rho Trial 290 ===
Fixed,290,35232,35232,0,500,85.00

=== Starting Fixed Rho Trial 291 ===
Fixed,291,16771,16770,0,237,85.00

=== Starting Fixed Rho Trial 292 ===
Fixed,292,14162,14162,0,200,85.00

=== Starting Fixed Rho Trial 293 ===
Fixed,293,27901,27900,0,395,85.00

=== Starting Fixed Rho Trial 294 ===
Fixed,294,35230,35229,0,500,85.00

=== Starting Fixed Rho Trial 295 ===
Fixed,295,12049,12049,0,170,85.00

=== Starting Fixed Rho Trial 296 ===
Fixed,296,13249,13248,0,187,85.00

=== Starting Fixed Rho Trial 297 ===
Fixed,297,20576,20575,0,291,85.00

=== Starting Fixed Rho Trial 298 ===
Fixed,298,35226,35226,0,500,85.00

=== Starting Fixed Rho Trial 299 ===
Fixed,299,19448,19447,0,275,85.00

=== Starting Fixed Rho Trial 300 ===
Fixed,300,13247,13247,0,187,85.00

=== Starting Fixed Rho Trial 301 ===
Fixed,301,8033,8033,0,113,85.00

=== Starting Fixed Rho Trial 302 ===
Fixed,302,31705,31705,0,449,85.00

=== Starting Fixed Rho Trial 303 ===
Fixed,303,26985,26985,0,382,85.00

=== Starting Fixed Rho Trial 304 ===
Fixed,304,35229,35229,0,500,85.00

=== Starting Fixed Rho Trial 305 ===
Fixed,305,13458,13458,0,190,85.00

=== Starting Fixed Rho Trial 306 ===
Fixed,306,15431,15431,0,218,85.00

=== Starting Fixed Rho Trial 307 ===
Fixed,307,35229,35229,0,500,85.00

=== Starting Fixed Rho Trial 308 ===
Fixed,308,35229,35229,0,500,85.00

=== Starting Fixed Rho Trial 309 ===
Fixed,309,25366,25366,0,359,85.00

=== Starting Fixed Rho Trial 310 ===
Fixed,310,9725,9724,0,137,85.00

=== Starting Fixed Rho Trial 311 ===
Fixed,311,10640,10640,0,150,85.00

=== Starting Fixed Rho Trial 312 ===
Fixed,312,13739,13739,0,194,85.00

=== Starting Fixed Rho Trial 313 ===
Fixed,313,21560,21560,0,305,85.00

=== Starting Fixed Rho Trial 314 ===
Fixed,314,15714,15713,0,222,85.00

=== Starting Fixed Rho Trial 315 ===
Fixed,315,27901,27900,0,395,85.00

=== Starting Fixed Rho Trial 316 ===
Fixed,316,10289,10288,0,145,85.00

=== Starting Fixed Rho Trial 317 ===
Fixed,317,10219,10218,0,144,85.00

=== Starting Fixed Rho Trial 318 ===
Fixed,318,7469,7468,0,105,85.00

=== Starting Fixed Rho Trial 319 ===
Fixed,319,10360,10359,0,146,85.00

=== Starting Fixed Rho Trial 320 ===
Fixed,320,12682,12682,0,179,85.00

=== Starting Fixed Rho Trial 321 ===
Fixed,321,35229,35229,0,500,85.00

=== Starting Fixed Rho Trial 322 ===
Fixed,322,11697,11697,0,165,85.00

=== Starting Fixed Rho Trial 323 ===
Fixed,323,9655,9654,0,136,85.00

=== Starting Fixed Rho Trial 324 ===
Fixed,324,14022,14022,0,198,85.00

=== Starting Fixed Rho Trial 325 ===
Fixed,325,8597,8597,0,121,85.00

=== Starting Fixed Rho Trial 326 ===
Fixed,326,13459,13459,0,190,85.00

=== Starting Fixed Rho Trial 327 ===
Fixed,327,23957,23956,0,339,85.00

=== Starting Fixed Rho Trial 328 ===
Fixed,328,11203,11203,0,158,85.00

=== Starting Fixed Rho Trial 329 ===
Fixed,329,12189,12189,0,172,85.00

=== Starting Fixed Rho Trial 330 ===
Fixed,330,9372,9372,0,132,85.00

=== Starting Fixed Rho Trial 331 ===
Fixed,331,12402,12402,0,175,85.00

=== Starting Fixed Rho Trial 332 ===
Fixed,332,9019,9019,0,127,85.00

=== Starting Fixed Rho Trial 333 ===
Fixed,333,14304,14304,0,202,85.00

=== Starting Fixed Rho Trial 334 ===
Fixed,334,11627,11626,0,164,85.00

=== Starting Fixed Rho Trial 335 ===
Fixed,335,14303,14303,0,202,85.00

=== Starting Fixed Rho Trial 336 ===
Fixed,336,25643,25643,0,363,85.00

=== Starting Fixed Rho Trial 337 ===
Fixed,337,18463,18462,0,261,85.00

=== Starting Fixed Rho Trial 338 ===
Fixed,338,28814,28814,0,408,85.00

=== Starting Fixed Rho Trial 339 ===
Fixed,339,10357,10357,0,146,85.00

=== Starting Fixed Rho Trial 340 ===
Fixed,340,35225,35225,0,500,85.00

=== Starting Fixed Rho Trial 341 ===
Fixed,341,31495,31495,0,446,85.00

=== Starting Fixed Rho Trial 342 ===
Fixed,342,12120,12120,0,171,85.00

=== Starting Fixed Rho Trial 343 ===
Fixed,343,15785,15784,0,223,85.00

=== Starting Fixed Rho Trial 344 ===
Fixed,344,23535,23534,0,333,85.00

=== Starting Fixed Rho Trial 345 ===
Fixed,345,10217,10217,0,144,85.00

=== Starting Fixed Rho Trial 346 ===
Fixed,346,13881,13881,0,196,85.00

=== Starting Fixed Rho Trial 347 ===
Fixed,347,12191,12190,0,172,85.00

=== Starting Fixed Rho Trial 348 ===
Fixed,348,30228,30227,0,428,85.00

=== Starting Fixed Rho Trial 349 ===
Fixed,349,9090,9090,0,128,85.00

=== Starting Fixed Rho Trial 350 ===
Fixed,350,11627,11627,0,164,85.00

=== Starting Fixed Rho Trial 351 ===
Fixed,351,24169,24169,0,342,85.00

=== Starting Fixed Rho Trial 352 ===
Fixed,352,10922,10922,0,154,85.00

=== Starting Fixed Rho Trial 353 ===
Fixed,353,14656,14656,0,207,85.00

=== Starting Fixed Rho Trial 354 ===
Fixed,354,18814,18813,0,266,85.00

=== Starting Fixed Rho Trial 355 ===
Fixed,355,11909,11909,0,168,85.00

=== Starting Fixed Rho Trial 356 ===
Fixed,356,16983,16982,0,240,85.00

=== Starting Fixed Rho Trial 357 ===
Fixed,357,24872,24872,0,352,85.00

=== Starting Fixed Rho Trial 358 ===
Fixed,358,24380,24379,0,345,85.00

=== Starting Fixed Rho Trial 359 ===
Fixed,359,9937,9936,0,140,85.00

=== Starting Fixed Rho Trial 360 ===
Fixed,360,20081,20080,0,284,85.00

=== Starting Fixed Rho Trial 361 ===
Fixed,361,16065,16065,0,227,85.00

=== Starting Fixed Rho Trial 362 ===
Fixed,362,9654,9654,0,136,85.00

=== Starting Fixed Rho Trial 363 ===
Fixed,363,13529,13529,0,191,85.00

=== Starting Fixed Rho Trial 364 ===
Fixed,364,15783,15782,0,223,85.00

=== Starting Fixed Rho Trial 365 ===
Fixed,365,30931,30931,0,438,85.00

=== Starting Fixed Rho Trial 366 ===
Fixed,366,33679,33678,0,477,85.00

=== Starting Fixed Rho Trial 367 ===
Fixed,367,14022,14022,0,198,85.00

=== Starting Fixed Rho Trial 368 ===
Fixed,368,19939,19938,0,282,85.00

=== Starting Fixed Rho Trial 369 ===
Fixed,369,19377,19377,0,274,85.00

=== Starting Fixed Rho Trial 370 ===
Fixed,370,11064,11063,0,156,85.00

=== Starting Fixed Rho Trial 371 ===
Fixed,371,22407,22407,0,317,85.00

=== Starting Fixed Rho Trial 372 ===
Fixed,372,17827,17827,0,252,85.00

=== Starting Fixed Rho Trial 373 ===
Fixed,373,18953,18952,0,268,85.00

=== Starting Fixed Rho Trial 374 ===
Fixed,374,32338,32338,0,458,85.00

=== Starting Fixed Rho Trial 375 ===
Fixed,375,19379,19378,0,274,85.00

=== Starting Fixed Rho Trial 376 ===
Fixed,376,13810,13810,0,195,85.00

=== Starting Fixed Rho Trial 377 ===
Fixed,377,10711,10711,0,151,85.00

=== Starting Fixed Rho Trial 378 ===
Fixed,378,16629,16628,0,235,85.00

=== Starting Fixed Rho Trial 379 ===
Fixed,379,10850,10850,0,153,85.00

=== Starting Fixed Rho Trial 380 ===
Fixed,380,7540,7540,0,106,85.00

=== Starting Fixed Rho Trial 381 ===
Fixed,381,11344,11344,0,160,85.00

=== Starting Fixed Rho Trial 382 ===
Fixed,382,31355,31355,0,444,85.00

=== Starting Fixed Rho Trial 383 ===
Fixed,383,9654,9654,0,136,85.00

=== Starting Fixed Rho Trial 384 ===
Fixed,384,11275,11274,0,159,85.00

=== Starting Fixed Rho Trial 385 ===
Fixed,385,22126,22125,0,313,85.00

=== Starting Fixed Rho Trial 386 ===
Fixed,386,35230,35229,0,500,85.00

=== Starting Fixed Rho Trial 387 ===
Fixed,387,15572,15572,0,220,85.00

=== Starting Fixed Rho Trial 388 ===
Fixed,388,8879,8879,0,125,85.00

=== Starting Fixed Rho Trial 389 ===
Fixed,389,10994,10993,0,155,85.00

=== Starting Fixed Rho Trial 390 ===
Fixed,390,9091,9090,0,128,85.00

=== Starting Fixed Rho Trial 391 ===
Fixed,391,20647,20646,0,292,85.00

=== Starting Fixed Rho Trial 392 ===
Fixed,392,18744,18743,0,265,85.00

=== Starting Fixed Rho Trial 393 ===
Fixed,393,8526,8526,0,120,85.00

=== Starting Fixed Rho Trial 394 ===
Fixed,394,16419,16418,0,232,85.00

=== Starting Fixed Rho Trial 395 ===
Fixed,395,17755,17755,0,251,85.00

=== Starting Fixed Rho Trial 396 ===
Fixed,396,16136,16136,0,228,85.00

=== Starting Fixed Rho Trial 397 ===
Fixed,397,14796,14796,0,209,85.00

=== Starting Fixed Rho Trial 398 ===
Fixed,398,32338,32338,0,458,85.00

=== Starting Fixed Rho Trial 399 ===
Fixed,399,13177,13176,0,186,85.00

=== Starting Fixed Rho Trial 400 ===
Fixed,400,16277,16276,0,230,85.00

=== Starting Fixed Rho Trial 401 ===
Fixed,401,35230,35230,0,500,85.00

=== Starting Fixed Rho Trial 402 ===
Fixed,402,26494,26493,0,375,85.00

=== Starting Fixed Rho Trial 403 ===
Fixed,403,22263,22263,0,315,85.00

=== Starting Fixed Rho Trial 404 ===
Fixed,404,34171,34171,0,484,85.00

=== Starting Fixed Rho Trial 405 ===
Fixed,405,11907,11907,0,168,85.00

=== Starting Fixed Rho Trial 406 ===
Fixed,406,10782,10782,0,152,85.00

=== Starting Fixed Rho Trial 407 ===
Fixed,407,11909,11909,0,168,85.00

=== Starting Fixed Rho Trial 408 ===
Fixed,408,11416,11415,0,161,85.00

=== Starting Fixed Rho Trial 409 ===
Fixed,409,13670,13670,0,193,85.00

=== Starting Fixed Rho Trial 410 ===
Fixed,410,35226,35226,0,500,85.00

=== Starting Fixed Rho Trial 411 ===
Fixed,411,27693,27692,0,392,85.00

=== Starting Fixed Rho Trial 412 ===
Fixed,412,14868,14868,0,210,85.00

=== Starting Fixed Rho Trial 413 ===
Fixed,413,15361,15361,0,217,85.00

=== Starting Fixed Rho Trial 414 ===
Fixed,414,14446,14445,0,204,85.00

=== Starting Fixed Rho Trial 415 ===
Fixed,415,35231,35231,0,500,85.00

=== Starting Fixed Rho Trial 416 ===
Fixed,416,35229,35228,0,500,85.00

=== Starting Fixed Rho Trial 417 ===
Fixed,417,11627,11627,0,164,85.00

=== Starting Fixed Rho Trial 418 ===
Fixed,418,24942,24941,0,353,85.00

=== Starting Fixed Rho Trial 419 ===
Fixed,419,22898,22898,0,324,85.00

=== Starting Fixed Rho Trial 420 ===
Fixed,420,30227,30227,0,428,85.00

=== Starting Fixed Rho Trial 421 ===
Fixed,421,22548,22548,0,319,85.00

=== Starting Fixed Rho Trial 422 ===
Fixed,422,27970,27970,0,396,85.00

=== Starting Fixed Rho Trial 423 ===
Fixed,423,17402,17402,0,246,85.00

=== Starting Fixed Rho Trial 424 ===
Fixed,424,9796,9795,0,138,85.00

=== Starting Fixed Rho Trial 425 ===
Fixed,425,18531,18531,0,262,85.00

=== Starting Fixed Rho Trial 426 ===
Fixed,426,10077,10076,0,142,85.00

=== Starting Fixed Rho Trial 427 ===
Fixed,427,14798,14798,0,209,85.00

=== Starting Fixed Rho Trial 428 ===
Fixed,428,20223,20223,0,286,85.00

=== Starting Fixed Rho Trial 429 ===
Fixed,429,11485,11485,0,162,85.00

=== Starting Fixed Rho Trial 430 ===
Fixed,430,17898,17898,0,253,85.00

=== Starting Fixed Rho Trial 431 ===
Fixed,431,15713,15712,0,222,85.00

=== Starting Fixed Rho Trial 432 ===
Fixed,432,35229,35229,0,500,85.00

=== Starting Fixed Rho Trial 433 ===
Fixed,433,9302,9302,0,131,85.00

=== Starting Fixed Rho Trial 434 ===
Fixed,434,9090,9090,0,128,85.00

=== Starting Fixed Rho Trial 435 ===
Fixed,435,17757,17756,0,251,85.00

=== Starting Fixed Rho Trial 436 ===
Fixed,436,13599,13599,0,192,85.00

=== Starting Fixed Rho Trial 437 ===
Fixed,437,9865,9865,0,139,85.00

=== Starting Fixed Rho Trial 438 ===
Fixed,438,11204,11204,0,158,85.00

=== Starting Fixed Rho Trial 439 ===
Fixed,439,16911,16911,0,239,85.00

=== Starting Fixed Rho Trial 440 ===
Fixed,440,13670,13670,0,193,85.00

=== Starting Fixed Rho Trial 441 ===
Fixed,441,12331,12331,0,174,85.00

=== Starting Fixed Rho Trial 442 ===
Fixed,442,8879,8879,0,125,85.00

=== Starting Fixed Rho Trial 443 ===
Fixed,443,9655,9654,0,136,85.00

=== Starting Fixed Rho Trial 444 ===
Fixed,444,12473,12473,0,176,85.00

=== Starting Fixed Rho Trial 445 ===
Fixed,445,9795,9795,0,138,85.00

=== Starting Fixed Rho Trial 446 ===
Fixed,446,16841,16841,0,238,85.00

=== Starting Fixed Rho Trial 447 ===
Fixed,447,35230,35230,0,500,85.00

=== Starting Fixed Rho Trial 448 ===
Fixed,448,9865,9865,0,139,85.00

=== Starting Fixed Rho Trial 449 ===
Fixed,449,9865,9865,0,139,85.00

=== Starting Fixed Rho Trial 450 ===
Fixed,450,20997,20997,0,297,85.00

=== Starting Fixed Rho Trial 451 ===
Fixed,451,21631,21631,0,306,85.00

=== Starting Fixed Rho Trial 452 ===
Fixed,452,35227,35227,0,500,85.00

=== Starting Fixed Rho Trial 453 ===
Fixed,453,16347,16346,0,231,85.00

=== Starting Fixed Rho Trial 454 ===
Fixed,454,11205,11204,0,158,85.00

=== Starting Fixed Rho Trial 455 ===
Fixed,455,18319,18319,0,259,85.00

=== Starting Fixed Rho Trial 456 ===
Fixed,456,21139,21139,0,299,85.00

=== Starting Fixed Rho Trial 457 ===
Fixed,457,12966,12966,0,183,85.00

=== Starting Fixed Rho Trial 458 ===
Fixed,458,11697,11696,0,165,85.00

=== Starting Fixed Rho Trial 459 ===
Fixed,459,10499,10499,0,148,85.00

=== Starting Fixed Rho Trial 460 ===
Fixed,460,19871,19870,0,281,85.00

=== Starting Fixed Rho Trial 461 ===
Fixed,461,11134,11133,0,157,85.00

=== Starting Fixed Rho Trial 462 ===
Fixed,462,28537,28536,0,404,85.00

=== Starting Fixed Rho Trial 463 ===
Fixed,463,16063,16063,0,227,85.00

=== Starting Fixed Rho Trial 464 ===
Fixed,464,25719,25719,0,364,85.00

=== Starting Fixed Rho Trial 465 ===
Fixed,465,14445,14445,0,204,85.00

=== Starting Fixed Rho Trial 466 ===
Fixed,466,12261,12261,0,173,85.00

=== Starting Fixed Rho Trial 467 ===
Fixed,467,10923,10922,0,154,85.00

=== Starting Fixed Rho Trial 468 ===
Fixed,468,11203,11203,0,158,85.00

=== Starting Fixed Rho Trial 469 ===
Fixed,469,10077,10076,0,142,85.00

=== Starting Fixed Rho Trial 470 ===
Fixed,470,10993,10993,0,155,85.00

=== Starting Fixed Rho Trial 471 ===
Fixed,471,12614,12613,0,178,85.00

=== Starting Fixed Rho Trial 472 ===
Fixed,472,13317,13317,0,188,85.00

=== Starting Fixed Rho Trial 473 ===
Fixed,473,27408,27408,0,388,85.00

=== Starting Fixed Rho Trial 474 ===
Fixed,474,13810,13810,0,195,85.00

=== Starting Fixed Rho Trial 475 ===
Fixed,475,12684,12684,0,179,85.00

=== Starting Fixed Rho Trial 476 ===
Fixed,476,16701,16700,0,236,85.00

=== Starting Fixed Rho Trial 477 ===
Fixed,477,35229,35229,0,500,85.00

=== Starting Fixed Rho Trial 478 ===
Fixed,478,35227,35227,0,500,85.00

=== Starting Fixed Rho Trial 479 ===
Fixed,479,18533,18533,0,262,85.00

=== Starting Fixed Rho Trial 480 ===
Fixed,480,23319,23319,0,330,85.00

=== Starting Fixed Rho Trial 481 ===
Fixed,481,28677,28677,0,406,85.00

=== Starting Fixed Rho Trial 482 ===
Fixed,482,11556,11556,0,163,85.00

=== Starting Fixed Rho Trial 483 ===
Fixed,483,13388,13387,0,189,85.00

=== Starting Fixed Rho Trial 484 ===
Fixed,484,10219,10218,0,144,85.00

=== Starting Fixed Rho Trial 485 ===
Fixed,485,10923,10922,0,154,85.00

=== Starting Fixed Rho Trial 486 ===
Fixed,486,21703,21703,0,307,85.00

=== Starting Fixed Rho Trial 487 ===
Fixed,487,19589,19588,0,277,85.00

=== Starting Fixed Rho Trial 488 ===
Fixed,488,34169,34168,0,484,85.00

=== Starting Fixed Rho Trial 489 ===
Fixed,489,35231,35230,0,500,85.00

=== Starting Fixed Rho Trial 490 ===
Fixed,490,35228,35227,0,500,85.00

=== Starting Fixed Rho Trial 491 ===
Fixed,491,10852,10851,0,153,85.00

=== Starting Fixed Rho Trial 492 ===
Fixed,492,24942,24941,0,353,85.00

=== Starting Fixed Rho Trial 493 ===
Fixed,493,8597,8597,0,121,85.00

=== Starting Fixed Rho Trial 494 ===
Fixed,494,26422,26422,0,374,85.00

=== Starting Fixed Rho Trial 495 ===
Fixed,495,28887,28887,0,409,85.00

=== Starting Fixed Rho Trial 496 ===
Fixed,496,23320,23320,0,330,85.00

=== Starting Fixed Rho Trial 497 ===
Fixed,497,31638,31637,0,448,85.00

=== Starting Fixed Rho Trial 498 ===
Fixed,498,13951,13951,0,197,85.00

=== Starting Fixed Rho Trial 499 ===
Fixed,499,19167,19166,0,271,85.00

=== Starting Fixed Rho Trial 500 ===
Fixed,500,12402,12401,0,175,85.00

=== Starting Fixed Rho Trial 501 ===
Fixed,501,15923,15922,0,225,85.00

=== Starting Fixed Rho Trial 502 ===
Fixed,502,21281,21280,0,301,85.00

=== Starting Fixed Rho Trial 503 ===
Fixed,503,19587,19587,0,277,85.00

=== Starting Fixed Rho Trial 504 ===
Fixed,504,9795,9794,0,138,85.00

=== Starting Fixed Rho Trial 505 ===
Fixed,505,13107,13107,0,185,85.00

=== Starting Fixed Rho Trial 506 ===
Fixed,506,18885,18884,0,267,85.00

=== Starting Fixed Rho Trial 507 ===
Fixed,507,26071,26071,0,369,85.00

=== Starting Fixed Rho Trial 508 ===
Fixed,508,14304,14304,0,202,85.00

=== Starting Fixed Rho Trial 509 ===
Fixed,509,9796,9795,0,138,85.00

=== Starting Fixed Rho Trial 510 ===
Fixed,510,16417,16416,0,232,85.00

=== Starting Fixed Rho Trial 511 ===
Fixed,511,33043,33043,0,468,85.00

=== Starting Fixed Rho Trial 512 ===
Fixed,512,33888,33888,0,480,85.00

=== Starting Fixed Rho Trial 513 ===
Fixed,513,17827,17826,0,252,85.00

=== Starting Fixed Rho Trial 514 ===
Fixed,514,35229,35228,0,500,85.00

=== Starting Fixed Rho Trial 515 ===
Fixed,515,35227,35227,0,500,85.00

=== Starting Fixed Rho Trial 516 ===
Fixed,516,12474,12473,0,176,85.00

=== Starting Fixed Rho Trial 517 ===
Fixed,517,35231,35231,0,500,85.00

=== Starting Fixed Rho Trial 518 ===
Fixed,518,25156,25156,0,356,85.00

=== Starting Fixed Rho Trial 519 ===
Fixed,519,35228,35228,0,500,85.00

=== Starting Fixed Rho Trial 520 ===
Fixed,520,9724,9724,0,137,85.00

=== Starting Fixed Rho Trial 521 ===
Fixed,521,17617,17616,0,249,85.00

=== Starting Fixed Rho Trial 522 ===
Fixed,522,12965,12965,0,183,85.00

=== Starting Fixed Rho Trial 523 ===
Fixed,523,10218,10218,0,144,85.00

=== Starting Fixed Rho Trial 524 ===
Fixed,524,10640,10640,0,150,85.00

=== Starting Fixed Rho Trial 525 ===
Fixed,525,32201,32200,0,456,85.00

=== Starting Fixed Rho Trial 526 ===
Fixed,526,17968,17968,0,254,85.00

=== Starting Fixed Rho Trial 527 ===
Fixed,527,19659,19658,0,278,85.00

=== Starting Fixed Rho Trial 528 ===
Fixed,528,25857,25857,0,366,85.00

=== Starting Fixed Rho Trial 529 ===
Fixed,529,8386,8385,0,118,85.00

=== Starting Fixed Rho Trial 530 ===
Fixed,530,11909,11908,0,168,85.00

=== Starting Fixed Rho Trial 531 ===
Fixed,531,16910,16910,0,239,85.00

=== Starting Fixed Rho Trial 532 ===
Fixed,532,9584,9583,0,135,85.00

=== Starting Fixed Rho Trial 533 ===
Fixed,533,15222,15221,0,215,85.00

=== Starting Fixed Rho Trial 534 ===
Fixed,534,27762,27762,0,393,85.00

=== Starting Fixed Rho Trial 535 ===
Fixed,535,21421,21421,0,303,85.00

=== Starting Fixed Rho Trial 536 ===
Fixed,536,16700,16699,0,236,85.00

=== Starting Fixed Rho Trial 537 ===
Fixed,537,30788,30788,0,436,85.00

=== Starting Fixed Rho Trial 538 ===
Fixed,538,22196,22196,0,314,85.00

=== Starting Fixed Rho Trial 539 ===
Fixed,539,20645,20645,0,292,85.00

=== Starting Fixed Rho Trial 540 ===
Fixed,540,12403,12402,0,175,85.00

=== Starting Fixed Rho Trial 541 ===
Fixed,541,7682,7681,0,108,85.00

=== Starting Fixed Rho Trial 542 ===
Fixed,542,35227,35226,0,500,85.00

=== Starting Fixed Rho Trial 543 ===
Fixed,543,17335,17334,0,245,85.00

=== Starting Fixed Rho Trial 544 ===
Fixed,544,7892,7892,0,111,85.00

=== Starting Fixed Rho Trial 545 ===
Fixed,545,7118,7117,0,100,85.00

=== Starting Fixed Rho Trial 546 ===
Fixed,546,19447,19447,0,275,85.00

=== Starting Fixed Rho Trial 547 ===
Fixed,547,11838,11838,0,167,85.00

=== Starting Fixed Rho Trial 548 ===
Fixed,548,25365,25365,0,359,85.00

=== Starting Fixed Rho Trial 549 ===
Fixed,549,15361,15360,0,217,85.00

=== Starting Fixed Rho Trial 550 ===
Fixed,550,35230,35230,0,500,85.00

=== Starting Fixed Rho Trial 551 ===
Fixed,551,11557,11556,0,163,85.00

=== Starting Fixed Rho Trial 552 ===
Fixed,552,21984,21984,0,311,85.00

=== Starting Fixed Rho Trial 553 ===
Fixed,553,29312,29312,0,415,85.00

=== Starting Fixed Rho Trial 554 ===
Fixed,554,25719,25719,0,364,85.00

=== Starting Fixed Rho Trial 555 ===
Fixed,555,13882,13881,0,196,85.00

=== Starting Fixed Rho Trial 556 ===
Fixed,556,35230,35230,0,500,85.00

=== Starting Fixed Rho Trial 557 ===
Fixed,557,18813,18813,0,266,85.00

=== Starting Fixed Rho Trial 558 ===
Fixed,558,13388,13388,0,189,85.00

=== Starting Fixed Rho Trial 559 ===
Fixed,559,17616,17616,0,249,85.00

=== Starting Fixed Rho Trial 560 ===
Fixed,560,19446,19446,0,275,85.00

=== Starting Fixed Rho Trial 561 ===
Fixed,561,17124,17123,0,242,85.00

=== Starting Fixed Rho Trial 562 ===
Fixed,562,35231,35231,0,500,85.00

=== Starting Fixed Rho Trial 563 ===
Fixed,563,24238,24238,0,343,85.00

=== Starting Fixed Rho Trial 564 ===
Fixed,564,28535,28535,0,404,85.00

=== Starting Fixed Rho Trial 565 ===
Fixed,565,13529,13529,0,191,85.00

=== Starting Fixed Rho Trial 566 ===
Fixed,566,35230,35230,0,500,85.00

=== Starting Fixed Rho Trial 567 ===
Fixed,567,14233,14233,0,201,85.00

=== Starting Fixed Rho Trial 568 ===
Fixed,568,13459,13458,0,190,85.00

=== Starting Fixed Rho Trial 569 ===
Fixed,569,13036,13035,0,184,85.00

=== Starting Fixed Rho Trial 570 ===
Fixed,570,33752,33751,0,478,85.00

=== Starting Fixed Rho Trial 571 ===
Fixed,571,19095,19094,0,270,85.00

=== Starting Fixed Rho Trial 572 ===
Fixed,572,27902,27901,0,395,85.00

=== Starting Fixed Rho Trial 573 ===
Fixed,573,16771,16770,0,237,85.00

=== Starting Fixed Rho Trial 574 ===
Fixed,574,17967,17967,0,254,85.00

=== Starting Fixed Rho Trial 575 ===
Fixed,575,10006,10006,0,141,85.00

=== Starting Fixed Rho Trial 576 ===
Fixed,576,35232,35232,0,500,85.00

=== Starting Fixed Rho Trial 577 ===
Fixed,577,27906,27905,0,395,85.00

=== Starting Fixed Rho Trial 578 ===
Fixed,578,15009,15008,0,212,85.00

=== Starting Fixed Rho Trial 579 ===
Fixed,579,35232,35232,0,500,85.00

=== Starting Fixed Rho Trial 580 ===
Fixed,580,11979,11979,0,169,85.00

=== Starting Fixed Rho Trial 581 ===
Fixed,581,13950,13950,0,197,85.00

=== Starting Fixed Rho Trial 582 ===
Fixed,582,26633,26633,0,377,85.00

=== Starting Fixed Rho Trial 583 ===
Fixed,583,11345,11345,0,160,85.00

=== Starting Fixed Rho Trial 584 ===
Fixed,584,26209,26208,0,371,85.00

=== Starting Fixed Rho Trial 585 ===
Fixed,585,25996,25995,0,368,85.00

=== Starting Fixed Rho Trial 586 ===
Fixed,586,18320,18320,0,259,85.00

=== Starting Fixed Rho Trial 587 ===
Fixed,587,21279,21279,0,301,85.00

=== Starting Fixed Rho Trial 588 ===
Fixed,588,33751,33751,0,478,85.00

=== Starting Fixed Rho Trial 589 ===
Fixed,589,16557,16557,0,234,85.00

=== Starting Fixed Rho Trial 590 ===
Fixed,590,22193,22193,0,314,85.00

=== Starting Fixed Rho Trial 591 ===
Fixed,591,14092,14092,0,199,85.00

=== Starting Fixed Rho Trial 592 ===
Fixed,592,12471,12471,0,176,85.00

=== Starting Fixed Rho Trial 593 ===
Fixed,593,14656,14656,0,207,85.00

=== Starting Fixed Rho Trial 594 ===
Fixed,594,11132,11132,0,157,85.00

=== Starting Fixed Rho Trial 595 ===
Fixed,595,22900,22900,0,324,85.00

=== Starting Fixed Rho Trial 596 ===
Fixed,596,14657,14656,0,207,85.00

=== Starting Fixed Rho Trial 597 ===
Fixed,597,16628,16628,0,235,85.00

=== Starting Fixed Rho Trial 598 ===
Fixed,598,11768,11768,0,166,85.00

=== Starting Fixed Rho Trial 599 ===
Fixed,599,14727,14726,0,208,85.00

=== Starting Fixed Rho Trial 600 ===
Fixed,600,13036,13036,0,184,85.00

=== Starting Fixed Rho Trial 601 ===
Fixed,601,26985,26984,0,382,85.00

=== Starting Fixed Rho Trial 602 ===
Fixed,602,13671,13670,0,193,85.00

=== Starting Fixed Rho Trial 603 ===
Fixed,603,20646,20646,0,292,85.00

=== Starting Fixed Rho Trial 604 ===
Fixed,604,25156,25155,0,356,85.00

=== Starting Fixed Rho Trial 605 ===
Fixed,605,13317,13317,0,188,85.00

=== Starting Fixed Rho Trial 606 ===
Fixed,606,28674,28674,0,406,85.00

=== Starting Fixed Rho Trial 607 ===
Fixed,607,22828,22828,0,323,85.00

=== Starting Fixed Rho Trial 608 ===
Fixed,608,17545,17544,0,248,85.00

=== Starting Fixed Rho Trial 609 ===
Fixed,609,15572,15572,0,220,85.00

=== Starting Fixed Rho Trial 610 ===
Fixed,610,10148,10147,0,143,85.00

=== Starting Fixed Rho Trial 611 ===
Fixed,611,15783,15783,0,223,85.00

=== Starting Fixed Rho Trial 612 ===
Fixed,612,27057,27057,0,383,85.00

=== Starting Fixed Rho Trial 613 ===
Fixed,613,15149,15149,0,214,85.00

=== Starting Fixed Rho Trial 614 ===
Fixed,614,26634,26633,0,377,85.00

=== Starting Fixed Rho Trial 615 ===
Fixed,615,9161,9161,0,129,85.00

=== Starting Fixed Rho Trial 616 ===
Fixed,616,35226,35225,0,500,85.00

=== Starting Fixed Rho Trial 617 ===
Fixed,617,19589,19588,0,277,85.00

=== Starting Fixed Rho Trial 618 ===
Fixed,618,13599,13599,0,192,85.00

=== Starting Fixed Rho Trial 619 ===
Fixed,619,17472,17472,0,247,85.00

=== Starting Fixed Rho Trial 620 ===
Fixed,620,14305,14304,0,202,85.00

=== Starting Fixed Rho Trial 621 ===
Fixed,621,22334,22334,0,316,85.00

=== Starting Fixed Rho Trial 622 ===
Fixed,622,31279,31279,0,443,85.00

=== Starting Fixed Rho Trial 623 ===
Fixed,623,14729,14728,0,208,85.00

=== Starting Fixed Rho Trial 624 ===
Fixed,624,22126,22126,0,313,85.00

=== Starting Fixed Rho Trial 625 ===
Fixed,625,33049,33048,0,468,85.00

=== Starting Fixed Rho Trial 626 ===
Fixed,626,18670,18670,0,264,85.00

=== Starting Fixed Rho Trial 627 ===
Fixed,627,14093,14092,0,199,85.00

=== Starting Fixed Rho Trial 628 ===
Fixed,628,15572,15572,0,220,85.00

=== Starting Fixed Rho Trial 629 ===
Fixed,629,34950,34950,0,495,85.00

=== Starting Fixed Rho Trial 630 ===
Fixed,630,19589,19588,0,277,85.00

=== Starting Fixed Rho Trial 631 ===
Fixed,631,27054,27054,0,383,85.00

=== Starting Fixed Rho Trial 632 ===
Fixed,632,35229,35229,0,500,85.00

=== Starting Fixed Rho Trial 633 ===
Fixed,633,13811,13811,0,195,85.00

=== Starting Fixed Rho Trial 634 ===
Fixed,634,11839,11839,0,167,85.00

=== Starting Fixed Rho Trial 635 ===
Fixed,635,34592,34592,0,490,85.00

=== Starting Fixed Rho Trial 636 ===
Fixed,636,19236,19235,0,272,85.00

=== Starting Fixed Rho Trial 637 ===
Fixed,637,18531,18530,0,262,85.00

=== Starting Fixed Rho Trial 638 ===
Fixed,638,25012,25012,0,354,85.00

=== Starting Fixed Rho Trial 639 ===
Fixed,639,35228,35228,0,500,85.00

=== Starting Fixed Rho Trial 640 ===
Fixed,640,8667,8667,0,122,85.00

=== Starting Fixed Rho Trial 641 ===
Fixed,641,11556,11556,0,163,85.00

=== Starting Fixed Rho Trial 642 ===
Fixed,642,30158,30157,0,427,85.00

=== Starting Fixed Rho Trial 643 ===
Fixed,643,24027,24027,0,340,85.00

=== Starting Fixed Rho Trial 644 ===
Fixed,644,13316,13316,0,188,85.00

=== Starting Fixed Rho Trial 645 ===
Fixed,645,23885,23885,0,338,85.00

=== Starting Fixed Rho Trial 646 ===
Fixed,646,18462,18462,0,261,85.00

=== Starting Fixed Rho Trial 647 ===
Fixed,647,23109,23108,0,327,85.00

=== Starting Fixed Rho Trial 648 ===
Fixed,648,12683,12682,0,179,85.00

=== Starting Fixed Rho Trial 649 ===
Fixed,649,29875,29875,0,423,85.00

=== Starting Fixed Rho Trial 650 ===
Fixed,650,16347,16346,0,231,85.00

=== Starting Fixed Rho Trial 651 ===
Fixed,651,19236,19236,0,272,85.00

=== Starting Fixed Rho Trial 652 ===
Fixed,652,12472,12472,0,176,85.00

=== Starting Fixed Rho Trial 653 ===
Fixed,653,20506,20505,0,290,85.00

=== Starting Fixed Rho Trial 654 ===
Fixed,654,11062,11062,0,156,85.00

=== Starting Fixed Rho Trial 655 ===
Fixed,655,30650,30649,0,434,85.00

=== Starting Fixed Rho Trial 656 ===
Fixed,656,35228,35228,0,500,85.00

=== Starting Fixed Rho Trial 657 ===
Fixed,657,35233,35232,0,500,85.00

=== Starting Fixed Rho Trial 658 ===
Fixed,658,16699,16699,0,236,85.00

=== Starting Fixed Rho Trial 659 ===
Fixed,659,35231,35230,0,500,85.00

=== Starting Fixed Rho Trial 660 ===
Fixed,660,17475,17474,0,247,85.00

=== Starting Fixed Rho Trial 661 ===
Fixed,661,24871,24871,0,352,85.00

=== Starting Fixed Rho Trial 662 ===
Fixed,662,19799,19799,0,280,85.00

=== Starting Fixed Rho Trial 663 ===
Fixed,663,17687,17686,0,250,85.00

=== Starting Fixed Rho Trial 664 ===
Fixed,664,12261,12261,0,173,85.00

=== Starting Fixed Rho Trial 665 ===
Fixed,665,11768,11767,0,166,85.00

=== Starting Fixed Rho Trial 666 ===
Fixed,666,7610,7610,0,107,85.00

=== Starting Fixed Rho Trial 667 ===
Fixed,667,17193,17193,0,243,85.00

=== Starting Fixed Rho Trial 668 ===
Fixed,668,10711,10711,0,151,85.00

=== Starting Fixed Rho Trial 669 ===
Fixed,669,13600,13599,0,192,85.00

=== Starting Fixed Rho Trial 670 ===
Fixed,670,17473,17473,0,247,85.00

=== Starting Fixed Rho Trial 671 ===
Fixed,671,10218,10217,0,144,85.00

=== Starting Fixed Rho Trial 672 ===
Fixed,672,19588,19588,0,277,85.00

=== Starting Fixed Rho Trial 673 ===
Fixed,673,13108,13107,0,185,85.00

=== Starting Fixed Rho Trial 674 ===
Fixed,674,10218,10218,0,144,85.00

=== Starting Fixed Rho Trial 675 ===
Fixed,675,18461,18461,0,261,85.00

=== Starting Fixed Rho Trial 676 ===
Fixed,676,15080,15080,0,213,85.00

=== Starting Fixed Rho Trial 677 ===
Fixed,677,19448,19448,0,275,85.00

=== Starting Fixed Rho Trial 678 ===
Fixed,678,10147,10147,0,143,85.00

=== Starting Fixed Rho Trial 679 ===
Fixed,679,16982,16981,0,240,85.00

=== Starting Fixed Rho Trial 680 ===
Fixed,680,13600,13600,0,192,85.00

=== Starting Fixed Rho Trial 681 ===
Fixed,681,17333,17332,0,245,85.00

=== Starting Fixed Rho Trial 682 ===
Fixed,682,28466,28466,0,403,85.00

=== Starting Fixed Rho Trial 683 ===
Fixed,683,20576,20575,0,291,85.00

=== Starting Fixed Rho Trial 684 ===
Fixed,684,20291,20291,0,287,85.00

=== Starting Fixed Rho Trial 685 ===
Fixed,685,24448,24447,0,346,85.00

=== Starting Fixed Rho Trial 686 ===
Fixed,686,35228,35228,0,500,85.00

=== Starting Fixed Rho Trial 687 ===
Fixed,687,13246,13246,0,187,85.00

=== Starting Fixed Rho Trial 688 ===
Fixed,688,11417,11416,0,161,85.00

=== Starting Fixed Rho Trial 689 ===
Fixed,689,13883,13882,0,196,85.00

=== Starting Fixed Rho Trial 690 ===
Fixed,690,35229,35228,0,500,85.00

=== Starting Fixed Rho Trial 691 ===
Fixed,691,31143,31143,0,441,85.00

=== Starting Fixed Rho Trial 692 ===
Fixed,692,18742,18742,0,265,85.00

=== Starting Fixed Rho Trial 693 ===
Fixed,693,8385,8385,0,118,85.00

=== Starting Fixed Rho Trial 694 ===
Fixed,694,13528,13528,0,191,85.00

=== Starting Fixed Rho Trial 695 ===
Fixed,695,16768,16768,0,237,85.00

=== Starting Fixed Rho Trial 696 ===
Fixed,696,12261,12261,0,173,85.00

=== Starting Fixed Rho Trial 697 ===
Fixed,697,10993,10993,0,155,85.00

=== Starting Fixed Rho Trial 698 ===
Fixed,698,17404,17404,0,246,85.00

=== Starting Fixed Rho Trial 699 ===
Fixed,699,11557,11556,0,163,85.00

=== Starting Fixed Rho Trial 700 ===
Fixed,700,35230,35229,0,500,85.00

=== Starting Fixed Rho Trial 701 ===
Fixed,701,10147,10147,0,143,85.00

=== Starting Fixed Rho Trial 702 ===
Fixed,702,21772,21772,0,308,85.00

=== Starting Fixed Rho Trial 703 ===
Fixed,703,14656,14656,0,207,85.00

=== Starting Fixed Rho Trial 704 ===
Fixed,704,35230,35230,0,500,85.00

=== Starting Fixed Rho Trial 705 ===
Fixed,705,17966,17966,0,254,85.00

=== Starting Fixed Rho Trial 706 ===
Fixed,706,18038,18038,0,255,85.00

=== Starting Fixed Rho Trial 707 ===
Fixed,707,26281,26280,0,372,85.00

=== Starting Fixed Rho Trial 708 ===
Fixed,708,35229,35228,0,500,85.00

=== Starting Fixed Rho Trial 709 ===
Fixed,709,10569,10568,0,149,85.00

=== Starting Fixed Rho Trial 710 ===
Fixed,710,16067,16066,0,227,85.00

=== Starting Fixed Rho Trial 711 ===
Fixed,711,31988,31988,0,453,85.00

=== Starting Fixed Rho Trial 712 ===
Fixed,712,10852,10852,0,153,85.00

=== Starting Fixed Rho Trial 713 ===
Fixed,713,23462,23462,0,332,85.00

=== Starting Fixed Rho Trial 714 ===
Fixed,714,15361,15361,0,217,85.00

=== Starting Fixed Rho Trial 715 ===
Fixed,715,22619,22619,0,320,85.00

=== Starting Fixed Rho Trial 716 ===
Fixed,716,26350,26350,0,373,85.00

=== Starting Fixed Rho Trial 717 ===
Fixed,717,32623,32623,0,462,85.00

=== Starting Fixed Rho Trial 718 ===
Fixed,718,22262,22262,0,315,85.00

=== Starting Fixed Rho Trial 719 ===
Fixed,719,9935,9935,0,140,85.00

=== Starting Fixed Rho Trial 720 ===
Fixed,720,7400,7399,0,104,85.00

=== Starting Fixed Rho Trial 721 ===
Fixed,721,15220,15220,0,215,85.00

=== Starting Fixed Rho Trial 722 ===
Fixed,722,13390,13389,0,189,85.00

=== Starting Fixed Rho Trial 723 ===
Fixed,723,13107,13106,0,185,85.00

=== Starting Fixed Rho Trial 724 ===
Fixed,724,10711,10710,0,151,85.00

=== Starting Fixed Rho Trial 725 ===
Fixed,725,10147,10147,0,143,85.00

=== Starting Fixed Rho Trial 726 ===
Fixed,726,15148,15148,0,214,85.00

=== Starting Fixed Rho Trial 727 ===
Fixed,727,13812,13811,0,195,85.00

=== Starting Fixed Rho Trial 728 ===
Fixed,728,10288,10288,0,145,85.00

=== Starting Fixed Rho Trial 729 ===
Fixed,729,11345,11344,0,160,85.00

=== Starting Fixed Rho Trial 730 ===
Fixed,730,35231,35231,0,500,85.00

=== Starting Fixed Rho Trial 731 ===
Fixed,731,35232,35232,0,500,85.00

=== Starting Fixed Rho Trial 732 ===
Fixed,732,19871,19870,0,281,85.00

=== Starting Fixed Rho Trial 733 ===
Fixed,733,35230,35229,0,500,85.00

=== Starting Fixed Rho Trial 734 ===
Fixed,734,30157,30156,0,427,85.00

=== Starting Fixed Rho Trial 735 ===
Fixed,735,27411,27410,0,388,85.00

=== Starting Fixed Rho Trial 736 ===
Fixed,736,16418,16418,0,232,85.00

=== Starting Fixed Rho Trial 737 ===
Fixed,737,23815,23815,0,337,85.00

=== Starting Fixed Rho Trial 738 ===
Fixed,738,27058,27057,0,383,85.00

=== Starting Fixed Rho Trial 739 ===
Fixed,739,35226,35226,0,500,85.00

=== Starting Fixed Rho Trial 740 ===
Fixed,740,26141,26140,0,370,85.00

=== Starting Fixed Rho Trial 741 ===
Fixed,741,18953,18953,0,268,85.00

=== Starting Fixed Rho Trial 742 ===
Fixed,742,15429,15429,0,218,85.00

=== Starting Fixed Rho Trial 743 ===
Fixed,743,12824,12823,0,181,85.00

=== Starting Fixed Rho Trial 744 ===
Fixed,744,35230,35229,0,500,85.00

=== Starting Fixed Rho Trial 745 ===
Fixed,745,13740,13739,0,194,85.00

=== Starting Fixed Rho Trial 746 ===
Fixed,746,35225,35225,0,500,85.00

=== Starting Fixed Rho Trial 747 ===
Fixed,747,21772,21771,0,308,85.00

=== Starting Fixed Rho Trial 748 ===
Fixed,748,12542,12542,0,177,85.00

=== Starting Fixed Rho Trial 749 ===
Fixed,749,14444,14444,0,204,85.00

=== Starting Fixed Rho Trial 750 ===
Fixed,750,18109,18109,0,256,85.00

=== Starting Fixed Rho Trial 751 ===
Fixed,751,14020,14020,0,198,85.00

=== Starting Fixed Rho Trial 752 ===
Fixed,752,19234,19234,0,272,85.00

=== Starting Fixed Rho Trial 753 ===
Fixed,753,17826,17826,0,252,85.00

=== Starting Fixed Rho Trial 754 ===
Fixed,754,13811,13811,0,195,85.00

=== Starting Fixed Rho Trial 755 ===
Fixed,755,18600,18600,0,263,85.00

=== Starting Fixed Rho Trial 756 ===
Fixed,756,18039,18038,0,255,85.00

=== Starting Fixed Rho Trial 757 ===
Fixed,757,16347,16347,0,231,85.00

=== Starting Fixed Rho Trial 758 ===
Fixed,758,16911,16911,0,239,85.00

=== Starting Fixed Rho Trial 759 ===
Fixed,759,11978,11978,0,169,85.00

=== Starting Fixed Rho Trial 760 ===
Fixed,760,20998,20998,0,297,85.00

=== Starting Fixed Rho Trial 761 ===
Fixed,761,13810,13810,0,195,85.00

=== Starting Fixed Rho Trial 762 ===
Fixed,762,22266,22265,0,315,85.00

=== Starting Fixed Rho Trial 763 ===
Fixed,763,27338,27337,0,387,85.00

=== Starting Fixed Rho Trial 764 ===
Fixed,764,26495,26495,0,375,85.00

=== Starting Fixed Rho Trial 765 ===
Fixed,765,13035,13035,0,184,85.00

=== Starting Fixed Rho Trial 766 ===
Fixed,766,22549,22548,0,319,85.00

=== Starting Fixed Rho Trial 767 ===
Fixed,767,13810,13810,0,195,85.00

=== Starting Fixed Rho Trial 768 ===
Fixed,768,18320,18320,0,259,85.00

=== Starting Fixed Rho Trial 769 ===
Fixed,769,10358,10358,0,146,85.00

=== Starting Fixed Rho Trial 770 ===
Fixed,770,15995,15995,0,226,85.00

=== Starting Fixed Rho Trial 771 ===
Fixed,771,15008,15008,0,212,85.00

=== Starting Fixed Rho Trial 772 ===
Fixed,772,18106,18106,0,256,85.00

=== Starting Fixed Rho Trial 773 ===
Fixed,773,24520,24519,0,347,85.00

=== Starting Fixed Rho Trial 774 ===
Fixed,774,18531,18531,0,262,85.00

=== Starting Fixed Rho Trial 775 ===
Fixed,775,13599,13599,0,192,85.00

=== Starting Fixed Rho Trial 776 ===
Fixed,776,14938,14938,0,211,85.00

=== Starting Fixed Rho Trial 777 ===
Fixed,777,14093,14092,0,199,85.00

=== Starting Fixed Rho Trial 778 ===
Fixed,778,30017,30017,0,425,85.00

=== Starting Fixed Rho Trial 779 ===
Fixed,779,24522,24521,0,347,85.00

=== Starting Fixed Rho Trial 780 ===
Fixed,780,26423,26422,0,374,85.00

=== Starting Fixed Rho Trial 781 ===
Fixed,781,35226,35226,0,500,85.00

=== Starting Fixed Rho Trial 782 ===
Fixed,782,12402,12402,0,175,85.00

=== Starting Fixed Rho Trial 783 ===
Fixed,783,35227,35227,0,500,85.00

=== Starting Fixed Rho Trial 784 ===
Fixed,784,9724,9724,0,137,85.00

=== Starting Fixed Rho Trial 785 ===
Fixed,785,16698,16698,0,236,85.00

=== Starting Fixed Rho Trial 786 ===
Fixed,786,13741,13740,0,194,85.00

=== Starting Fixed Rho Trial 787 ===
Fixed,787,22262,22262,0,315,85.00

=== Starting Fixed Rho Trial 788 ===
Fixed,788,21137,21137,0,299,85.00

=== Starting Fixed Rho Trial 789 ===
Fixed,789,25576,25576,0,362,85.00

=== Starting Fixed Rho Trial 790 ===
Fixed,790,19517,19517,0,276,85.00

=== Starting Fixed Rho Trial 791 ===
Fixed,791,9232,9231,0,130,85.00

=== Starting Fixed Rho Trial 792 ===
Fixed,792,35230,35230,0,500,85.00

=== Starting Fixed Rho Trial 793 ===
Fixed,793,26983,26983,0,382,85.00

=== Starting Fixed Rho Trial 794 ===
Fixed,794,10851,10851,0,153,85.00

=== Starting Fixed Rho Trial 795 ===
Fixed,795,11204,11203,0,158,85.00

=== Starting Fixed Rho Trial 796 ===
Fixed,796,35231,35230,0,500,85.00

=== Starting Fixed Rho Trial 797 ===
Fixed,797,20505,20504,0,290,85.00

=== Starting Fixed Rho Trial 798 ===
Fixed,798,11063,11063,0,156,85.00

=== Starting Fixed Rho Trial 799 ===
Fixed,799,18814,18814,0,266,85.00

=== Starting Fixed Rho Trial 800 ===
Fixed,800,17967,17966,0,254,85.00

=== Starting Fixed Rho Trial 801 ===
Fixed,801,13528,13528,0,191,85.00

=== Starting Fixed Rho Trial 802 ===
Fixed,802,35229,35229,0,500,85.00

=== Starting Fixed Rho Trial 803 ===
Fixed,803,24945,24945,0,353,85.00

=== Starting Fixed Rho Trial 804 ===
Fixed,804,13670,13670,0,193,85.00

=== Starting Fixed Rho Trial 805 ===
Fixed,805,9091,9090,0,128,85.00

=== Starting Fixed Rho Trial 806 ===
Fixed,806,11132,11132,0,157,85.00

=== Starting Fixed Rho Trial 807 ===
Fixed,807,16065,16064,0,227,85.00

=== Starting Fixed Rho Trial 808 ===
Fixed,808,16699,16699,0,236,85.00

=== Starting Fixed Rho Trial 809 ===
Fixed,809,35231,35231,0,500,85.00

=== Starting Fixed Rho Trial 810 ===
Fixed,810,35231,35231,0,500,85.00

=== Starting Fixed Rho Trial 811 ===
Fixed,811,32974,32974,0,467,85.00

=== Starting Fixed Rho Trial 812 ===
Fixed,812,35229,35228,0,500,85.00

=== Starting Fixed Rho Trial 813 ===
Fixed,813,10499,10499,0,148,85.00

=== Starting Fixed Rho Trial 814 ===
Fixed,814,18673,18672,0,264,85.00

=== Starting Fixed Rho Trial 815 ===
Fixed,815,26495,26495,0,375,85.00

=== Starting Fixed Rho Trial 816 ===
Fixed,816,15431,15431,0,218,85.00

=== Starting Fixed Rho Trial 817 ===
Fixed,817,15925,15925,0,225,85.00

=== Starting Fixed Rho Trial 818 ===
Fixed,818,35228,35228,0,500,85.00

=== Starting Fixed Rho Trial 819 ===
Fixed,819,11275,11275,0,159,85.00

=== Starting Fixed Rho Trial 820 ===
Fixed,820,15573,15572,0,220,85.00

=== Starting Fixed Rho Trial 821 ===
Fixed,821,14093,14092,0,199,85.00

=== Starting Fixed Rho Trial 822 ===
Fixed,822,19308,19308,0,273,85.00

=== Starting Fixed Rho Trial 823 ===
Fixed,823,12190,12190,0,172,85.00

=== Starting Fixed Rho Trial 824 ===
Fixed,824,14304,14304,0,202,85.00

=== Starting Fixed Rho Trial 825 ===
Fixed,825,12966,12966,0,183,85.00

=== Starting Fixed Rho Trial 826 ===
Fixed,826,17827,17827,0,252,85.00

=== Starting Fixed Rho Trial 827 ===
Fixed,827,18601,18601,0,263,85.00

=== Starting Fixed Rho Trial 828 ===
Fixed,828,23676,23676,0,335,85.00

=== Starting Fixed Rho Trial 829 ===
Fixed,829,33888,33888,0,480,85.00

=== Starting Fixed Rho Trial 830 ===
Fixed,830,10217,10217,0,144,85.00

=== Starting Fixed Rho Trial 831 ===
Fixed,831,16700,16700,0,236,85.00

=== Starting Fixed Rho Trial 832 ===
Fixed,832,15501,15500,0,219,85.00

=== Starting Fixed Rho Trial 833 ===
Fixed,833,13390,13389,0,189,85.00

=== Starting Fixed Rho Trial 834 ===
Fixed,834,17054,17053,0,241,85.00

=== Starting Fixed Rho Trial 835 ===
Fixed,835,21068,21068,0,298,85.00

=== Starting Fixed Rho Trial 836 ===
Fixed,836,25716,25716,0,364,85.00

=== Starting Fixed Rho Trial 837 ===
Fixed,837,18671,18670,0,264,85.00

=== Starting Fixed Rho Trial 838 ===
Fixed,838,17685,17685,0,250,85.00

=== Starting Fixed Rho Trial 839 ===
Fixed,839,11625,11624,0,164,85.00

=== Starting Fixed Rho Trial 840 ===
Fixed,840,11416,11415,0,161,85.00

=== Starting Fixed Rho Trial 841 ===
Fixed,841,26493,26492,0,375,85.00

=== Starting Fixed Rho Trial 842 ===
Fixed,842,35231,35231,0,500,85.00

=== Starting Fixed Rho Trial 843 ===
Fixed,843,15292,15291,0,216,85.00

=== Starting Fixed Rho Trial 844 ===
Fixed,844,28675,28675,0,406,85.00

=== Starting Fixed Rho Trial 845 ===
Fixed,845,26983,26983,0,382,85.00

=== Starting Fixed Rho Trial 846 ===
Fixed,846,17404,17404,0,246,85.00

=== Starting Fixed Rho Trial 847 ===
Fixed,847,17476,17475,0,247,85.00

=== Starting Fixed Rho Trial 848 ===
Fixed,848,35229,35229,0,500,85.00

=== Starting Fixed Rho Trial 849 ===
Fixed,849,9373,9372,0,132,85.00

=== Starting Fixed Rho Trial 850 ===
Fixed,850,29666,29665,0,420,85.00

=== Starting Fixed Rho Trial 851 ===
Fixed,851,29029,29029,0,411,85.00

=== Starting Fixed Rho Trial 852 ===
Fixed,852,14799,14798,0,209,85.00

=== Starting Fixed Rho Trial 853 ===
Fixed,853,35229,35228,0,500,85.00

=== Starting Fixed Rho Trial 854 ===
Fixed,854,30932,30932,0,438,85.00

=== Starting Fixed Rho Trial 855 ===
Fixed,855,23392,23392,0,331,85.00

=== Starting Fixed Rho Trial 856 ===
Fixed,856,17615,17615,0,249,85.00

=== Starting Fixed Rho Trial 857 ===
Fixed,857,19234,19234,0,272,85.00

=== Starting Fixed Rho Trial 858 ===
Fixed,858,16770,16770,0,237,85.00

=== Starting Fixed Rho Trial 859 ===
Fixed,859,12049,12049,0,170,85.00

=== Starting Fixed Rho Trial 860 ===
Fixed,860,30722,30722,0,435,85.00

=== Starting Fixed Rho Trial 861 ===
Fixed,861,18814,18813,0,266,85.00

=== Starting Fixed Rho Trial 862 ===
Fixed,862,13741,13740,0,194,85.00

=== Starting Fixed Rho Trial 863 ===
Fixed,863,14514,14513,0,205,85.00

=== Starting Fixed Rho Trial 864 ===
Fixed,864,7963,7963,0,112,85.00

=== Starting Fixed Rho Trial 865 ===
Fixed,865,10217,10217,0,144,85.00

=== Starting Fixed Rho Trial 866 ===
Fixed,866,21210,21209,0,300,85.00

=== Starting Fixed Rho Trial 867 ===
Fixed,867,35229,35229,0,500,85.00

=== Starting Fixed Rho Trial 868 ===
Fixed,868,12191,12190,0,172,85.00

=== Starting Fixed Rho Trial 869 ===
Fixed,869,10640,10640,0,150,85.00

=== Starting Fixed Rho Trial 870 ===
Fixed,870,10640,10640,0,150,85.00

=== Starting Fixed Rho Trial 871 ===
Fixed,871,21421,21421,0,303,85.00

=== Starting Fixed Rho Trial 872 ===
Fixed,872,11557,11556,0,163,85.00

=== Starting Fixed Rho Trial 873 ===
Fixed,873,12471,12470,0,176,85.00

=== Starting Fixed Rho Trial 874 ===
Fixed,874,10921,10921,0,154,85.00

=== Starting Fixed Rho Trial 875 ===
Fixed,875,11414,11414,0,161,85.00

=== Starting Fixed Rho Trial 876 ===
Fixed,876,13529,13529,0,191,85.00

=== Starting Fixed Rho Trial 877 ===
Fixed,877,13246,13246,0,187,85.00

=== Starting Fixed Rho Trial 878 ===
Fixed,878,29946,29946,0,424,85.00

=== Starting Fixed Rho Trial 879 ===
Fixed,879,35230,35230,0,500,85.00

=== Starting Fixed Rho Trial 880 ===
Fixed,880,13387,13387,0,189,85.00

=== Starting Fixed Rho Trial 881 ===
Fixed,881,31706,31706,0,449,85.00

=== Starting Fixed Rho Trial 882 ===
Fixed,882,25785,25785,0,365,85.00

=== Starting Fixed Rho Trial 883 ===
Fixed,883,35230,35229,0,500,85.00

=== Starting Fixed Rho Trial 884 ===
Fixed,884,11978,11978,0,169,85.00

=== Starting Fixed Rho Trial 885 ===
Fixed,885,12401,12400,0,175,85.00

=== Starting Fixed Rho Trial 886 ===
Fixed,886,10076,10075,0,142,85.00

=== Starting Fixed Rho Trial 887 ===
Fixed,887,15078,15078,0,213,85.00

=== Starting Fixed Rho Trial 888 ===
Fixed,888,35229,35228,0,500,85.00

=== Starting Fixed Rho Trial 889 ===
Fixed,889,14445,14445,0,204,85.00

=== Starting Fixed Rho Trial 890 ===
Fixed,890,24447,24447,0,346,85.00

=== Starting Fixed Rho Trial 891 ===
Fixed,891,35232,35231,0,500,85.00

=== Starting Fixed Rho Trial 892 ===
Fixed,892,22338,22338,0,316,85.00

=== Starting Fixed Rho Trial 893 ===
Fixed,893,13669,13669,0,193,85.00

=== Starting Fixed Rho Trial 894 ===
Fixed,894,35229,35229,0,500,85.00

=== Starting Fixed Rho Trial 895 ===
Fixed,895,15924,15924,0,225,85.00

=== Starting Fixed Rho Trial 896 ===
Fixed,896,12191,12191,0,172,85.00

=== Starting Fixed Rho Trial 897 ===
Fixed,897,35227,35227,0,500,85.00

=== Starting Fixed Rho Trial 898 ===
Fixed,898,16699,16699,0,236,85.00

=== Starting Fixed Rho Trial 899 ===
Fixed,899,35229,35228,0,500,85.00

=== Starting Fixed Rho Trial 900 ===
Fixed,900,13035,13035,0,184,85.00

=== Starting Fixed Rho Trial 901 ===
Fixed,901,18390,18390,0,260,85.00

=== Starting Fixed Rho Trial 902 ===
Fixed,902,35232,35232,0,500,85.00

=== Starting Fixed Rho Trial 903 ===
Fixed,903,26214,26213,0,371,85.00

=== Starting Fixed Rho Trial 904 ===
Fixed,904,35223,35223,0,500,85.00

=== Starting Fixed Rho Trial 905 ===
Fixed,905,14304,14304,0,202,85.00

=== Starting Fixed Rho Trial 906 ===
Fixed,906,12611,12611,0,178,85.00

=== Starting Fixed Rho Trial 907 ===
Fixed,907,14585,14585,0,206,85.00

=== Starting Fixed Rho Trial 908 ===
Fixed,908,16982,16982,0,240,85.00

=== Starting Fixed Rho Trial 909 ===
Fixed,909,35228,35228,0,500,85.00

=== Starting Fixed Rho Trial 910 ===
Fixed,910,7682,7681,0,108,85.00

=== Starting Fixed Rho Trial 911 ===
Fixed,911,26700,26700,0,378,85.00

=== Starting Fixed Rho Trial 912 ===
Fixed,912,10500,10500,0,148,85.00

=== Starting Fixed Rho Trial 913 ===
Fixed,913,35228,35228,0,500,85.00

=== Starting Fixed Rho Trial 914 ===
Fixed,914,21279,21279,0,301,85.00

=== Starting Fixed Rho Trial 915 ===
Fixed,915,33186,33185,0,470,85.00

=== Starting Fixed Rho Trial 916 ===
Fixed,916,35229,35229,0,500,85.00

=== Starting Fixed Rho Trial 917 ===
Fixed,917,24449,24448,0,346,85.00

=== Starting Fixed Rho Trial 918 ===
Fixed,918,19588,19588,0,277,85.00

=== Starting Fixed Rho Trial 919 ===
Fixed,919,8104,8104,0,114,85.00

=== Starting Fixed Rho Trial 920 ===
Fixed,920,6624,6624,0,93,85.00

=== Starting Fixed Rho Trial 921 ===
Fixed,921,13670,13670,0,193,85.00

=== Starting Fixed Rho Trial 922 ===
Fixed,922,24803,24802,0,351,85.00

=== Starting Fixed Rho Trial 923 ===
Fixed,923,14797,14797,0,209,85.00

=== Starting Fixed Rho Trial 924 ===
Fixed,924,11416,11415,0,161,85.00

=== Starting Fixed Rho Trial 925 ===
Fixed,925,14727,14727,0,208,85.00

=== Starting Fixed Rho Trial 926 ===
Fixed,926,21775,21774,0,308,85.00

=== Starting Fixed Rho Trial 927 ===
Fixed,927,8387,8386,0,118,85.00

=== Starting Fixed Rho Trial 928 ===
Fixed,928,14938,14938,0,211,85.00

=== Starting Fixed Rho Trial 929 ===
Fixed,929,35231,35231,0,500,85.00

=== Starting Fixed Rho Trial 930 ===
Fixed,930,8316,8315,0,117,85.00

=== Starting Fixed Rho Trial 931 ===
Fixed,931,10287,10287,0,145,85.00

=== Starting Fixed Rho Trial 932 ===
Fixed,932,26283,26282,0,372,85.00

=== Starting Fixed Rho Trial 933 ===
Fixed,933,9725,9725,0,137,85.00

=== Starting Fixed Rho Trial 934 ===
Fixed,934,19237,19236,0,272,85.00

=== Starting Fixed Rho Trial 935 ===
Fixed,935,23181,23181,0,328,85.00

=== Starting Fixed Rho Trial 936 ===
Fixed,936,12683,12683,0,179,85.00

=== Starting Fixed Rho Trial 937 ===
Fixed,937,35227,35227,0,500,85.00

=== Starting Fixed Rho Trial 938 ===
Fixed,938,30085,30085,0,426,85.00

=== Starting Fixed Rho Trial 939 ===
Fixed,939,13813,13812,0,195,85.00

=== Starting Fixed Rho Trial 940 ===
Fixed,940,13952,13952,0,197,85.00

=== Starting Fixed Rho Trial 941 ===
Fixed,941,7822,7822,0,110,85.00

=== Starting Fixed Rho Trial 942 ===
Fixed,942,7893,7892,0,111,85.00

=== Starting Fixed Rho Trial 943 ===
Fixed,943,8175,8174,0,115,85.00

=== Starting Fixed Rho Trial 944 ===
Fixed,944,15502,15502,0,219,85.00

=== Starting Fixed Rho Trial 945 ===
Fixed,945,13108,13107,0,185,85.00

=== Starting Fixed Rho Trial 946 ===
Fixed,946,9232,9231,0,130,85.00

=== Starting Fixed Rho Trial 947 ===
Fixed,947,9372,9372,0,132,85.00

=== Starting Fixed Rho Trial 948 ===
Fixed,948,33047,33047,0,468,85.00

=== Starting Fixed Rho Trial 949 ===
Fixed,949,35231,35230,0,500,85.00

=== Starting Fixed Rho Trial 950 ===
Fixed,950,14162,14162,0,200,85.00

=== Starting Fixed Rho Trial 951 ===
Fixed,951,27691,27691,0,392,85.00

=== Starting Fixed Rho Trial 952 ===
Fixed,952,13741,13741,0,194,85.00

=== Starting Fixed Rho Trial 953 ===
Fixed,953,19730,19730,0,279,85.00

=== Starting Fixed Rho Trial 954 ===
Fixed,954,9514,9513,0,134,85.00

=== Starting Fixed Rho Trial 955 ===
Fixed,955,35229,35229,0,500,85.00

=== Starting Fixed Rho Trial 956 ===
Fixed,956,28821,28821,0,408,85.00

=== Starting Fixed Rho Trial 957 ===
Fixed,957,15220,15220,0,215,85.00

=== Starting Fixed Rho Trial 958 ===
Fixed,958,12613,12613,0,178,85.00

=== Starting Fixed Rho Trial 959 ===
Fixed,959,17758,17758,0,251,85.00

=== Starting Fixed Rho Trial 960 ===
Fixed,960,21420,21419,0,303,85.00

=== Starting Fixed Rho Trial 961 ===
Fixed,961,10147,10147,0,143,85.00

=== Starting Fixed Rho Trial 962 ===
Fixed,962,14304,14304,0,202,85.00

=== Starting Fixed Rho Trial 963 ===
Fixed,963,11345,11345,0,160,85.00

=== Starting Fixed Rho Trial 964 ===
Fixed,964,13037,13036,0,184,85.00

=== Starting Fixed Rho Trial 965 ===
Fixed,965,25508,25507,0,361,85.00

=== Starting Fixed Rho Trial 966 ===
Fixed,966,20012,20012,0,283,85.00

=== Starting Fixed Rho Trial 967 ===
Fixed,967,10570,10570,0,149,85.00

=== Starting Fixed Rho Trial 968 ===
Fixed,968,35227,35227,0,500,85.00

=== Starting Fixed Rho Trial 969 ===
Fixed,969,13177,13177,0,186,85.00

=== Starting Fixed Rho Trial 970 ===
Fixed,970,30084,30084,0,426,85.00

=== Starting Fixed Rho Trial 971 ===
Fixed,971,21068,21068,0,298,85.00

=== Starting Fixed Rho Trial 972 ===
Fixed,972,23322,23322,0,330,85.00

=== Starting Fixed Rho Trial 973 ===
Fixed,973,17194,17193,0,243,85.00

=== Starting Fixed Rho Trial 974 ===
Fixed,974,18038,18038,0,255,85.00

=== Starting Fixed Rho Trial 975 ===
Fixed,975,11134,11133,0,157,85.00

=== Starting Fixed Rho Trial 976 ===
Fixed,976,11767,11767,0,166,85.00

=== Starting Fixed Rho Trial 977 ===
Fixed,977,14094,14093,0,199,85.00

=== Starting Fixed Rho Trial 978 ===
Fixed,978,12190,12189,0,172,85.00

=== Starting Fixed Rho Trial 979 ===
Fixed,979,10077,10077,0,142,85.00

=== Starting Fixed Rho Trial 980 ===
Fixed,980,7540,7540,0,106,85.00

=== Starting Fixed Rho Trial 981 ===
Fixed,981,35230,35229,0,500,85.00

=== Starting Fixed Rho Trial 982 ===
Fixed,982,10993,10992,0,155,85.00

=== Starting Fixed Rho Trial 983 ===
Fixed,983,25364,25364,0,359,85.00

=== Starting Fixed Rho Trial 984 ===
Fixed,984,19447,19446,0,275,85.00

=== Starting Fixed Rho Trial 985 ===
Fixed,985,12190,12190,0,172,85.00

=== Starting Fixed Rho Trial 986 ===
Fixed,986,19166,19166,0,271,85.00

=== Starting Fixed Rho Trial 987 ===
Fixed,987,10359,10358,0,146,85.00

=== Starting Fixed Rho Trial 988 ===
Fixed,988,11415,11415,0,161,85.00

=== Starting Fixed Rho Trial 989 ===
Fixed,989,8527,8527,0,120,85.00

=== Starting Fixed Rho Trial 990 ===
Fixed,990,13107,13107,0,185,85.00

=== Starting Fixed Rho Trial 991 ===
Fixed,991,11203,11203,0,158,85.00

=== Starting Fixed Rho Trial 992 ===
Fixed,992,12403,12402,0,175,85.00

=== Starting Fixed Rho Trial 993 ===
Fixed,993,8456,8455,0,119,85.00

=== Starting Fixed Rho Trial 994 ===
Fixed,994,27198,27197,0,385,85.00

=== Starting Fixed Rho Trial 995 ===
Fixed,995,19167,19166,0,271,85.00

=== Starting Fixed Rho Trial 996 ===
Fixed,996,19586,19586,0,277,85.00

=== Starting Fixed Rho Trial 997 ===
Fixed,997,12894,12894,0,182,85.00

=== Starting Fixed Rho Trial 998 ===
Fixed,998,13742,13741,0,194,85.00

=== Starting Fixed Rho Trial 999 ===
Fixed,999,19023,19022,0,269,85.00

=== Starting Adaptive Rho Trial 0 ===
Adaptive,0,13080,12380,700,164,70.00

=== Starting Adaptive Rho Trial 1 ===
Adaptive,1,5486,5186,300,68,70.00

=== Starting Adaptive Rho Trial 2 ===
Adaptive,2,11101,10506,595,139,70.00

=== Starting Adaptive Rho Trial 3 ===
Adaptive,3,20786,19666,1120,261,70.00

=== Starting Adaptive Rho Trial 4 ===
Adaptive,4,8908,8419,489,111,70.00

=== Starting Adaptive Rho Trial 5 ===
Adaptive,5,10959,10364,595,137,70.00

=== Starting Adaptive Rho Trial 6 ===
Adaptive,6,15173,14347,826,190,70.00

=== Starting Adaptive Rho Trial 7 ===
Adaptive,7,17833,16880,953,224,70.00

=== Starting Adaptive Rho Trial 8 ===
Adaptive,8,13803,13059,744,173,70.00

=== Starting Adaptive Rho Trial 9 ===
Adaptive,9,10308,9756,552,129,70.00

=== Starting Adaptive Rho Trial 10 ===
Adaptive,10,11355,10739,616,142,70.00

=== Starting Adaptive Rho Trial 11 ===
Adaptive,11,11608,10972,636,145,70.00

=== Starting Adaptive Rho Trial 12 ===
Adaptive,12,12216,11559,657,153,70.00

=== Starting Adaptive Rho Trial 13 ===
Adaptive,13,15569,14722,847,195,70.00

=== Starting Adaptive Rho Trial 14 ===
Adaptive,14,9374,8864,510,117,70.00

=== Starting Adaptive Rho Trial 15 ===
Adaptive,15,9844,9310,534,123,70.00

=== Starting Adaptive Rho Trial 16 ===
Adaptive,16,14267,13505,762,179,70.00

=== Starting Adaptive Rho Trial 17 ===
Adaptive,17,10238,9686,552,128,70.00

=== Starting Adaptive Rho Trial 18 ===
Adaptive,18,7720,7294,426,96,70.00

=== Starting Adaptive Rho Trial 19 ===
Adaptive,19,25284,23934,1350,318,70.00

=== Starting Adaptive Rho Trial 20 ===
Adaptive,20,3903,3687,216,48,70.00

=== Starting Adaptive Rho Trial 21 ===
Adaptive,21,5091,4812,279,63,70.00

=== Starting Adaptive Rho Trial 22 ===
Adaptive,22,9771,9240,531,122,70.00

=== Starting Adaptive Rho Trial 23 ===
Adaptive,23,7141,6757,384,89,70.00

=== Starting Adaptive Rho Trial 24 ===
Adaptive,24,6533,6169,364,81,70.00

=== Starting Adaptive Rho Trial 25 ===
Adaptive,25,20321,19221,1100,255,70.00

=== Starting Adaptive Rho Trial 26 ===
Adaptive,26,10818,10223,595,135,70.00

=== Starting Adaptive Rho Trial 27 ===
Adaptive,27,12287,11630,657,154,70.00

=== Starting Adaptive Rho Trial 28 ===
Adaptive,28,9841,9310,531,123,70.00

=== Starting Adaptive Rho Trial 29 ===
Adaptive,29,8653,8185,468,108,70.00

=== Starting Adaptive Rho Trial 30 ===
Adaptive,30,8655,8186,469,108,70.00

=== Starting Adaptive Rho Trial 31 ===
Adaptive,31,8908,8419,489,111,70.00

=== Starting Adaptive Rho Trial 32 ===
Adaptive,32,17223,16293,930,216,70.00

=== Starting Adaptive Rho Trial 33 ===
Adaptive,33,18013,17041,972,226,70.00

=== Starting Adaptive Rho Trial 34 ===
Adaptive,34,12940,12241,699,162,70.00

=== Starting Adaptive Rho Trial 35 ===
Adaptive,35,17153,16220,933,215,70.00

=== Starting Adaptive Rho Trial 36 ===
Adaptive,36,19420,18382,1038,244,70.00

=== Starting Adaptive Rho Trial 37 ===
Adaptive,37,10097,9545,552,126,70.00

=== Starting Adaptive Rho Trial 38 ===
Adaptive,38,9629,9098,531,120,70.00

=== Starting Adaptive Rho Trial 39 ===
Adaptive,39,9446,8936,510,118,70.00

=== Starting Adaptive Rho Trial 40 ===
Adaptive,40,6859,6474,385,85,70.00

=== Starting Adaptive Rho Trial 41 ===
Adaptive,41,8656,8187,468,108,70.00

=== Starting Adaptive Rho Trial 42 ===
Adaptive,42,7141,6757,384,89,70.00

=== Starting Adaptive Rho Trial 43 ===
Adaptive,43,16572,15683,889,208,70.00

=== Starting Adaptive Rho Trial 44 ===
Adaptive,44,8116,7669,447,101,70.00

=== Starting Adaptive Rho Trial 45 ===
Adaptive,45,7070,6686,384,88,70.00

=== Starting Adaptive Rho Trial 46 ===
Adaptive,46,7932,7506,426,99,70.00

=== Starting Adaptive Rho Trial 47 ===
Adaptive,47,11497,10882,615,144,70.00

=== Starting Adaptive Rho Trial 48 ===
Adaptive,48,5672,5350,322,70,70.00

=== Starting Adaptive Rho Trial 49 ===
Adaptive,49,6675,6312,363,83,70.00

=== Starting Adaptive Rho Trial 50 ===
Adaptive,50,8979,8490,489,112,70.00

=== Starting Adaptive Rho Trial 51 ===
Adaptive,51,5812,5491,321,72,70.00

=== Starting Adaptive Rho Trial 52 ===
Adaptive,52,13405,12685,720,168,70.00

=== Starting Adaptive Rho Trial 53 ===
Adaptive,53,11284,10668,616,141,70.00

=== Starting Adaptive Rho Trial 54 ===
Adaptive,54,11750,11114,636,147,70.00

=== Starting Adaptive Rho Trial 55 ===
Adaptive,55,35837,33919,1918,451,70.00

=== Starting Adaptive Rho Trial 56 ===
Adaptive,56,9051,8561,490,113,70.00

=== Starting Adaptive Rho Trial 57 ===
Adaptive,57,13082,12381,700,164,70.00

=== Starting Adaptive Rho Trial 58 ===
Adaptive,58,6745,6382,363,84,70.00

=== Starting Adaptive Rho Trial 59 ===
Adaptive,59,11610,10973,636,145,70.00

=== Starting Adaptive Rho Trial 60 ===
Adaptive,60,9841,9310,531,123,70.00

=== Starting Adaptive Rho Trial 61 ===
Adaptive,61,18015,17043,972,226,70.00

=== Starting Adaptive Rho Trial 62 ===
Adaptive,62,4767,4508,259,59,70.00

=== Starting Adaptive Rho Trial 63 ===
Adaptive,63,5345,5045,300,66,70.00

=== Starting Adaptive Rho Trial 64 ===
Adaptive,64,8724,8256,468,109,70.00

=== Starting Adaptive Rho Trial 65 ===
Adaptive,65,5486,5186,300,68,70.00

=== Starting Adaptive Rho Trial 66 ===
Adaptive,66,8655,8187,468,108,70.00

=== Starting Adaptive Rho Trial 67 ===
Adaptive,67,9912,9381,531,124,70.00

=== Starting Adaptive Rho Trial 68 ===
Adaptive,68,11426,10810,616,143,70.00

=== Starting Adaptive Rho Trial 69 ===
Adaptive,69,6533,6170,363,81,70.00

=== Starting Adaptive Rho Trial 70 ===
Adaptive,70,12542,11864,678,157,70.00

=== Starting Adaptive Rho Trial 71 ===
Adaptive,71,8978,8489,489,112,70.00

=== Starting Adaptive Rho Trial 72 ===
Adaptive,72,8908,8419,489,111,70.00

=== Starting Adaptive Rho Trial 73 ===
Adaptive,73,11680,11043,637,146,70.00

=== Starting Adaptive Rho Trial 74 ===
Adaptive,74,8117,7669,447,101,70.00

=== Starting Adaptive Rho Trial 75 ===
Adaptive,75,6675,6312,363,83,70.00

=== Starting Adaptive Rho Trial 76 ===
Adaptive,76,17759,16807,952,223,70.00

=== Starting Adaptive Rho Trial 77 ===
Adaptive,77,5882,5561,321,73,70.00

=== Starting Adaptive Rho Trial 78 ===
Adaptive,78,7324,6919,405,91,70.00

=== Starting Adaptive Rho Trial 79 ===
Adaptive,79,7650,7224,426,95,70.00

=== Starting Adaptive Rho Trial 80 ===
Adaptive,80,8725,8257,468,109,70.00

=== Starting Adaptive Rho Trial 81 ===
Adaptive,81,8725,8256,469,109,70.00

=== Starting Adaptive Rho Trial 82 ===
Adaptive,82,11610,10974,636,145,70.00

=== Starting Adaptive Rho Trial 83 ===
Adaptive,83,22581,21378,1203,284,70.00

=== Starting Adaptive Rho Trial 84 ===
Adaptive,84,24680,23347,1333,310,70.00

=== Starting Adaptive Rho Trial 85 ===
Adaptive,85,9518,9006,512,119,70.00

=== Starting Adaptive Rho Trial 86 ===
Adaptive,86,14522,13739,783,182,70.00

=== Starting Adaptive Rho Trial 87 ===
Adaptive,87,9050,8561,489,113,70.00

=== Starting Adaptive Rho Trial 88 ===
Adaptive,88,17040,16130,910,214,70.00

=== Starting Adaptive Rho Trial 89 ===
Adaptive,89,16757,15847,910,210,70.00

=== Starting Adaptive Rho Trial 90 ===
Adaptive,90,8585,8115,469,107,70.00

=== Starting Adaptive Rho Trial 91 ===
Adaptive,91,16966,16057,909,213,70.00

=== Starting Adaptive Rho Trial 92 ===
Adaptive,92,8583,8115,468,107,70.00

=== Starting Adaptive Rho Trial 93 ===
Adaptive,93,5558,5257,301,69,70.00

=== Starting Adaptive Rho Trial 94 ===
Adaptive,94,15454,14629,825,194,70.00

=== Starting Adaptive Rho Trial 95 ===
Adaptive,95,6138,5795,343,76,70.00

=== Starting Adaptive Rho Trial 96 ===
Adaptive,96,12796,12097,699,160,70.00

=== Starting Adaptive Rho Trial 97 ===
Adaptive,97,6462,6099,363,80,70.00

=== Starting Adaptive Rho Trial 98 ===
Adaptive,98,11496,10881,615,144,70.00

=== Starting Adaptive Rho Trial 99 ===
Adaptive,99,8979,8490,489,112,70.00

=== Starting Adaptive Rho Trial 100 ===
Adaptive,100,29822,28220,1602,375,70.00

=== Starting Adaptive Rho Trial 101 ===
Adaptive,101,12868,12168,700,161,70.00

=== Starting Adaptive Rho Trial 102 ===
Adaptive,102,8441,7973,468,105,70.00

=== Starting Adaptive Rho Trial 103 ===
Adaptive,103,13730,12988,742,172,70.00

=== Starting Adaptive Rho Trial 104 ===
Adaptive,104,6858,6474,384,85,70.00

=== Starting Adaptive Rho Trial 105 ===
Adaptive,105,10421,9848,573,130,70.00

=== Starting Adaptive Rho Trial 106 ===
Adaptive,106,7721,7295,426,96,70.00

=== Starting Adaptive Rho Trial 107 ===
Adaptive,107,6533,6170,363,81,70.00

=== Starting Adaptive Rho Trial 108 ===
Adaptive,108,7791,7365,426,97,70.00

=== Starting Adaptive Rho Trial 109 ===
Adaptive,109,39609,37502,2107,500,70.00

=== Starting Adaptive Rho Trial 110 ===
Adaptive,110,7466,7061,405,93,70.00

=== Starting Adaptive Rho Trial 111 ===
Adaptive,111,7141,6757,384,89,70.00

=== Starting Adaptive Rho Trial 112 ===
Adaptive,112,5345,5045,300,66,70.00

=== Starting Adaptive Rho Trial 113 ===
Adaptive,113,5953,5632,321,74,70.00

=== Starting Adaptive Rho Trial 114 ===
Adaptive,114,6462,6099,363,80,70.00

=== Starting Adaptive Rho Trial 115 ===
Adaptive,115,19203,18167,1035,241,70.00

=== Starting Adaptive Rho Trial 116 ===
Adaptive,116,11214,10598,616,140,70.00

=== Starting Adaptive Rho Trial 117 ===
Adaptive,117,6674,6311,363,83,70.00

=== Starting Adaptive Rho Trial 118 ===
Adaptive,118,12288,11631,657,154,70.00

=== Starting Adaptive Rho Trial 119 ===
Adaptive,119,16828,15918,910,211,70.00

=== Starting Adaptive Rho Trial 120 ===
Adaptive,120,14989,14184,805,188,70.00

=== Starting Adaptive Rho Trial 121 ===
Adaptive,121,6279,5937,342,78,70.00

=== Starting Adaptive Rho Trial 122 ===
Adaptive,122,13262,12542,720,166,70.00

=== Starting Adaptive Rho Trial 123 ===
Adaptive,123,5161,4882,279,64,70.00

=== Starting Adaptive Rho Trial 124 ===
Adaptive,124,4950,4670,279,61,70.00

=== Starting Adaptive Rho Trial 125 ===
Adaptive,125,7466,7061,405,93,70.00

=== Starting Adaptive Rho Trial 126 ===
Adaptive,126,8837,8348,489,110,70.00

=== Starting Adaptive Rho Trial 127 ===
Adaptive,127,13730,12989,741,172,70.00

=== Starting Adaptive Rho Trial 128 ===
Adaptive,128,5417,5116,300,67,70.00

=== Starting Adaptive Rho Trial 129 ===
Adaptive,129,6605,6240,364,82,70.00

=== Starting Adaptive Rho Trial 130 ===
Adaptive,130,12287,11630,657,154,70.00

=== Starting Adaptive Rho Trial 131 ===
Adaptive,131,6999,6615,384,87,70.00

=== Starting Adaptive Rho Trial 132 ===
Adaptive,132,8584,8116,468,107,70.00

=== Starting Adaptive Rho Trial 133 ===
Adaptive,133,12796,12097,699,160,70.00

=== Starting Adaptive Rho Trial 134 ===
Adaptive,134,13262,12542,720,166,70.00

=== Starting Adaptive Rho Trial 135 ===
Adaptive,135,39149,37060,2089,493,70.00

=== Starting Adaptive Rho Trial 136 ===
Adaptive,136,6278,5936,342,78,70.00

=== Starting Adaptive Rho Trial 137 ===
Adaptive,137,13871,13130,741,174,70.00

=== Starting Adaptive Rho Trial 138 ===
Adaptive,138,22042,20859,1183,277,70.00

=== Starting Adaptive Rho Trial 139 ===
Adaptive,139,8050,7600,450,100,70.00

=== Starting Adaptive Rho Trial 140 ===
Adaptive,140,5416,5116,300,67,70.00

=== Starting Adaptive Rho Trial 141 ===
Adaptive,141,24491,23183,1308,308,70.00

=== Starting Adaptive Rho Trial 142 ===
Adaptive,142,7537,7132,405,94,70.00

=== Starting Adaptive Rho Trial 143 ===
Adaptive,143,8724,8256,468,109,70.00

=== Starting Adaptive Rho Trial 144 ===
Adaptive,144,5487,5187,300,68,70.00

=== Starting Adaptive Rho Trial 145 ===
Adaptive,145,6462,6098,364,80,70.00

=== Starting Adaptive Rho Trial 146 ===
Adaptive,146,10817,10223,594,135,70.00

=== Starting Adaptive Rho Trial 147 ===
Adaptive,147,21251,20110,1141,267,70.00

=== Starting Adaptive Rho Trial 148 ===
Adaptive,148,13476,12756,720,169,70.00

=== Starting Adaptive Rho Trial 149 ===
Adaptive,149,7792,7366,426,97,70.00

=== Starting Adaptive Rho Trial 150 ===
Adaptive,150,13477,12756,721,169,70.00

=== Starting Adaptive Rho Trial 151 ===
Adaptive,151,8512,8044,468,106,70.00

=== Starting Adaptive Rho Trial 152 ===
Adaptive,152,5275,4974,300,65,70.00

=== Starting Adaptive Rho Trial 153 ===
Adaptive,153,11609,10972,637,145,70.00

=== Starting Adaptive Rho Trial 154 ===
Adaptive,154,5811,5490,321,72,70.00

=== Starting Adaptive Rho Trial 155 ===
Adaptive,155,8583,8115,468,107,70.00

=== Starting Adaptive Rho Trial 156 ===
Adaptive,156,13477,12757,720,169,70.00

=== Starting Adaptive Rho Trial 157 ===
Adaptive,157,9700,9169,531,121,70.00

=== Starting Adaptive Rho Trial 158 ===
Adaptive,158,12148,11491,657,152,70.00

=== Starting Adaptive Rho Trial 159 ===
Adaptive,159,5953,5632,321,74,70.00

=== Starting Adaptive Rho Trial 160 ===
Adaptive,160,5557,5257,300,69,70.00

=== Starting Adaptive Rho Trial 161 ===
Adaptive,161,12005,11347,658,150,70.00

=== Starting Adaptive Rho Trial 162 ===
Adaptive,162,5956,5633,323,74,70.00

=== Starting Adaptive Rho Trial 163 ===
Adaptive,163,7933,7507,426,99,70.00

=== Starting Adaptive Rho Trial 164 ===
Adaptive,164,5488,5187,301,68,70.00

=== Starting Adaptive Rho Trial 165 ===
Adaptive,165,10309,9756,553,129,70.00

=== Starting Adaptive Rho Trial 166 ===
Adaptive,166,12541,11863,678,157,70.00

=== Starting Adaptive Rho Trial 167 ===
Adaptive,167,10633,10060,573,133,70.00

=== Starting Adaptive Rho Trial 168 ===
Adaptive,168,17039,16128,911,214,70.00

=== Starting Adaptive Rho Trial 169 ===
Adaptive,169,10308,9756,552,129,70.00

=== Starting Adaptive Rho Trial 170 ===
Adaptive,170,6462,6099,363,80,70.00

=== Starting Adaptive Rho Trial 171 ===
Adaptive,171,15385,14560,825,193,70.00

=== Starting Adaptive Rho Trial 172 ===
Adaptive,172,17692,16737,954,222,70.00

=== Starting Adaptive Rho Trial 173 ===
Adaptive,173,33788,31975,1813,425,70.00

=== Starting Adaptive Rho Trial 174 ===
Adaptive,174,11424,10809,615,143,70.00

=== Starting Adaptive Rho Trial 175 ===
Adaptive,175,7721,7294,426,96,70.00

=== Starting Adaptive Rho Trial 176 ===
Adaptive,176,12146,11489,657,152,70.00

=== Starting Adaptive Rho Trial 177 ===
Adaptive,177,8726,8257,469,109,70.00

=== Starting Adaptive Rho Trial 178 ===
Adaptive,178,10423,9850,573,130,70.00

=== Starting Adaptive Rho Trial 179 ===
Adaptive,179,14990,14186,804,188,70.00

=== Starting Adaptive Rho Trial 180 ===
Adaptive,180,6676,6312,364,83,70.00

=== Starting Adaptive Rho Trial 181 ===
Adaptive,181,5164,4883,281,64,70.00

=== Starting Adaptive Rho Trial 182 ===
Adaptive,182,7721,7294,427,96,70.00

=== Starting Adaptive Rho Trial 183 ===
Adaptive,183,19602,18545,1057,246,70.00

=== Starting Adaptive Rho Trial 184 ===
Adaptive,184,7466,7060,405,93,70.00

=== Starting Adaptive Rho Trial 185 ===
Adaptive,185,11893,11257,636,149,70.00

=== Starting Adaptive Rho Trial 186 ===
Adaptive,186,10097,9545,552,126,70.00

=== Starting Adaptive Rho Trial 187 ===
Adaptive,187,13406,12685,721,168,70.00

=== Starting Adaptive Rho Trial 188 ===
Adaptive,188,24564,23256,1308,309,70.00

=== Starting Adaptive Rho Trial 189 ===
Adaptive,189,8837,8348,489,110,70.00

=== Starting Adaptive Rho Trial 190 ===
Adaptive,190,10420,9847,573,130,70.00

=== Starting Adaptive Rho Trial 191 ===
Adaptive,191,8838,8348,490,110,70.00

=== Starting Adaptive Rho Trial 192 ===
Adaptive,192,8259,7811,448,103,70.00

=== Starting Adaptive Rho Trial 193 ===
Adaptive,193,9771,9239,532,122,70.00

=== Starting Adaptive Rho Trial 194 ===
Adaptive,194,7537,7132,405,94,70.00

=== Starting Adaptive Rho Trial 195 ===
Adaptive,195,12867,12167,700,161,70.00

=== Starting Adaptive Rho Trial 196 ===
Adaptive,196,13871,13129,742,174,70.00

=== Starting Adaptive Rho Trial 197 ===
Adaptive,197,20392,19294,1098,256,70.00

=== Starting Adaptive Rho Trial 198 ===
Adaptive,198,27051,25594,1457,340,70.00

=== Starting Adaptive Rho Trial 199 ===
Adaptive,199,15058,14254,804,189,70.00

=== Starting Adaptive Rho Trial 200 ===
Adaptive,200,5812,5491,321,72,70.00

=== Starting Adaptive Rho Trial 201 ===
Adaptive,201,12545,11864,680,157,70.00

=== Starting Adaptive Rho Trial 202 ===
Adaptive,202,5557,5257,300,69,70.00

=== Starting Adaptive Rho Trial 203 ===
Adaptive,203,8328,7881,447,104,70.00

=== Starting Adaptive Rho Trial 204 ===
Adaptive,204,12685,12007,678,159,70.00

=== Starting Adaptive Rho Trial 205 ===
Adaptive,205,5416,5116,300,67,70.00

=== Starting Adaptive Rho Trial 206 ===
Adaptive,206,11284,10669,615,141,70.00

=== Starting Adaptive Rho Trial 207 ===
Adaptive,207,9375,8865,510,117,70.00

=== Starting Adaptive Rho Trial 208 ===
Adaptive,208,9701,9170,531,121,70.00

=== Starting Adaptive Rho Trial 209 ===
Adaptive,209,8583,8114,468,107,70.00

=== Starting Adaptive Rho Trial 210 ===
Adaptive,210,19529,18472,1057,245,70.00

=== Starting Adaptive Rho Trial 211 ===
Adaptive,211,16642,15754,888,209,70.00

=== Starting Adaptive Rho Trial 212 ===
Adaptive,212,7863,7437,426,98,70.00

=== Starting Adaptive Rho Trial 213 ===
Adaptive,213,8837,8348,489,110,70.00

=== Starting Adaptive Rho Trial 214 ===
Adaptive,214,12147,11490,657,152,70.00

=== Starting Adaptive Rho Trial 215 ===
Adaptive,215,15784,14937,847,198,70.00

=== Starting Adaptive Rho Trial 216 ===
Adaptive,216,8117,7670,447,101,70.00

=== Starting Adaptive Rho Trial 217 ===
Adaptive,217,9233,8723,510,115,70.00

=== Starting Adaptive Rho Trial 218 ===
Adaptive,218,10705,10131,574,134,70.00

=== Starting Adaptive Rho Trial 219 ===
Adaptive,219,6858,6474,384,85,70.00

=== Starting Adaptive Rho Trial 220 ===
Adaptive,220,6349,6007,342,79,70.00

=== Starting Adaptive Rho Trial 221 ===
Adaptive,221,5274,4974,300,65,70.00

=== Starting Adaptive Rho Trial 222 ===
Adaptive,222,7395,6990,405,92,70.00

=== Starting Adaptive Rho Trial 223 ===
Adaptive,223,7466,7061,405,93,70.00

=== Starting Adaptive Rho Trial 224 ===
Adaptive,224,22764,21540,1224,286,70.00

=== Starting Adaptive Rho Trial 225 ===
Adaptive,225,7324,6919,405,91,70.00

=== Starting Adaptive Rho Trial 226 ===
Adaptive,226,21111,19971,1140,265,70.00

=== Starting Adaptive Rho Trial 227 ===
Adaptive,227,8188,7740,448,102,70.00

=== Starting Adaptive Rho Trial 228 ===
Adaptive,228,5884,5562,321,73,70.00

=== Starting Adaptive Rho Trial 229 ===
Adaptive,229,4765,4507,258,59,70.00

=== Starting Adaptive Rho Trial 230 ===
Adaptive,230,7650,7224,426,95,70.00

=== Starting Adaptive Rho Trial 231 ===
Adaptive,231,11610,10974,636,145,70.00

=== Starting Adaptive Rho Trial 232 ===
Adaptive,232,10167,9614,553,127,70.00

=== Starting Adaptive Rho Trial 233 ===
Adaptive,233,13333,12613,720,167,70.00

=== Starting Adaptive Rho Trial 234 ===
Adaptive,234,14128,13364,764,177,70.00

=== Starting Adaptive Rho Trial 235 ===
Adaptive,235,9841,9310,531,123,70.00

=== Starting Adaptive Rho Trial 236 ===
Adaptive,236,6674,6311,363,83,70.00

=== Starting Adaptive Rho Trial 237 ===
Adaptive,237,11213,10598,615,140,70.00

=== Starting Adaptive Rho Trial 238 ===
Adaptive,238,8584,8115,469,107,70.00

=== Starting Adaptive Rho Trial 239 ===
Adaptive,239,6533,6170,363,81,70.00

=== Starting Adaptive Rho Trial 240 ===
Adaptive,240,12796,12097,699,160,70.00

=== Starting Adaptive Rho Trial 241 ===
Adaptive,241,13587,12846,741,170,70.00

=== Starting Adaptive Rho Trial 242 ===
Adaptive,242,8724,8256,468,109,70.00

=== Starting Adaptive Rho Trial 243 ===
Adaptive,243,10238,9686,552,128,70.00

=== Starting Adaptive Rho Trial 244 ===
Adaptive,244,39613,37504,2108,500,70.00

=== Starting Adaptive Rho Trial 245 ===
Adaptive,245,6462,6099,363,80,70.00

=== Starting Adaptive Rho Trial 246 ===
Adaptive,246,11428,10810,617,143,70.00

=== Starting Adaptive Rho Trial 247 ===
Adaptive,247,10493,9919,574,131,70.00

=== Starting Adaptive Rho Trial 248 ===
Adaptive,248,6675,6311,363,83,70.00

=== Starting Adaptive Rho Trial 249 ===
Adaptive,249,8655,8187,468,108,70.00

=== Starting Adaptive Rho Trial 250 ===
Adaptive,250,5092,4812,280,63,70.00

=== Starting Adaptive Rho Trial 251 ===
Adaptive,251,7325,6919,406,91,70.00

=== Starting Adaptive Rho Trial 252 ===
Adaptive,252,6533,6170,363,81,70.00

=== Starting Adaptive Rho Trial 253 ===
Adaptive,253,30433,28810,1623,383,70.00

=== Starting Adaptive Rho Trial 254 ===
Adaptive,254,19132,18097,1035,240,70.00

=== Starting Adaptive Rho Trial 255 ===
Adaptive,255,20323,19222,1101,255,70.00

=== Starting Adaptive Rho Trial 256 ===
Adaptive,256,7932,7506,426,99,70.00

=== Starting Adaptive Rho Trial 257 ===
Adaptive,257,6604,6240,364,82,70.00

=== Starting Adaptive Rho Trial 258 ===
Adaptive,258,8187,7740,447,102,70.00

=== Starting Adaptive Rho Trial 259 ===
Adaptive,259,8258,7811,447,103,70.00

=== Starting Adaptive Rho Trial 260 ===
Adaptive,260,4624,4366,258,57,70.00

=== Starting Adaptive Rho Trial 261 ===
Adaptive,261,24889,23560,1329,313,70.00

=== Starting Adaptive Rho Trial 262 ===
Adaptive,262,7254,6849,405,90,70.00

=== Starting Adaptive Rho Trial 263 ===
Adaptive,263,10167,9615,552,127,70.00

=== Starting Adaptive Rho Trial 264 ===
Adaptive,264,5811,5490,321,72,70.00

=== Starting Adaptive Rho Trial 265 ===
Adaptive,265,9445,8935,510,118,70.00

=== Starting Adaptive Rho Trial 266 ===
Adaptive,266,9375,8864,511,117,70.00

=== Starting Adaptive Rho Trial 267 ===
Adaptive,267,14663,13879,784,184,70.00

=== Starting Adaptive Rho Trial 268 ===
Adaptive,268,31226,29560,1666,393,70.00

=== Starting Adaptive Rho Trial 269 ===
Adaptive,269,6604,6241,363,82,70.00

=== Starting Adaptive Rho Trial 270 ===
Adaptive,270,14055,13292,763,176,70.00

=== Starting Adaptive Rho Trial 271 ===
Adaptive,271,10888,10294,594,136,70.00

=== Starting Adaptive Rho Trial 272 ===
Adaptive,272,17222,16292,930,216,70.00

=== Starting Adaptive Rho Trial 273 ===
Adaptive,273,5882,5561,321,73,70.00

=== Starting Adaptive Rho Trial 274 ===
Adaptive,274,10096,9544,552,126,70.00

=== Starting Adaptive Rho Trial 275 ===
Adaptive,275,7070,6686,384,88,70.00

=== Starting Adaptive Rho Trial 276 ===
Adaptive,276,12148,11491,657,152,70.00

=== Starting Adaptive Rho Trial 277 ===
Adaptive,277,7070,6686,384,88,70.00

=== Starting Adaptive Rho Trial 278 ===
Adaptive,278,14988,14184,804,188,70.00

=== Starting Adaptive Rho Trial 279 ===
Adaptive,279,16505,15616,889,207,70.00

=== Starting Adaptive Rho Trial 280 ===
Adaptive,280,6675,6311,364,83,70.00

=== Starting Adaptive Rho Trial 281 ===
Adaptive,281,11030,10436,594,138,70.00

=== Starting Adaptive Rho Trial 282 ===
Adaptive,282,26654,25219,1435,335,70.00

=== Starting Adaptive Rho Trial 283 ===
Adaptive,283,5883,5561,321,73,70.00

=== Starting Adaptive Rho Trial 284 ===
Adaptive,284,22118,20935,1183,278,70.00

=== Starting Adaptive Rho Trial 285 ===
Adaptive,285,16899,15988,911,212,70.00

=== Starting Adaptive Rho Trial 286 ===
Adaptive,286,11821,11185,636,148,70.00

=== Starting Adaptive Rho Trial 287 ===
Adaptive,287,7792,7365,427,97,70.00

=== Starting Adaptive Rho Trial 288 ===
Adaptive,288,15640,14794,846,196,70.00

=== Starting Adaptive Rho Trial 289 ===
Adaptive,289,11610,10973,637,145,70.00

=== Starting Adaptive Rho Trial 290 ===
Adaptive,290,6674,6311,363,83,70.00

=== Starting Adaptive Rho Trial 291 ===
Adaptive,291,8909,8420,489,111,70.00

=== Starting Adaptive Rho Trial 292 ===
Adaptive,292,9376,8865,510,117,70.00

=== Starting Adaptive Rho Trial 293 ===
Adaptive,293,10421,9848,573,130,70.00

=== Starting Adaptive Rho Trial 294 ===
Adaptive,294,17689,16737,952,222,70.00

=== Starting Adaptive Rho Trial 295 ===
Adaptive,295,5953,5632,321,74,70.00

=== Starting Adaptive Rho Trial 296 ===
Adaptive,296,6533,6170,363,81,70.00

=== Starting Adaptive Rho Trial 297 ===
Adaptive,297,13872,13131,741,174,70.00

=== Starting Adaptive Rho Trial 298 ===
Adaptive,298,15714,14867,847,197,70.00

=== Starting Adaptive Rho Trial 299 ===
Adaptive,299,10493,9920,573,131,70.00

=== Starting Adaptive Rho Trial 300 ===
Adaptive,300,7864,7436,428,98,70.00

=== Starting Adaptive Rho Trial 301 ===
Adaptive,301,25357,24005,1352,319,70.00

=== Starting Adaptive Rho Trial 302 ===
Adaptive,302,39612,37505,2107,500,70.00

=== Starting Adaptive Rho Trial 303 ===
Adaptive,303,6462,6099,363,80,70.00

=== Starting Adaptive Rho Trial 304 ===
Adaptive,304,7536,7131,405,94,70.00

=== Starting Adaptive Rho Trial 305 ===
Adaptive,305,9049,8560,489,113,70.00

=== Starting Adaptive Rho Trial 306 ===
Adaptive,306,9050,8560,490,113,70.00

=== Starting Adaptive Rho Trial 307 ===
Adaptive,307,5161,4882,279,64,70.00

=== Starting Adaptive Rho Trial 308 ===
Adaptive,308,10958,10364,594,137,70.00

=== Starting Adaptive Rho Trial 309 ===
Adaptive,309,7539,7132,407,94,70.00

=== Starting Adaptive Rho Trial 310 ===
Adaptive,310,11496,10881,615,144,70.00

=== Starting Adaptive Rho Trial 311 ===
Adaptive,311,16756,15846,910,210,70.00

=== Starting Adaptive Rho Trial 312 ===
Adaptive,312,13010,12310,700,163,70.00

=== Starting Adaptive Rho Trial 313 ===
Adaptive,313,10633,10060,573,133,70.00

=== Starting Adaptive Rho Trial 314 ===
Adaptive,314,12006,11348,658,150,70.00

=== Starting Adaptive Rho Trial 315 ===
Adaptive,315,15313,14488,825,192,70.00

=== Starting Adaptive Rho Trial 316 ===
Adaptive,316,11821,11184,637,148,70.00

=== Starting Adaptive Rho Trial 317 ===
Adaptive,317,9050,8561,489,113,70.00

=== Starting Adaptive Rho Trial 318 ===
Adaptive,318,26541,25126,1415,334,70.00

=== Starting Adaptive Rho Trial 319 ===
Adaptive,319,16247,15380,867,204,70.00

=== Starting Adaptive Rho Trial 320 ===
Adaptive,320,8654,8186,468,108,70.00

=== Starting Adaptive Rho Trial 321 ===
Adaptive,321,11100,10505,594,139,70.00

=== Starting Adaptive Rho Trial 322 ===
Adaptive,322,9843,9310,532,123,70.00

=== Starting Adaptive Rho Trial 323 ===
Adaptive,323,8655,8186,468,108,70.00

=== Starting Adaptive Rho Trial 324 ===
Adaptive,324,5275,4975,300,65,70.00

=== Starting Adaptive Rho Trial 325 ===
Adaptive,325,6462,6098,363,80,70.00

=== Starting Adaptive Rho Trial 326 ===
Adaptive,326,13192,12472,720,165,70.00

=== Starting Adaptive Rho Trial 327 ===
Adaptive,327,6929,6545,384,86,70.00

=== Starting Adaptive Rho Trial 328 ===
Adaptive,328,6209,5866,342,77,70.00

=== Starting Adaptive Rho Trial 329 ===
Adaptive,329,9233,8723,510,115,70.00

=== Starting Adaptive Rho Trial 330 ===
Adaptive,330,7001,6616,385,87,70.00

=== Starting Adaptive Rho Trial 331 ===
Adaptive,331,7395,6990,405,92,70.00

=== Starting Adaptive Rho Trial 332 ===
Adaptive,332,18622,17629,993,234,70.00

=== Starting Adaptive Rho Trial 333 ===
Adaptive,333,11891,11255,636,149,70.00

=== Starting Adaptive Rho Trial 334 ===
Adaptive,334,5670,5349,321,70,70.00

=== Starting Adaptive Rho Trial 335 ===
Adaptive,335,7255,6849,405,90,70.00

=== Starting Adaptive Rho Trial 336 ===
Adaptive,336,8908,8418,490,111,70.00

=== Starting Adaptive Rho Trial 337 ===
Adaptive,337,19668,18612,1056,247,70.00

=== Starting Adaptive Rho Trial 338 ===
Adaptive,338,7932,7506,426,99,70.00

=== Starting Adaptive Rho Trial 339 ===
Adaptive,339,8654,8186,468,108,70.00

=== Starting Adaptive Rho Trial 340 ===
Adaptive,340,37093,35111,1982,467,70.00

=== Starting Adaptive Rho Trial 341 ===
Adaptive,341,16430,15542,888,206,70.00

=== Starting Adaptive Rho Trial 342 ===
Adaptive,342,4299,4062,237,53,70.00

=== Starting Adaptive Rho Trial 343 ===
Adaptive,343,30361,28737,1623,382,70.00

=== Starting Adaptive Rho Trial 344 ===
Adaptive,344,7466,7061,405,93,70.00

=== Starting Adaptive Rho Trial 345 ===
Adaptive,345,7933,7506,427,99,70.00

=== Starting Adaptive Rho Trial 346 ===
Adaptive,346,6351,6007,343,79,70.00

=== Starting Adaptive Rho Trial 347 ===
Adaptive,347,9050,8560,490,113,70.00

=== Starting Adaptive Rho Trial 348 ===
Adaptive,348,6858,6474,384,85,70.00

=== Starting Adaptive Rho Trial 349 ===
Adaptive,349,4624,4366,258,57,70.00

=== Starting Adaptive Rho Trial 350 ===
Adaptive,350,8259,7811,448,103,70.00

=== Starting Adaptive Rho Trial 351 ===
Adaptive,351,15964,15095,868,200,70.00

=== Starting Adaptive Rho Trial 352 ===
Adaptive,352,13730,12989,741,172,70.00

=== Starting Adaptive Rho Trial 353 ===
Adaptive,353,9121,8632,489,114,70.00

=== Starting Adaptive Rho Trial 354 ===
Adaptive,354,7396,6991,405,92,70.00

=== Starting Adaptive Rho Trial 355 ===
Adaptive,355,8441,7973,468,105,70.00

=== Starting Adaptive Rho Trial 356 ===
Adaptive,356,19743,18687,1056,248,70.00

=== Starting Adaptive Rho Trial 357 ===
Adaptive,357,5671,5349,322,70,70.00

=== Starting Adaptive Rho Trial 358 ===
Adaptive,358,7862,7436,426,98,70.00

=== Starting Adaptive Rho Trial 359 ===
Adaptive,359,5487,5187,300,68,70.00

=== Starting Adaptive Rho Trial 360 ===
Adaptive,360,7253,6848,405,90,70.00

=== Starting Adaptive Rho Trial 361 ===
Adaptive,361,6999,6615,384,87,70.00

=== Starting Adaptive Rho Trial 362 ===
Adaptive,362,8330,7882,448,104,70.00

=== Starting Adaptive Rho Trial 363 ===
Adaptive,363,4369,4132,237,54,70.00

=== Starting Adaptive Rho Trial 364 ===
Adaptive,364,7650,7223,427,95,70.00

=== Starting Adaptive Rho Trial 365 ===
Adaptive,365,20330,19224,1106,255,70.00

=== Starting Adaptive Rho Trial 366 ===
Adaptive,366,25606,24235,1371,322,70.00

=== Starting Adaptive Rho Trial 367 ===
Adaptive,367,10563,9990,573,132,70.00

=== Starting Adaptive Rho Trial 368 ===
Adaptive,368,16502,15614,888,207,70.00

=== Starting Adaptive Rho Trial 369 ===
Adaptive,369,8726,8256,469,109,70.00

=== Starting Adaptive Rho Trial 370 ===
Adaptive,370,7466,7061,405,93,70.00

=== Starting Adaptive Rho Trial 371 ===
Adaptive,371,9629,9098,531,120,70.00

=== Starting Adaptive Rho Trial 372 ===
Adaptive,372,7538,7132,406,94,70.00

=== Starting Adaptive Rho Trial 373 ===
Adaptive,373,8583,8115,468,107,70.00

=== Starting Adaptive Rho Trial 374 ===
Adaptive,374,9774,9240,534,122,70.00

=== Starting Adaptive Rho Trial 375 ===
Adaptive,375,12797,12098,699,160,70.00

=== Starting Adaptive Rho Trial 376 ===
Adaptive,376,8187,7740,447,102,70.00

=== Starting Adaptive Rho Trial 377 ===
Adaptive,377,17293,16362,930,217,70.00

=== Starting Adaptive Rho Trial 378 ===
Adaptive,378,7537,7132,405,94,70.00

=== Starting Adaptive Rho Trial 379 ===
Adaptive,379,16360,15471,888,205,70.00

=== Starting Adaptive Rho Trial 380 ===
Adaptive,380,12288,11630,658,154,70.00

=== Starting Adaptive Rho Trial 381 ===
Adaptive,381,10565,9990,575,132,70.00

=== Starting Adaptive Rho Trial 382 ===
Adaptive,382,6745,6382,363,84,70.00

=== Starting Adaptive Rho Trial 383 ===
Adaptive,383,10238,9685,552,128,70.00

=== Starting Adaptive Rho Trial 384 ===
Adaptive,384,8654,8185,469,108,70.00

=== Starting Adaptive Rho Trial 385 ===
Adaptive,385,31804,30097,1707,400,70.00

=== Starting Adaptive Rho Trial 386 ===
Adaptive,386,12472,11793,678,156,70.00

=== Starting Adaptive Rho Trial 387 ===
Adaptive,387,7932,7506,426,99,70.00

=== Starting Adaptive Rho Trial 388 ===
Adaptive,388,9446,8936,510,118,70.00

=== Starting Adaptive Rho Trial 389 ===
Adaptive,389,10816,10222,594,135,70.00

=== Starting Adaptive Rho Trial 390 ===
Adaptive,390,9305,8794,511,116,70.00

=== Starting Adaptive Rho Trial 391 ===
Adaptive,391,8117,7670,447,101,70.00

=== Starting Adaptive Rho Trial 392 ===
Adaptive,392,13335,12614,721,167,70.00

=== Starting Adaptive Rho Trial 393 ===
Adaptive,393,15641,14792,849,196,70.00

=== Starting Adaptive Rho Trial 394 ===
Adaptive,394,11355,10739,615,142,70.00

=== Starting Adaptive Rho Trial 395 ===
Adaptive,395,8724,8256,468,109,70.00

=== Starting Adaptive Rho Trial 396 ===
Adaptive,396,7396,6990,406,92,70.00

=== Starting Adaptive Rho Trial 397 ===
Adaptive,397,5557,5257,300,69,70.00

=== Starting Adaptive Rho Trial 398 ===
Adaptive,398,10167,9615,552,127,70.00

=== Starting Adaptive Rho Trial 399 ===
Adaptive,399,12471,11793,678,156,70.00

=== Starting Adaptive Rho Trial 400 ===
Adaptive,400,16180,15310,870,203,70.00

=== Starting Adaptive Rho Trial 401 ===
Adaptive,401,7467,7061,406,93,70.00

=== Starting Adaptive Rho Trial 402 ===
Adaptive,402,10168,9616,552,127,70.00

=== Starting Adaptive Rho Trial 403 ===
Adaptive,403,14594,13811,783,183,70.00

=== Starting Adaptive Rho Trial 404 ===
Adaptive,404,6351,6007,343,79,70.00

=== Starting Adaptive Rho Trial 405 ===
Adaptive,405,7791,7365,426,97,70.00

=== Starting Adaptive Rho Trial 406 ===
Adaptive,406,8979,8490,489,112,70.00

=== Starting Adaptive Rho Trial 407 ===
Adaptive,407,6533,6169,363,81,70.00

=== Starting Adaptive Rho Trial 408 ===
Adaptive,408,6858,6474,384,85,70.00

=== Starting Adaptive Rho Trial 409 ===
Adaptive,409,6674,6311,363,83,70.00

=== Starting Adaptive Rho Trial 410 ===
Adaptive,410,13477,12756,720,169,70.00

=== Starting Adaptive Rho Trial 411 ===
Adaptive,411,7466,7061,405,93,70.00

=== Starting Adaptive Rho Trial 412 ===
Adaptive,412,11102,10505,596,139,70.00

=== Starting Adaptive Rho Trial 413 ===
Adaptive,413,12542,11864,678,157,70.00

=== Starting Adaptive Rho Trial 414 ===
Adaptive,414,8725,8257,468,109,70.00

=== Starting Adaptive Rho Trial 415 ===
Adaptive,415,10959,10365,594,137,70.00

=== Starting Adaptive Rho Trial 416 ===
Adaptive,416,10309,9757,552,129,70.00

=== Starting Adaptive Rho Trial 417 ===
Adaptive,417,6999,6615,384,87,70.00

=== Starting Adaptive Rho Trial 418 ===
Adaptive,418,7070,6686,384,88,70.00

=== Starting Adaptive Rho Trial 419 ===
Adaptive,419,9305,8794,511,116,70.00

=== Starting Adaptive Rho Trial 420 ===
Adaptive,420,14267,13505,762,179,70.00

=== Starting Adaptive Rho Trial 421 ===
Adaptive,421,12541,11863,678,157,70.00

=== Starting Adaptive Rho Trial 422 ===
Adaptive,422,8046,7598,448,100,70.00

=== Starting Adaptive Rho Trial 423 ===
Adaptive,423,11681,11044,636,146,70.00

=== Starting Adaptive Rho Trial 424 ===
Adaptive,424,12542,11864,678,157,70.00

=== Starting Adaptive Rho Trial 425 ===
Adaptive,425,10026,9472,553,125,70.00

=== Starting Adaptive Rho Trial 426 ===
Adaptive,426,13986,13223,763,175,70.00

=== Starting Adaptive Rho Trial 427 ===
Adaptive,427,10096,9544,552,126,70.00

=== Starting Adaptive Rho Trial 428 ===
Adaptive,428,6208,5866,342,77,70.00

=== Starting Adaptive Rho Trial 429 ===
Adaptive,429,6928,6544,384,86,70.00

=== Starting Adaptive Rho Trial 430 ===
Adaptive,430,8258,7811,447,103,70.00

=== Starting Adaptive Rho Trial 431 ===
Adaptive,431,4949,4670,279,61,70.00

=== Starting Adaptive Rho Trial 432 ===
Adaptive,432,18229,17257,972,229,70.00

=== Starting Adaptive Rho Trial 433 ===
Adaptive,433,11497,10882,615,144,70.00

=== Starting Adaptive Rho Trial 434 ===
Adaptive,434,7000,6615,384,87,70.00

=== Starting Adaptive Rho Trial 435 ===
Adaptive,435,19668,18612,1056,247,70.00

=== Starting Adaptive Rho Trial 436 ===
Adaptive,436,14777,13972,805,185,70.00

=== Starting Adaptive Rho Trial 437 ===
Adaptive,437,11892,11255,637,149,70.00

=== Starting Adaptive Rho Trial 438 ===
Adaptive,438,7537,7132,405,94,70.00

=== Starting Adaptive Rho Trial 439 ===
Adaptive,439,5812,5491,321,72,70.00

=== Starting Adaptive Rho Trial 440 ===
Adaptive,440,9912,9381,531,124,70.00

=== Starting Adaptive Rho Trial 441 ===
Adaptive,441,7862,7436,426,98,70.00

=== Starting Adaptive Rho Trial 442 ===
Adaptive,442,6207,5865,342,77,70.00

=== Starting Adaptive Rho Trial 443 ===
Adaptive,443,7933,7507,426,99,70.00

=== Starting Adaptive Rho Trial 444 ===
Adaptive,444,9122,8632,489,114,70.00

=== Starting Adaptive Rho Trial 445 ===
Adaptive,445,8117,7670,447,101,70.00

=== Starting Adaptive Rho Trial 446 ===
Adaptive,446,11751,11115,636,147,70.00

=== Starting Adaptive Rho Trial 447 ===
Adaptive,447,12005,11347,658,150,70.00

=== Starting Adaptive Rho Trial 448 ===
Adaptive,448,9914,9381,533,124,70.00

=== Starting Adaptive Rho Trial 449 ===
Adaptive,449,7861,7435,426,98,70.00

=== Starting Adaptive Rho Trial 450 ===
Adaptive,450,7720,7294,426,96,70.00

=== Starting Adaptive Rho Trial 451 ===
Adaptive,451,10817,10223,594,135,70.00

=== Starting Adaptive Rho Trial 452 ===
Adaptive,452,6137,5795,342,76,70.00

=== Starting Adaptive Rho Trial 453 ===
Adaptive,453,5671,5349,322,70,70.00

=== Starting Adaptive Rho Trial 454 ===
Adaptive,454,4949,4670,279,61,70.00

=== Starting Adaptive Rho Trial 455 ===
Adaptive,455,16898,15989,909,212,70.00

=== Starting Adaptive Rho Trial 456 ===
Adaptive,456,7070,6686,384,88,70.00

=== Starting Adaptive Rho Trial 457 ===
Adaptive,457,26256,24843,1413,330,70.00

=== Starting Adaptive Rho Trial 458 ===
Adaptive,458,12218,11561,657,153,70.00

=== Starting Adaptive Rho Trial 459 ===
Adaptive,459,22698,21473,1225,285,70.00

=== Starting Adaptive Rho Trial 460 ===
Adaptive,460,10024,9472,552,125,70.00

=== Starting Adaptive Rho Trial 461 ===
Adaptive,461,5812,5491,321,72,70.00

=== Starting Adaptive Rho Trial 462 ===
Adaptive,462,18736,17721,1015,235,70.00

=== Starting Adaptive Rho Trial 463 ===
Adaptive,463,15639,14793,846,196,70.00

=== Starting Adaptive Rho Trial 464 ===
Adaptive,464,7933,7507,426,99,70.00

=== Starting Adaptive Rho Trial 465 ===
Adaptive,465,7397,6991,406,92,70.00

=== Starting Adaptive Rho Trial 466 ===
Adaptive,466,8258,7810,448,103,70.00

=== Starting Adaptive Rho Trial 467 ===
Adaptive,467,6604,6241,363,82,70.00

=== Starting Adaptive Rho Trial 468 ===
Adaptive,468,13588,12847,741,170,70.00

=== Starting Adaptive Rho Trial 469 ===
Adaptive,469,8583,8115,468,107,70.00

=== Starting Adaptive Rho Trial 470 ===
Adaptive,470,7000,6616,384,87,70.00

=== Starting Adaptive Rho Trial 471 ===
Adaptive,471,22698,21474,1224,285,70.00

=== Starting Adaptive Rho Trial 472 ===
Adaptive,472,15384,14558,825,193,70.00

=== Starting Adaptive Rho Trial 473 ===
Adaptive,473,10310,9758,552,129,70.00

=== Starting Adaptive Rho Trial 474 ===
Adaptive,474,8655,8186,469,108,70.00

=== Starting Adaptive Rho Trial 475 ===
Adaptive,475,13801,13060,741,173,70.00

=== Starting Adaptive Rho Trial 476 ===
Adaptive,476,11893,11256,636,149,70.00

=== Starting Adaptive Rho Trial 477 ===
Adaptive,477,7141,6757,384,89,70.00

=== Starting Adaptive Rho Trial 478 ===
Adaptive,478,39613,37506,2107,500,70.00

=== Starting Adaptive Rho Trial 479 ===
Adaptive,479,9630,9098,532,120,70.00

=== Starting Adaptive Rho Trial 480 ===
Adaptive,480,7467,7061,405,93,70.00

=== Starting Adaptive Rho Trial 481 ===
Adaptive,481,10422,9847,575,130,70.00

=== Starting Adaptive Rho Trial 482 ===
Adaptive,482,8187,7740,447,102,70.00

=== Starting Adaptive Rho Trial 483 ===
Adaptive,483,7254,6849,405,90,70.00

=== Starting Adaptive Rho Trial 484 ===
Adaptive,484,4553,4295,258,56,70.00

=== Starting Adaptive Rho Trial 485 ===
Adaptive,485,6858,6474,384,85,70.00

=== Starting Adaptive Rho Trial 486 ===
Adaptive,486,6137,5795,342,76,70.00

=== Starting Adaptive Rho Trial 487 ===
Adaptive,487,13984,13222,762,175,70.00

=== Starting Adaptive Rho Trial 488 ===
Adaptive,488,11496,10881,615,144,70.00

=== Starting Adaptive Rho Trial 489 ===
Adaptive,489,4878,4599,279,60,70.00

=== Starting Adaptive Rho Trial 490 ===
Adaptive,490,39613,37506,2107,500,70.00

=== Starting Adaptive Rho Trial 491 ===
Adaptive,491,18342,17348,994,230,70.00

=== Starting Adaptive Rho Trial 492 ===
Adaptive,492,10169,9616,552,127,70.00

=== Starting Adaptive Rho Trial 493 ===
Adaptive,493,4765,4507,258,59,70.00

=== Starting Adaptive Rho Trial 494 ===
Adaptive,494,8655,8186,468,108,70.00

=== Starting Adaptive Rho Trial 495 ===
Adaptive,495,10562,9989,573,132,70.00

=== Starting Adaptive Rho Trial 496 ===
Adaptive,496,37351,35348,2003,470,70.00

=== Starting Adaptive Rho Trial 497 ===
Adaptive,497,14380,13596,784,180,70.00

=== Starting Adaptive Rho Trial 498 ===
Adaptive,498,13802,13060,742,173,70.00

=== Starting Adaptive Rho Trial 499 ===
Adaptive,499,16249,15381,868,204,70.00

=== Starting Adaptive Rho Trial 500 ===
Adaptive,500,8653,8185,468,108,70.00

=== Starting Adaptive Rho Trial 501 ===
Adaptive,501,9700,9169,531,121,70.00

=== Starting Adaptive Rho Trial 502 ===
Adaptive,502,5811,5490,321,72,70.00

=== Starting Adaptive Rho Trial 503 ===
Adaptive,503,18553,17559,994,233,70.00

=== Starting Adaptive Rho Trial 504 ===
Adaptive,504,17945,16973,972,225,70.00

=== Starting Adaptive Rho Trial 505 ===
Adaptive,505,30613,28969,1644,385,70.00

=== Starting Adaptive Rho Trial 506 ===
Adaptive,506,5161,4882,279,64,70.00

=== Starting Adaptive Rho Trial 507 ===
Adaptive,507,8724,8256,468,109,70.00

=== Starting Adaptive Rho Trial 508 ===
Adaptive,508,19276,18241,1035,242,70.00

=== Starting Adaptive Rho Trial 509 ===
Adaptive,509,5884,5562,321,73,70.00

=== Starting Adaptive Rho Trial 510 ===
Adaptive,510,21790,20627,1163,274,70.00

=== Starting Adaptive Rho Trial 511 ===
Adaptive,511,11101,10507,594,139,70.00

=== Starting Adaptive Rho Trial 512 ===
Adaptive,512,12076,11418,658,151,70.00

=== Starting Adaptive Rho Trial 513 ===
Adaptive,513,5671,5349,321,70,70.00

=== Starting Adaptive Rho Trial 514 ===
Adaptive,514,14918,14114,804,187,70.00

=== Starting Adaptive Rho Trial 515 ===
Adaptive,515,8048,7599,448,100,70.00

=== Starting Adaptive Rho Trial 516 ===
Adaptive,516,26473,25059,1414,333,70.00

=== Starting Adaptive Rho Trial 517 ===
Adaptive,517,4228,3991,237,52,70.00

=== Starting Adaptive Rho Trial 518 ===
Adaptive,518,5557,5257,300,69,70.00

=== Starting Adaptive Rho Trial 519 ===
Adaptive,519,5020,4741,279,62,70.00

=== Starting Adaptive Rho Trial 520 ===
Adaptive,520,7325,6920,405,91,70.00

=== Starting Adaptive Rho Trial 521 ===
Adaptive,521,11216,10598,617,140,70.00

=== Starting Adaptive Rho Trial 522 ===
Adaptive,522,8978,8489,489,112,70.00

=== Starting Adaptive Rho Trial 523 ===
Adaptive,523,12145,11488,657,152,70.00

=== Starting Adaptive Rho Trial 524 ===
Adaptive,524,8330,7881,449,104,70.00

=== Starting Adaptive Rho Trial 525 ===
Adaptive,525,22908,21683,1224,288,70.00

=== Starting Adaptive Rho Trial 526 ===
Adaptive,526,10493,9919,574,131,70.00

=== Starting Adaptive Rho Trial 527 ===
Adaptive,527,8116,7669,447,101,70.00

=== Starting Adaptive Rho Trial 528 ===
Adaptive,528,17946,16974,972,225,70.00

=== Starting Adaptive Rho Trial 529 ===
Adaptive,529,7933,7507,426,99,70.00

=== Starting Adaptive Rho Trial 530 ===
Adaptive,530,14384,13596,787,180,70.00

=== Starting Adaptive Rho Trial 531 ===
Adaptive,531,10491,9918,573,131,70.00

=== Starting Adaptive Rho Trial 532 ===
Adaptive,532,7863,7436,426,98,70.00

=== Starting Adaptive Rho Trial 533 ===
Adaptive,533,17692,16740,952,222,70.00

=== Starting Adaptive Rho Trial 534 ===
Adaptive,534,10634,10061,573,133,70.00

=== Starting Adaptive Rho Trial 535 ===
Adaptive,535,26656,25221,1435,335,70.00

=== Starting Adaptive Rho Trial 536 ===
Adaptive,536,4626,4366,259,57,70.00

=== Starting Adaptive Rho Trial 537 ===
Adaptive,537,10494,9919,575,131,70.00

=== Starting Adaptive Rho Trial 538 ===
Adaptive,538,7537,7132,405,94,70.00

=== Starting Adaptive Rho Trial 539 ===
Adaptive,539,27122,25667,1455,341,70.00

=== Starting Adaptive Rho Trial 540 ===
Adaptive,540,7720,7294,426,96,70.00

=== Starting Adaptive Rho Trial 541 ===
Adaptive,541,12544,11863,681,157,70.00

=== Starting Adaptive Rho Trial 542 ===
Adaptive,542,7468,7062,405,93,70.00

=== Starting Adaptive Rho Trial 543 ===
Adaptive,543,6858,6474,384,85,70.00

=== Starting Adaptive Rho Trial 544 ===
Adaptive,544,9912,9381,531,124,70.00

=== Starting Adaptive Rho Trial 545 ===
Adaptive,545,12685,12006,679,159,70.00

=== Starting Adaptive Rho Trial 546 ===
Adaptive,546,8725,8256,468,109,70.00

=== Starting Adaptive Rho Trial 547 ===
Adaptive,547,12403,11723,680,155,70.00

=== Starting Adaptive Rho Trial 548 ===
Adaptive,548,11496,10881,615,144,70.00

=== Starting Adaptive Rho Trial 549 ===
Adaptive,549,5487,5187,300,68,70.00

=== Starting Adaptive Rho Trial 550 ===
Adaptive,550,13985,13223,762,175,70.00

=== Starting Adaptive Rho Trial 551 ===
Adaptive,551,18339,17346,993,230,70.00

=== Starting Adaptive Rho Trial 552 ===
Adaptive,552,4878,4599,279,60,70.00

=== Starting Adaptive Rho Trial 553 ===
Adaptive,553,11609,10973,636,145,70.00

=== Starting Adaptive Rho Trial 554 ===
Adaptive,554,12938,12239,699,162,70.00

=== Starting Adaptive Rho Trial 555 ===
Adaptive,555,7792,7366,426,97,70.00

=== Starting Adaptive Rho Trial 556 ===
Adaptive,556,16433,15543,889,206,70.00

=== Starting Adaptive Rho Trial 557 ===
Adaptive,557,7722,7295,426,96,70.00

=== Starting Adaptive Rho Trial 558 ===
Adaptive,558,5020,4741,279,62,70.00

=== Starting Adaptive Rho Trial 559 ===
Adaptive,559,17947,16972,975,225,70.00

=== Starting Adaptive Rho Trial 560 ===
Adaptive,560,7466,7061,405,93,70.00

=== Starting Adaptive Rho Trial 561 ===
Adaptive,561,8585,8115,470,107,70.00

=== Starting Adaptive Rho Trial 562 ===
Adaptive,562,15639,14792,847,196,70.00

=== Starting Adaptive Rho Trial 563 ===
Adaptive,563,17296,16364,932,217,70.00

=== Starting Adaptive Rho Trial 564 ===
Adaptive,564,13080,12380,699,164,70.00

=== Starting Adaptive Rho Trial 565 ===
Adaptive,565,11680,11044,636,146,70.00

=== Starting Adaptive Rho Trial 566 ===
Adaptive,566,5742,5420,322,71,70.00

=== Starting Adaptive Rho Trial 567 ===
Adaptive,567,5418,5116,302,67,70.00

=== Starting Adaptive Rho Trial 568 ===
Adaptive,568,11212,10597,615,140,70.00

=== Starting Adaptive Rho Trial 569 ===
Adaptive,569,38676,36612,2064,487,70.00

=== Starting Adaptive Rho Trial 570 ===
Adaptive,570,6604,6241,363,82,70.00

=== Starting Adaptive Rho Trial 571 ===
Adaptive,571,12004,11347,657,150,70.00

=== Starting Adaptive Rho Trial 572 ===
Adaptive,572,5090,4811,279,63,70.00

=== Starting Adaptive Rho Trial 573 ===
Adaptive,573,8441,7973,468,105,70.00

=== Starting Adaptive Rho Trial 574 ===
Adaptive,574,7395,6990,405,92,70.00

=== Starting Adaptive Rho Trial 575 ===
Adaptive,575,11752,11114,638,147,70.00

=== Starting Adaptive Rho Trial 576 ===
Adaptive,576,10707,10132,575,134,70.00

=== Starting Adaptive Rho Trial 577 ===
Adaptive,577,8838,8348,489,110,70.00

=== Starting Adaptive Rho Trial 578 ===
Adaptive,578,16970,16061,909,213,70.00

=== Starting Adaptive Rho Trial 579 ===
Adaptive,579,9374,8864,510,117,70.00

=== Starting Adaptive Rho Trial 580 ===
Adaptive,580,8045,7598,447,100,70.00

=== Starting Adaptive Rho Trial 581 ===
Adaptive,581,5486,5186,300,68,70.00

=== Starting Adaptive Rho Trial 582 ===
Adaptive,582,17547,16595,951,220,70.00

=== Starting Adaptive Rho Trial 583 ===
Adaptive,583,7140,6756,384,89,70.00

=== Starting Adaptive Rho Trial 584 ===
Adaptive,584,19417,18381,1036,244,70.00

=== Starting Adaptive Rho Trial 585 ===
Adaptive,585,6462,6099,363,80,70.00

=== Starting Adaptive Rho Trial 586 ===
Adaptive,586,17292,16362,930,217,70.00

=== Starting Adaptive Rho Trial 587 ===
Adaptive,587,12146,11488,658,152,70.00

=== Starting Adaptive Rho Trial 588 ===
Adaptive,588,9120,8631,489,114,70.00

=== Starting Adaptive Rho Trial 589 ===
Adaptive,589,6532,6169,363,81,70.00

=== Starting Adaptive Rho Trial 590 ===
Adaptive,590,10237,9685,552,128,70.00

=== Starting Adaptive Rho Trial 591 ===
Adaptive,591,11427,10810,616,143,70.00

=== Starting Adaptive Rho Trial 592 ===
Adaptive,592,35368,33469,1899,445,70.00

=== Starting Adaptive Rho Trial 593 ===
Adaptive,593,14521,13738,783,182,70.00

=== Starting Adaptive Rho Trial 594 ===
Adaptive,594,19019,18003,1016,239,70.00

=== Starting Adaptive Rho Trial 595 ===
Adaptive,595,9122,8632,489,114,70.00

=== Starting Adaptive Rho Trial 596 ===
Adaptive,596,6207,5865,342,77,70.00

=== Starting Adaptive Rho Trial 597 ===
Adaptive,597,7536,7131,405,94,70.00

=== Starting Adaptive Rho Trial 598 ===
Adaptive,598,9374,8864,510,117,70.00

=== Starting Adaptive Rho Trial 599 ===
Adaptive,599,7863,7436,426,98,70.00

=== Starting Adaptive Rho Trial 600 ===
Adaptive,600,8117,7670,447,101,70.00

=== Starting Adaptive Rho Trial 601 ===
Adaptive,601,13333,12613,720,167,70.00

=== Starting Adaptive Rho Trial 602 ===
Adaptive,602,4878,4599,279,60,70.00

=== Starting Adaptive Rho Trial 603 ===
Adaptive,603,12289,11631,658,154,70.00

=== Starting Adaptive Rho Trial 604 ===
Adaptive,604,8584,8115,469,107,70.00

=== Starting Adaptive Rho Trial 605 ===
Adaptive,605,12147,11489,658,152,70.00

=== Starting Adaptive Rho Trial 606 ===
Adaptive,606,19740,18683,1057,248,70.00

=== Starting Adaptive Rho Trial 607 ===
Adaptive,607,10492,9918,574,131,70.00

=== Starting Adaptive Rho Trial 608 ===
Adaptive,608,7792,7365,426,97,70.00

=== Starting Adaptive Rho Trial 609 ===
Adaptive,609,8909,8420,489,111,70.00

=== Starting Adaptive Rho Trial 610 ===
Adaptive,610,11821,11184,637,148,70.00

=== Starting Adaptive Rho Trial 611 ===
Adaptive,611,5557,5257,300,69,70.00

=== Starting Adaptive Rho Trial 612 ===
Adaptive,612,20926,19807,1119,263,70.00

=== Starting Adaptive Rho Trial 613 ===
Adaptive,613,4881,4599,281,60,70.00

=== Starting Adaptive Rho Trial 614 ===
Adaptive,614,11892,11255,637,149,70.00

=== Starting Adaptive Rho Trial 615 ===
Adaptive,615,14991,14184,806,188,70.00

=== Starting Adaptive Rho Trial 616 ===
Adaptive,616,7721,7295,426,96,70.00

=== Starting Adaptive Rho Trial 617 ===
Adaptive,617,4950,4670,280,61,70.00

=== Starting Adaptive Rho Trial 618 ===
Adaptive,618,10888,10293,595,136,70.00

=== Starting Adaptive Rho Trial 619 ===
Adaptive,619,5161,4882,279,64,70.00

=== Starting Adaptive Rho Trial 620 ===
Adaptive,620,7793,7365,428,97,70.00

=== Starting Adaptive Rho Trial 621 ===
Adaptive,621,7720,7294,426,96,70.00

=== Starting Adaptive Rho Trial 622 ===
Adaptive,622,6999,6615,384,87,70.00

=== Starting Adaptive Rho Trial 623 ===
Adaptive,623,6137,5795,342,76,70.00

=== Starting Adaptive Rho Trial 624 ===
Adaptive,624,13406,12686,720,168,70.00

=== Starting Adaptive Rho Trial 625 ===
Adaptive,625,8979,8490,489,112,70.00

=== Starting Adaptive Rho Trial 626 ===
Adaptive,626,10096,9543,552,126,70.00

=== Starting Adaptive Rho Trial 627 ===
Adaptive,627,17830,16878,952,224,70.00

=== Starting Adaptive Rho Trial 628 ===
Adaptive,628,6137,5795,342,76,70.00

=== Starting Adaptive Rho Trial 629 ===
Adaptive,629,8838,8348,490,110,70.00

=== Starting Adaptive Rho Trial 630 ===
Adaptive,630,12613,11934,679,158,70.00

=== Starting Adaptive Rho Trial 631 ===
Adaptive,631,16645,15755,889,209,70.00

=== Starting Adaptive Rho Trial 632 ===
Adaptive,632,15456,14630,826,194,70.00

=== Starting Adaptive Rho Trial 633 ===
Adaptive,633,8837,8348,489,110,70.00

=== Starting Adaptive Rho Trial 634 ===
Adaptive,634,5953,5632,321,74,70.00

=== Starting Adaptive Rho Trial 635 ===
Adaptive,635,9233,8723,510,115,70.00

=== Starting Adaptive Rho Trial 636 ===
Adaptive,636,25535,24163,1372,321,70.00

=== Starting Adaptive Rho Trial 637 ===
Adaptive,637,16362,15472,890,205,70.00

=== Starting Adaptive Rho Trial 638 ===
Adaptive,638,5274,4974,300,65,70.00

=== Starting Adaptive Rho Trial 639 ===
Adaptive,639,6859,6473,385,85,70.00

=== Starting Adaptive Rho Trial 640 ===
Adaptive,640,17435,16504,931,219,70.00

=== Starting Adaptive Rho Trial 641 ===
Adaptive,641,18481,17488,993,232,70.00

=== Starting Adaptive Rho Trial 642 ===
Adaptive,642,12471,11793,678,156,70.00

=== Starting Adaptive Rho Trial 643 ===
Adaptive,643,12472,11793,679,156,70.00

=== Starting Adaptive Rho Trial 644 ===
Adaptive,644,15455,14629,826,194,70.00

=== Starting Adaptive Rho Trial 645 ===
Adaptive,645,10097,9544,553,126,70.00

=== Starting Adaptive Rho Trial 646 ===
Adaptive,646,16644,15756,888,209,70.00

=== Starting Adaptive Rho Trial 647 ===
Adaptive,647,6675,6311,363,83,70.00

=== Starting Adaptive Rho Trial 648 ===
Adaptive,648,6463,6099,363,80,70.00

=== Starting Adaptive Rho Trial 649 ===
Adaptive,649,12401,11721,679,155,70.00

=== Starting Adaptive Rho Trial 650 ===
Adaptive,650,8908,8419,489,111,70.00

=== Starting Adaptive Rho Trial 651 ===
Adaptive,651,6749,6382,366,84,70.00

=== Starting Adaptive Rho Trial 652 ===
Adaptive,652,13080,12381,699,164,70.00

=== Starting Adaptive Rho Trial 653 ===
Adaptive,653,14451,13668,783,181,70.00

=== Starting Adaptive Rho Trial 654 ===
Adaptive,654,4950,4670,279,61,70.00

=== Starting Adaptive Rho Trial 655 ===
Adaptive,655,9049,8560,489,113,70.00

=== Starting Adaptive Rho Trial 656 ===
Adaptive,656,10494,9920,574,131,70.00

=== Starting Adaptive Rho Trial 657 ===
Adaptive,657,10167,9614,553,127,70.00

=== Starting Adaptive Rho Trial 658 ===
Adaptive,658,5274,4974,300,65,70.00

=== Starting Adaptive Rho Trial 659 ===
Adaptive,659,5952,5631,321,74,70.00

=== Starting Adaptive Rho Trial 660 ===
Adaptive,660,10308,9756,552,129,70.00

=== Starting Adaptive Rho Trial 661 ===
Adaptive,661,9304,8794,510,116,70.00

=== Starting Adaptive Rho Trial 662 ===
Adaptive,662,7325,6920,405,91,70.00

=== Starting Adaptive Rho Trial 663 ===
Adaptive,663,8725,8257,468,109,70.00

=== Starting Adaptive Rho Trial 664 ===
Adaptive,664,4299,4062,237,53,70.00

=== Starting Adaptive Rho Trial 665 ===
Adaptive,665,16969,16059,910,213,70.00

=== Starting Adaptive Rho Trial 666 ===
Adaptive,666,11680,11043,637,146,70.00

=== Starting Adaptive Rho Trial 667 ===
Adaptive,667,8046,7598,448,100,70.00

=== Starting Adaptive Rho Trial 668 ===
Adaptive,668,6209,5866,342,77,70.00

=== Starting Adaptive Rho Trial 669 ===
Adaptive,669,6675,6312,363,83,70.00

=== Starting Adaptive Rho Trial 670 ===
Adaptive,670,5276,4975,300,65,70.00

=== Starting Adaptive Rho Trial 671 ===
Adaptive,671,5670,5349,321,70,70.00

=== Starting Adaptive Rho Trial 672 ===
Adaptive,672,20601,19502,1099,259,70.00

=== Starting Adaptive Rho Trial 673 ===
Adaptive,673,6744,6381,363,84,70.00

=== Starting Adaptive Rho Trial 674 ===
Adaptive,674,8654,8186,468,108,70.00

=== Starting Adaptive Rho Trial 675 ===
Adaptive,675,6603,6240,363,82,70.00

=== Starting Adaptive Rho Trial 676 ===
Adaptive,676,10632,10059,573,133,70.00

=== Starting Adaptive Rho Trial 677 ===
Adaptive,677,11214,10599,615,140,70.00

=== Starting Adaptive Rho Trial 678 ===
Adaptive,678,6674,6311,363,83,70.00

=== Starting Adaptive Rho Trial 679 ===
Adaptive,679,17364,16433,931,218,70.00

=== Starting Adaptive Rho Trial 680 ===
Adaptive,680,8188,7740,448,102,70.00

=== Starting Adaptive Rho Trial 681 ===
Adaptive,681,8442,7974,468,105,70.00

=== Starting Adaptive Rho Trial 682 ===
Adaptive,682,7000,6615,385,87,70.00

=== Starting Adaptive Rho Trial 683 ===
Adaptive,683,7722,7295,427,96,70.00

=== Starting Adaptive Rho Trial 684 ===
Adaptive,684,13008,12309,699,163,70.00

=== Starting Adaptive Rho Trial 685 ===
Adaptive,685,7650,7224,426,95,70.00

=== Starting Adaptive Rho Trial 686 ===
Adaptive,686,7934,7507,427,99,70.00

=== Starting Adaptive Rho Trial 687 ===
Adaptive,687,8654,8186,468,108,70.00

=== Starting Adaptive Rho Trial 688 ===
Adaptive,688,12216,11558,658,153,70.00

=== Starting Adaptive Rho Trial 689 ===
Adaptive,689,9516,9006,510,119,70.00

=== Starting Adaptive Rho Trial 690 ===
Adaptive,690,5487,5187,300,68,70.00

=== Starting Adaptive Rho Trial 691 ===
Adaptive,691,14381,13598,783,180,70.00

=== Starting Adaptive Rho Trial 692 ===
Adaptive,692,10025,9473,552,125,70.00

=== Starting Adaptive Rho Trial 693 ===
Adaptive,693,4228,3991,237,52,70.00

=== Starting Adaptive Rho Trial 694 ===
Adaptive,694,10818,10223,595,135,70.00

=== Starting Adaptive Rho Trial 695 ===
Adaptive,695,19740,18683,1057,248,70.00

=== Starting Adaptive Rho Trial 696 ===
Adaptive,696,8118,7669,448,101,70.00

=== Starting Adaptive Rho Trial 697 ===
Adaptive,697,32272,30543,1729,406,70.00

=== Starting Adaptive Rho Trial 698 ===
Adaptive,698,10634,10061,573,133,70.00

=== Starting Adaptive Rho Trial 699 ===
Adaptive,699,6066,5724,342,75,70.00

=== Starting Adaptive Rho Trial 700 ===
Adaptive,700,39608,37500,2107,500,70.00

=== Starting Adaptive Rho Trial 701 ===
Adaptive,701,6745,6382,363,84,70.00

=== Starting Adaptive Rho Trial 702 ===
Adaptive,702,5953,5632,321,74,70.00

=== Starting Adaptive Rho Trial 703 ===
Adaptive,703,10818,10223,594,135,70.00

=== Starting Adaptive Rho Trial 704 ===
Adaptive,704,7791,7365,426,97,70.00

=== Starting Adaptive Rho Trial 705 ===
Adaptive,705,21328,20188,1140,268,70.00

=== Starting Adaptive Rho Trial 706 ===
Adaptive,706,15461,14633,828,194,70.00

=== Starting Adaptive Rho Trial 707 ===
Adaptive,707,20210,19131,1079,254,70.00

=== Starting Adaptive Rho Trial 708 ===
Adaptive,708,9447,8936,511,118,70.00

=== Starting Adaptive Rho Trial 709 ===
Adaptive,709,12401,11722,678,155,70.00

=== Starting Adaptive Rho Trial 710 ===
Adaptive,710,5953,5632,321,74,70.00

=== Starting Adaptive Rho Trial 711 ===
Adaptive,711,17365,16435,930,218,70.00

=== Starting Adaptive Rho Trial 712 ===
Adaptive,712,8839,8349,489,110,70.00

=== Starting Adaptive Rho Trial 713 ===
Adaptive,713,7933,7507,426,99,70.00

=== Starting Adaptive Rho Trial 714 ===
Adaptive,714,12217,11559,658,153,70.00

=== Starting Adaptive Rho Trial 715 ===
Adaptive,715,8442,7974,468,105,70.00

=== Starting Adaptive Rho Trial 716 ===
Adaptive,716,8328,7881,447,104,70.00

=== Starting Adaptive Rho Trial 717 ===
Adaptive,717,10493,9919,574,131,70.00

=== Starting Adaptive Rho Trial 718 ===
Adaptive,718,9233,8723,510,115,70.00

=== Starting Adaptive Rho Trial 719 ===
Adaptive,719,21110,19969,1141,265,70.00

=== Starting Adaptive Rho Trial 720 ===
Adaptive,720,13405,12684,721,168,70.00

=== Starting Adaptive Rho Trial 721 ===
Adaptive,721,11029,10435,594,138,70.00

=== Starting Adaptive Rho Trial 722 ===
Adaptive,722,4553,4295,258,56,70.00

=== Starting Adaptive Rho Trial 723 ===
Adaptive,723,25069,23719,1350,315,70.00

=== Starting Adaptive Rho Trial 724 ===
Adaptive,724,18621,17628,993,234,70.00

=== Starting Adaptive Rho Trial 725 ===
Adaptive,725,39612,37503,2108,500,70.00

=== Starting Adaptive Rho Trial 726 ===
Adaptive,726,36698,34739,1959,462,70.00

=== Starting Adaptive Rho Trial 727 ===
Adaptive,727,9770,9239,531,122,70.00

=== Starting Adaptive Rho Trial 728 ===
Adaptive,728,13081,12381,700,164,70.00

=== Starting Adaptive Rho Trial 729 ===
Adaptive,729,9701,9169,531,121,70.00

=== Starting Adaptive Rho Trial 730 ===
Adaptive,730,7863,7436,427,98,70.00

=== Starting Adaptive Rho Trial 731 ===
Adaptive,731,10959,10365,594,137,70.00

=== Starting Adaptive Rho Trial 732 ===
Adaptive,732,6928,6544,384,86,70.00

=== Starting Adaptive Rho Trial 733 ===
Adaptive,733,16248,15381,867,204,70.00

=== Starting Adaptive Rho Trial 734 ===
Adaptive,734,8328,7881,447,104,70.00

=== Starting Adaptive Rho Trial 735 ===
Adaptive,735,16176,15309,867,203,70.00

=== Starting Adaptive Rho Trial 736 ===
Adaptive,736,6208,5866,342,77,70.00

=== Starting Adaptive Rho Trial 737 ===
Adaptive,737,8189,7740,449,102,70.00

=== Starting Adaptive Rho Trial 738 ===
Adaptive,738,6745,6382,363,84,70.00

=== Starting Adaptive Rho Trial 739 ===
Adaptive,739,9772,9240,531,122,70.00

=== Starting Adaptive Rho Trial 740 ===
Adaptive,740,15965,15097,868,200,70.00

=== Starting Adaptive Rho Trial 741 ===
Adaptive,741,8910,8419,491,111,70.00

=== Starting Adaptive Rho Trial 742 ===
Adaptive,742,5953,5632,321,74,70.00

=== Starting Adaptive Rho Trial 743 ===
Adaptive,743,19811,18754,1057,249,70.00

=== Starting Adaptive Rho Trial 744 ===
Adaptive,744,16970,16060,910,213,70.00

=== Starting Adaptive Rho Trial 745 ===
Adaptive,745,6349,6007,342,79,70.00

=== Starting Adaptive Rho Trial 746 ===
Adaptive,746,12797,12098,699,160,70.00

=== Starting Adaptive Rho Trial 747 ===
Adaptive,747,9700,9169,531,121,70.00

=== Starting Adaptive Rho Trial 748 ===
Adaptive,748,10421,9848,573,130,70.00

=== Starting Adaptive Rho Trial 749 ===
Adaptive,749,13080,12381,699,164,70.00

=== Starting Adaptive Rho Trial 750 ===
Adaptive,750,11893,11256,637,149,70.00

=== Starting Adaptive Rho Trial 751 ===
Adaptive,751,7070,6686,384,88,70.00

=== Starting Adaptive Rho Trial 752 ===
Adaptive,752,14848,14044,804,186,70.00

=== Starting Adaptive Rho Trial 753 ===
Adaptive,753,9233,8723,510,115,70.00

=== Starting Adaptive Rho Trial 754 ===
Adaptive,754,12868,12167,701,161,70.00

=== Starting Adaptive Rho Trial 755 ===
Adaptive,755,27589,26113,1476,347,70.00

=== Starting Adaptive Rho Trial 756 ===
Adaptive,756,14275,13507,767,179,70.00

=== Starting Adaptive Rho Trial 757 ===
Adaptive,757,14382,13597,785,180,70.00

=== Starting Adaptive Rho Trial 758 ===
Adaptive,758,11355,10739,615,142,70.00

=== Starting Adaptive Rho Trial 759 ===
Adaptive,759,8655,8186,468,108,70.00

=== Starting Adaptive Rho Trial 760 ===
Adaptive,760,6605,6241,364,82,70.00

=== Starting Adaptive Rho Trial 761 ===
Adaptive,761,9841,9310,531,123,70.00

=== Starting Adaptive Rho Trial 762 ===
Adaptive,762,25866,24471,1395,325,70.00

=== Starting Adaptive Rho Trial 763 ===
Adaptive,763,11284,10669,615,141,70.00

=== Starting Adaptive Rho Trial 764 ===
Adaptive,764,7651,7224,426,95,70.00

=== Starting Adaptive Rho Trial 765 ===
Adaptive,765,7070,6686,384,88,70.00

=== Starting Adaptive Rho Trial 766 ===
Adaptive,766,11751,11114,637,147,70.00

=== Starting Adaptive Rho Trial 767 ===
Adaptive,767,11753,11114,639,147,70.00

=== Starting Adaptive Rho Trial 768 ===
Adaptive,768,9772,9239,533,122,70.00

=== Starting Adaptive Rho Trial 769 ===
Adaptive,769,28130,26630,1499,354,70.00

=== Starting Adaptive Rho Trial 770 ===
Adaptive,770,7791,7365,426,97,70.00

=== Starting Adaptive Rho Trial 771 ===
Adaptive,771,6604,6240,364,82,70.00

=== Starting Adaptive Rho Trial 772 ===
Adaptive,772,4949,4670,279,61,70.00

=== Starting Adaptive Rho Trial 773 ===
Adaptive,773,11284,10669,615,141,70.00

=== Starting Adaptive Rho Trial 774 ===
Adaptive,774,6533,6170,363,81,70.00

=== Starting Adaptive Rho Trial 775 ===
Adaptive,775,12685,12007,678,159,70.00

=== Starting Adaptive Rho Trial 776 ===
Adaptive,776,15313,14488,825,192,70.00

=== Starting Adaptive Rho Trial 777 ===
Adaptive,777,7253,6848,405,90,70.00

=== Starting Adaptive Rho Trial 778 ===
Adaptive,778,33783,31971,1812,425,70.00

=== Starting Adaptive Rho Trial 779 ===
Adaptive,779,22767,21542,1225,286,70.00

=== Starting Adaptive Rho Trial 780 ===
Adaptive,780,15710,14864,846,197,70.00

=== Starting Adaptive Rho Trial 781 ===
Adaptive,781,7537,7132,405,94,70.00

=== Starting Adaptive Rho Trial 782 ===
Adaptive,782,13008,12309,699,163,70.00

=== Starting Adaptive Rho Trial 783 ===
Adaptive,783,5275,4974,300,65,70.00

=== Starting Adaptive Rho Trial 784 ===
Adaptive,784,5091,4812,279,63,70.00

=== Starting Adaptive Rho Trial 785 ===
Adaptive,785,15385,14558,826,193,70.00

=== Starting Adaptive Rho Trial 786 ===
Adaptive,786,6210,5866,343,77,70.00

=== Starting Adaptive Rho Trial 787 ===
Adaptive,787,3974,3758,216,49,70.00

=== Starting Adaptive Rho Trial 788 ===
Adaptive,788,5558,5257,301,69,70.00

=== Starting Adaptive Rho Trial 789 ===
Adaptive,789,12076,11418,658,151,70.00

=== Starting Adaptive Rho Trial 790 ===
Adaptive,790,23769,22502,1267,299,70.00

=== Starting Adaptive Rho Trial 791 ===
Adaptive,791,7324,6919,405,91,70.00

=== Starting Adaptive Rho Trial 792 ===
Adaptive,792,5953,5632,321,74,70.00

=== Starting Adaptive Rho Trial 793 ===
Adaptive,793,6137,5795,342,76,70.00

=== Starting Adaptive Rho Trial 794 ===
Adaptive,794,24279,22969,1310,305,70.00

=== Starting Adaptive Rho Trial 795 ===
Adaptive,795,8513,8045,468,106,70.00

=== Starting Adaptive Rho Trial 796 ===
Adaptive,796,7650,7224,426,95,70.00

=== Starting Adaptive Rho Trial 797 ===
Adaptive,797,6462,6099,363,80,70.00

=== Starting Adaptive Rho Trial 798 ===
Adaptive,798,5811,5490,321,72,70.00

=== Starting Adaptive Rho Trial 799 ===
Adaptive,799,4949,4670,279,61,70.00

=== Starting Adaptive Rho Trial 800 ===
Adaptive,800,7396,6990,406,92,70.00

=== Starting Adaptive Rho Trial 801 ===
Adaptive,801,8258,7810,447,103,70.00

=== Starting Adaptive Rho Trial 802 ===
Adaptive,802,8258,7811,447,103,70.00

=== Starting Adaptive Rho Trial 803 ===
Adaptive,803,17038,16129,909,214,70.00

=== Starting Adaptive Rho Trial 804 ===
Adaptive,804,11283,10668,615,141,70.00

=== Starting Adaptive Rho Trial 805 ===
Adaptive,805,8188,7741,447,102,70.00

=== Starting Adaptive Rho Trial 806 ===
Adaptive,806,5742,5420,322,71,70.00

=== Starting Adaptive Rho Trial 807 ===
Adaptive,807,8258,7811,447,103,70.00

=== Starting Adaptive Rho Trial 808 ===
Adaptive,808,8188,7740,447,102,70.00

=== Starting Adaptive Rho Trial 809 ===
Adaptive,809,6462,6099,363,80,70.00

=== Starting Adaptive Rho Trial 810 ===
Adaptive,810,9771,9240,531,122,70.00

=== Starting Adaptive Rho Trial 811 ===
Adaptive,811,13194,12473,720,165,70.00

=== Starting Adaptive Rho Trial 812 ===
Adaptive,812,7864,7436,427,98,70.00

=== Starting Adaptive Rho Trial 813 ===
Adaptive,813,11893,11256,637,149,70.00

=== Starting Adaptive Rho Trial 814 ===
Adaptive,814,6349,6007,342,79,70.00

=== Starting Adaptive Rho Trial 815 ===
Adaptive,815,5345,5045,300,66,70.00

=== Starting Adaptive Rho Trial 816 ===
Adaptive,816,6462,6099,363,80,70.00

=== Starting Adaptive Rho Trial 817 ===
Adaptive,817,14452,13668,784,181,70.00

=== Starting Adaptive Rho Trial 818 ===
Adaptive,818,8117,7669,448,101,70.00

=== Starting Adaptive Rho Trial 819 ===
Adaptive,819,10237,9685,552,128,70.00

=== Starting Adaptive Rho Trial 820 ===
Adaptive,820,13801,13060,741,173,70.00

=== Starting Adaptive Rho Trial 821 ===
Adaptive,821,8837,8348,489,110,70.00

=== Starting Adaptive Rho Trial 822 ===
Adaptive,822,6208,5866,342,77,70.00

=== Starting Adaptive Rho Trial 823 ===
Adaptive,823,7862,7436,426,98,70.00

=== Starting Adaptive Rho Trial 824 ===
Adaptive,824,7142,6757,385,89,70.00

=== Starting Adaptive Rho Trial 825 ===
Adaptive,825,12288,11631,657,154,70.00

=== Starting Adaptive Rho Trial 826 ===
Adaptive,826,5883,5562,321,73,70.00

=== Starting Adaptive Rho Trial 827 ===
Adaptive,827,10959,10364,594,137,70.00

=== Starting Adaptive Rho Trial 828 ===
Adaptive,828,6604,6240,363,82,70.00

=== Starting Adaptive Rho Trial 829 ===
Adaptive,829,19416,18378,1038,244,70.00

=== Starting Adaptive Rho Trial 830 ===
Adaptive,830,12684,12005,678,159,70.00

=== Starting Adaptive Rho Trial 831 ===
Adaptive,831,15779,14933,846,198,70.00

=== Starting Adaptive Rho Trial 832 ===
Adaptive,832,7537,7132,405,94,70.00

=== Starting Adaptive Rho Trial 833 ===
Adaptive,833,5741,5420,321,71,70.00

=== Starting Adaptive Rho Trial 834 ===
Adaptive,834,17040,16131,909,214,70.00

=== Starting Adaptive Rho Trial 835 ===
Adaptive,835,7862,7436,426,98,70.00

=== Starting Adaptive Rho Trial 836 ===
Adaptive,836,9049,8560,489,113,70.00

=== Starting Adaptive Rho Trial 837 ===
Adaptive,837,6208,5865,343,77,70.00

=== Starting Adaptive Rho Trial 838 ===
Adaptive,838,11497,10881,615,144,70.00

=== Starting Adaptive Rho Trial 839 ===
Adaptive,839,29891,28288,1603,376,70.00

=== Starting Adaptive Rho Trial 840 ===
Adaptive,840,8725,8257,468,109,70.00

=== Starting Adaptive Rho Trial 841 ===
Adaptive,841,7861,7435,426,98,70.00

=== Starting Adaptive Rho Trial 842 ===
Adaptive,842,13334,12613,721,167,70.00

=== Starting Adaptive Rho Trial 843 ===
Adaptive,843,9304,8794,510,116,70.00

=== Starting Adaptive Rho Trial 844 ===
Adaptive,844,6859,6474,384,85,70.00

=== Starting Adaptive Rho Trial 845 ===
Adaptive,845,5346,5045,300,66,70.00

=== Starting Adaptive Rho Trial 846 ===
Adaptive,846,9631,9098,532,120,70.00

=== Starting Adaptive Rho Trial 847 ===
Adaptive,847,6603,6240,363,82,70.00

=== Starting Adaptive Rho Trial 848 ===
Adaptive,848,4950,4670,279,61,70.00

=== Starting Adaptive Rho Trial 849 ===
Adaptive,849,5741,5420,321,71,70.00

=== Starting Adaptive Rho Trial 850 ===
Adaptive,850,15710,14864,846,197,70.00

=== Starting Adaptive Rho Trial 851 ===
Adaptive,851,4483,4224,259,55,70.00

=== Starting Adaptive Rho Trial 852 ===
Adaptive,852,5417,5116,300,67,70.00

=== Starting Adaptive Rho Trial 853 ===
Adaptive,853,8117,7670,447,101,70.00

=== Starting Adaptive Rho Trial 854 ===
Adaptive,854,6858,6474,384,85,70.00

=== Starting Adaptive Rho Trial 855 ===
Adaptive,855,7540,7133,407,94,70.00

=== Starting Adaptive Rho Trial 856 ===
Adaptive,856,10960,10366,594,137,70.00

=== Starting Adaptive Rho Trial 857 ===
Adaptive,857,8910,8420,489,111,70.00

=== Starting Adaptive Rho Trial 858 ===
Adaptive,858,12798,12097,700,160,70.00

=== Starting Adaptive Rho Trial 859 ===
Adaptive,859,16572,15684,888,208,70.00

=== Starting Adaptive Rho Trial 860 ===
Adaptive,860,4482,4224,258,55,70.00

=== Starting Adaptive Rho Trial 861 ===
Adaptive,861,7324,6919,405,91,70.00

=== Starting Adaptive Rho Trial 862 ===
Adaptive,862,9303,8793,510,116,70.00

=== Starting Adaptive Rho Trial 863 ===
Adaptive,863,6927,6543,384,86,70.00

=== Starting Adaptive Rho Trial 864 ===
Adaptive,864,9376,8865,510,117,70.00

=== Starting Adaptive Rho Trial 865 ===
Adaptive,865,4949,4670,279,61,70.00

=== Starting Adaptive Rho Trial 866 ===
Adaptive,866,19532,18471,1061,245,70.00

=== Starting Adaptive Rho Trial 867 ===
Adaptive,867,7862,7436,426,98,70.00

=== Starting Adaptive Rho Trial 868 ===
Adaptive,868,7000,6616,384,87,70.00

=== Starting Adaptive Rho Trial 869 ===
Adaptive,869,6136,5794,342,76,70.00

=== Starting Adaptive Rho Trial 870 ===
Adaptive,870,7791,7365,426,97,70.00

=== Starting Adaptive Rho Trial 871 ===
Adaptive,871,5953,5632,321,74,70.00

=== Starting Adaptive Rho Trial 872 ===
Adaptive,872,6349,6007,342,79,70.00

=== Starting Adaptive Rho Trial 873 ===
Adaptive,873,7469,7061,407,93,70.00

=== Starting Adaptive Rho Trial 874 ===
Adaptive,874,6067,5724,342,75,70.00

=== Starting Adaptive Rho Trial 875 ===
Adaptive,875,4624,4366,258,57,70.00

=== Starting Adaptive Rho Trial 876 ===
Adaptive,876,4299,4062,237,53,70.00

=== Starting Adaptive Rho Trial 877 ===
Adaptive,877,7395,6990,405,92,70.00

=== Starting Adaptive Rho Trial 878 ===
Adaptive,878,5557,5257,300,69,70.00

=== Starting Adaptive Rho Trial 879 ===
Adaptive,879,11498,10880,617,144,70.00

=== Starting Adaptive Rho Trial 880 ===
Adaptive,880,11495,10880,615,144,70.00

=== Starting Adaptive Rho Trial 881 ===
Adaptive,881,5953,5632,321,74,70.00

=== Starting Adaptive Rho Trial 882 ===
Adaptive,882,21253,20113,1140,267,70.00

=== Starting Adaptive Rho Trial 883 ===
Adaptive,883,11823,11185,637,148,70.00

=== Starting Adaptive Rho Trial 884 ===
Adaptive,884,26549,25133,1415,334,70.00

=== Starting Adaptive Rho Trial 885 ===
Adaptive,885,10238,9685,553,128,70.00

=== Starting Adaptive Rho Trial 886 ===
Adaptive,886,39608,37502,2106,500,70.00

=== Starting Adaptive Rho Trial 887 ===
Adaptive,887,13193,12473,720,165,70.00

=== Starting Adaptive Rho Trial 888 ===
Adaptive,888,10704,10131,573,134,70.00

=== Starting Adaptive Rho Trial 889 ===
Adaptive,889,9050,8561,489,113,70.00

=== Starting Adaptive Rho Trial 890 ===
Adaptive,890,8046,7599,447,100,70.00

=== Starting Adaptive Rho Trial 891 ===
Adaptive,891,14453,13669,784,181,70.00

=== Starting Adaptive Rho Trial 892 ===
Adaptive,892,8655,8186,469,108,70.00

=== Starting Adaptive Rho Trial 893 ===
Adaptive,893,12544,11864,680,157,70.00

=== Starting Adaptive Rho Trial 894 ===
Adaptive,894,25468,24096,1372,320,70.00

=== Starting Adaptive Rho Trial 895 ===
Adaptive,895,9446,8936,510,118,70.00

=== Starting Adaptive Rho Trial 896 ===
Adaptive,896,7256,6848,408,90,70.00

=== Starting Adaptive Rho Trial 897 ===
Adaptive,897,13659,12917,742,171,70.00

=== Starting Adaptive Rho Trial 898 ===
Adaptive,898,4949,4670,279,61,70.00

=== Starting Adaptive Rho Trial 899 ===
Adaptive,899,8837,8348,489,110,70.00

=== Starting Adaptive Rho Trial 900 ===
Adaptive,900,17831,16880,951,224,70.00

=== Starting Adaptive Rho Trial 901 ===
Adaptive,901,6280,5937,343,78,70.00

=== Starting Adaptive Rho Trial 902 ===
Adaptive,902,6603,6240,363,82,70.00

=== Starting Adaptive Rho Trial 903 ===
Adaptive,903,5741,5420,321,71,70.00

=== Starting Adaptive Rho Trial 904 ===
Adaptive,904,10564,9989,575,132,70.00

=== Starting Adaptive Rho Trial 905 ===
Adaptive,905,10960,10365,595,137,70.00

=== Starting Adaptive Rho Trial 906 ===
Adaptive,906,6603,6240,363,82,70.00

=== Starting Adaptive Rho Trial 907 ===
Adaptive,907,14126,13364,762,177,70.00

=== Starting Adaptive Rho Trial 908 ===
Adaptive,908,7538,7132,406,94,70.00

=== Starting Adaptive Rho Trial 909 ===
Adaptive,909,8258,7811,447,103,70.00

=== Starting Adaptive Rho Trial 910 ===
Adaptive,910,8329,7882,447,104,70.00

=== Starting Adaptive Rho Trial 911 ===
Adaptive,911,9701,9169,532,121,70.00

=== Starting Adaptive Rho Trial 912 ===
Adaptive,912,13406,12684,721,168,70.00

=== Starting Adaptive Rho Trial 913 ===
Adaptive,913,8910,8419,490,111,70.00

=== Starting Adaptive Rho Trial 914 ===
Adaptive,914,5020,4741,279,62,70.00

=== Starting Adaptive Rho Trial 915 ===
Adaptive,915,9376,8865,511,117,70.00

=== Starting Adaptive Rho Trial 916 ===
Adaptive,916,9049,8560,489,113,70.00

=== Starting Adaptive Rho Trial 917 ===
Adaptive,917,7861,7435,426,98,70.00

=== Starting Adaptive Rho Trial 918 ===
Adaptive,918,12219,11561,658,153,70.00

=== Starting Adaptive Rho Trial 919 ===
Adaptive,919,12402,11724,678,155,70.00

=== Starting Adaptive Rho Trial 920 ===
Adaptive,920,8983,8490,492,112,70.00

=== Starting Adaptive Rho Trial 921 ===
Adaptive,921,8654,8186,468,108,70.00

=== Starting Adaptive Rho Trial 922 ===
Adaptive,922,9912,9381,531,124,70.00

=== Starting Adaptive Rho Trial 923 ===
Adaptive,923,5275,4974,301,65,70.00

=== Starting Adaptive Rho Trial 924 ===
Adaptive,924,7933,7507,426,99,70.00

=== Starting Adaptive Rho Trial 925 ===
Adaptive,925,9913,9381,532,124,70.00

=== Starting Adaptive Rho Trial 926 ===
Adaptive,926,25865,24473,1392,325,70.00

=== Starting Adaptive Rho Trial 927 ===
Adaptive,927,8441,7973,468,105,70.00

=== Starting Adaptive Rho Trial 928 ===
Adaptive,928,12544,11865,679,157,70.00

=== Starting Adaptive Rho Trial 929 ===
Adaptive,929,4949,4669,280,61,70.00

=== Starting Adaptive Rho Trial 930 ===
Adaptive,930,38535,36470,2065,485,70.00

=== Starting Adaptive Rho Trial 931 ===
Adaptive,931,8838,8349,489,110,70.00

=== Starting Adaptive Rho Trial 932 ===
Adaptive,932,6138,5795,343,76,70.00

=== Starting Adaptive Rho Trial 933 ===
Adaptive,933,29963,28360,1603,377,70.00

=== Starting Adaptive Rho Trial 934 ===
Adaptive,934,6066,5724,342,75,70.00

=== Starting Adaptive Rho Trial 935 ===
Adaptive,935,5557,5257,300,69,70.00

=== Starting Adaptive Rho Trial 936 ===
Adaptive,936,10096,9544,552,126,70.00

=== Starting Adaptive Rho Trial 937 ===
Adaptive,937,11283,10668,615,141,70.00

=== Starting Adaptive Rho Trial 938 ===
Adaptive,938,13870,13129,741,174,70.00

=== Starting Adaptive Rho Trial 939 ===
Adaptive,939,17830,16879,951,224,70.00

=== Starting Adaptive Rho Trial 940 ===
Adaptive,940,9630,9099,531,120,70.00

=== Starting Adaptive Rho Trial 941 ===
Adaptive,941,10889,10295,594,136,70.00

=== Starting Adaptive Rho Trial 942 ===
Adaptive,942,8329,7882,447,104,70.00

=== Starting Adaptive Rho Trial 943 ===
Adaptive,943,4369,4131,237,54,70.00

=== Starting Adaptive Rho Trial 944 ===
Adaptive,944,13407,12685,722,168,70.00

=== Starting Adaptive Rho Trial 945 ===
Adaptive,945,12543,11865,678,157,70.00

=== Starting Adaptive Rho Trial 946 ===
Adaptive,946,30763,29115,1648,387,70.00

=== Starting Adaptive Rho Trial 947 ===
Adaptive,947,6929,6545,384,86,70.00

=== Starting Adaptive Rho Trial 948 ===
Adaptive,948,12216,11559,657,153,70.00

=== Starting Adaptive Rho Trial 949 ===
Adaptive,949,15062,14258,804,189,70.00

=== Starting Adaptive Rho Trial 950 ===
Adaptive,950,16432,15544,888,206,70.00

=== Starting Adaptive Rho Trial 951 ===
Adaptive,951,13193,12472,721,165,70.00

=== Starting Adaptive Rho Trial 952 ===
Adaptive,952,4300,4062,238,53,70.00

=== Starting Adaptive Rho Trial 953 ===
Adaptive,953,35651,33754,1897,449,70.00

=== Starting Adaptive Rho Trial 954 ===
Adaptive,954,6462,6099,363,80,70.00

=== Starting Adaptive Rho Trial 955 ===
Adaptive,955,8046,7599,447,100,70.00

=== Starting Adaptive Rho Trial 956 ===
Adaptive,956,7862,7436,426,98,70.00

=== Starting Adaptive Rho Trial 957 ===
Adaptive,957,10633,10060,573,133,70.00

=== Starting Adaptive Rho Trial 958 ===
Adaptive,958,6999,6615,384,87,70.00

=== Starting Adaptive Rho Trial 959 ===
Adaptive,959,9913,9382,531,124,70.00

=== Starting Adaptive Rho Trial 960 ===
Adaptive,960,15709,14862,847,197,70.00

=== Starting Adaptive Rho Trial 961 ===
Adaptive,961,9051,8561,489,113,70.00

=== Starting Adaptive Rho Trial 962 ===
Adaptive,962,5489,5187,301,68,70.00

=== Starting Adaptive Rho Trial 963 ===
Adaptive,963,7722,7295,426,96,70.00

=== Starting Adaptive Rho Trial 964 ===
Adaptive,964,6349,6007,342,79,70.00

=== Starting Adaptive Rho Trial 965 ===
Adaptive,965,11213,10597,615,140,70.00

=== Starting Adaptive Rho Trial 966 ===
Adaptive,966,5090,4811,279,63,70.00

=== Starting Adaptive Rho Trial 967 ===
Adaptive,967,19744,18685,1059,248,70.00

=== Starting Adaptive Rho Trial 968 ===
Adaptive,968,12400,11722,678,155,70.00

=== Starting Adaptive Rho Trial 969 ===
Adaptive,969,18341,17347,994,230,70.00

=== Starting Adaptive Rho Trial 970 ===
Adaptive,970,9630,9099,531,120,70.00

=== Starting Adaptive Rho Trial 971 ===
Adaptive,971,8329,7881,448,104,70.00

=== Starting Adaptive Rho Trial 972 ===
Adaptive,972,7933,7506,426,99,70.00

=== Starting Adaptive Rho Trial 973 ===
Adaptive,973,17438,16506,932,219,70.00

=== Starting Adaptive Rho Trial 974 ===
Adaptive,974,17364,16433,931,218,70.00

=== Starting Adaptive Rho Trial 975 ===
Adaptive,975,23235,21990,1245,292,70.00

=== Starting Adaptive Rho Trial 976 ===
Adaptive,976,8725,8257,468,109,70.00

=== Starting Adaptive Rho Trial 977 ===
Adaptive,977,20206,19129,1077,254,70.00

=== Starting Adaptive Rho Trial 978 ===
Adaptive,978,5741,5420,321,71,70.00

=== Starting Adaptive Rho Trial 979 ===
Adaptive,979,14055,13292,763,176,70.00

=== Starting Adaptive Rho Trial 980 ===
Adaptive,980,8442,7974,468,105,70.00

=== Starting Adaptive Rho Trial 981 ===
Adaptive,981,26542,25128,1414,334,70.00

=== Starting Adaptive Rho Trial 982 ===
Adaptive,982,5671,5349,322,70,70.00

=== Starting Adaptive Rho Trial 983 ===
Adaptive,983,7536,7131,405,94,70.00

=== Starting Adaptive Rho Trial 984 ===
Adaptive,984,8837,8348,489,110,70.00

=== Starting Adaptive Rho Trial 985 ===
Adaptive,985,6534,6170,364,81,70.00

=== Starting Adaptive Rho Trial 986 ===
Adaptive,986,16246,15379,867,204,70.00

=== Starting Adaptive Rho Trial 987 ===
Adaptive,987,6349,6007,342,79,70.00

=== Starting Adaptive Rho Trial 988 ===
Adaptive,988,7537,7132,405,94,70.00

=== Starting Adaptive Rho Trial 989 ===
Adaptive,989,6999,6615,384,87,70.00

=== Starting Adaptive Rho Trial 990 ===
Adaptive,990,15640,14793,847,196,70.00

=== Starting Adaptive Rho Trial 991 ===
Adaptive,991,5557,5257,300,69,70.00

=== Starting Adaptive Rho Trial 992 ===
Adaptive,992,8655,8186,468,108,70.00

=== Starting Adaptive Rho Trial 993 ===
Adaptive,993,7070,6686,384,88,70.00

=== Starting Adaptive Rho Trial 994 ===
Adaptive,994,39608,37502,2106,500,70.00

=== Starting Adaptive Rho Trial 995 ===
Adaptive,995,11680,11044,636,146,70.00

=== Starting Adaptive Rho Trial 996 ===
Adaptive,996,9120,8631,489,114,70.00

=== Starting Adaptive Rho Trial 997 ===
Adaptive,997,14525,13740,784,182,70.00

=== Starting Adaptive Rho Trial 998 ===
Adaptive,998,11426,10811,615,143,70.00

=== Starting Adaptive Rho Trial 999 ===
Adaptive,999,8583,8115,468,107,70.00

=== Fixed Rho Statistics ===
Average solve time: 19220.60 µs
Average ADMM time: 19220.29 µs
Average rho time: 0.00 µs
Average iterations: 271.89
Std Dev solve time: 8430.97 µs
Std Dev iterations: 119.87

=== Adaptive Rho Statistics ===
Average solve time: 11303.63 µs
Average ADMM time: 10691.14 µs
Average rho time: 612.36 µs
Average iterations: 141.37
Std Dev solve time: 6345.67 µs
Std Dev iterations: 80.17
Benchmark Complete!
