#pragma once

typedef float tinytype;

const PROGMEM tinytype Adyn_data[12*12] = {
  0.0000749455128477,	0.0194281991308054,	-0.0693906254054207,	0.0687262880808967,	0.0566488460282061,	0.0565533435514766,	-0.1166995363442514,	-0.0797113975534202,	0.1248292450242353,	-0.0146616188672870,	0.1376142546196970,	0.0560482609756837,	
  -0.0019333635737921,	-0.0001757891242766,	0.0265982016329783,	-0.1075701075724855,	-0.0880689372868963,	-0.0542594156640863,	0.1142505101732030,	-0.0293273154601790,	0.1471879872116681,	-0.0791640096187829,	0.0326318540996183,	-0.0550926560097842,	
  -0.1049038386102840,	0.0532175538407885,	-0.1388104559150245,	-0.1237791696532498,	0.0520924726609669,	-0.1147963781213166,	0.0046806545849861,	-0.0208880937771491,	0.1145161832006894,	0.0905616081545436,	-0.1489843409612578,	0.0504457796892614,	
  -0.1122706686893302,	0.0327535341384117,	-0.0745096593809132,	0.0180471670274385,	0.0477951201722853,	-0.0685654536976116,	-0.0865810928225629,	-0.0097924077126914,	-0.0234944296287540,	0.0820450493184479,	-0.1095637329284294,	-0.0851968750288702,	
  -0.0055653634980418,	-0.0137604041652538,	0.1384148953853776,	-0.1229068041018836,	0.1015514795151460,	-0.0411993363177797,	0.0161153030891086,	0.0059838228191726,	-0.1035984223559031,	-0.0696897383412018,	-0.0066126715675523,	0.0896117086463925,	
  0.1294491627442773,	-0.1235509818636774,	-0.0356394424926510,	0.0578933597992976,	-0.0256306797379844,	-0.0564135488204384,	-0.1270964433598894,	0.0189324707765654,	0.1134372470631112,	0.0787561538884475,	0.0498466128137993,	0.0111806801684151,	
  -0.0732624075462085,	-0.1316505018005263,	-0.0352937318246146,	0.0606701397437297,	-0.1359627755575720,	-0.0875028318026854,	0.1281365550410336,	0.1214498311776741,	0.1081736318585148,	-0.0908252348006566,	-0.0786655192839565,	0.0270197585542229,	
  0.1191142396148842,	-0.1173159251235113,	-0.0348327048815781,	-0.0000366054644247,	0.1436679915035619,	0.0386093361841407,	-0.1292996991589950,	-0.1404870847022137,	0.0134442060227479,	0.0924671529601988,	0.0273058964648198,	0.0935686654841765,	
  0.0096915630292019,	-0.0849406877076569,	0.0796884767419130,	-0.0386731681728328,	0.0174060662433284,	-0.1129055254082878,	-0.0101472061223201,	-0.0432853439931406,	0.0191191173610786,	0.1166777586414808,	-0.0864253795802716,	-0.1457990039768936,	
  -0.0950843717336553,	0.0613778098177984,	-0.0843347890463444,	-0.0683620854570008,	0.0875453941537624,	0.0908505602011074,	0.0947787897342939,	-0.1433967848324516,	0.0041559066990483,	0.0550105649668676,	-0.0476373666366880,	-0.1255555905723028,	
  -0.1449296379468177,	0.0280471603668538,	-0.0227930138648870,	-0.1347694246168804,	-0.0036623039364192,	-0.0607696290370398,	-0.0245305313686298,	-0.1433828901235061,	0.0804433039300925,	0.0257738302455447,	0.0996470215474750,	-0.0336392775383669,	
  -0.0283709746528276,	0.1211063033626851,	-0.1037412769766630,	-0.1046089142289760,	0.0054727808985059,	0.0343275691652403,	-0.0431014453100733,	0.0164259823882085,	-0.0920778086969329,	0.1166059439988381,	-0.0759302911716287,	-0.0419996631771071,	
};

const PROGMEM tinytype Bdyn_data[12*4] = {
  -0.5735838193288945,	0.8652172012140895,	0.0770248554136763,	0.2457813658667360,	
  -0.4341886168181139,	-0.5709200260310447,	-0.2249206132564341,	-0.8214316871677989,	
  -0.2676729319791378,	-0.4084218661585131,	0.7312704101582170,	0.8621673153514040,	
  0.5488095805872040,	0.3429027185687408,	0.3432251884169082,	-0.6563582460969000,	
  -0.3824538935051061,	-0.7106408183910584,	-0.4369206523737548,	-0.2065295780249137,	
  0.3423040977627236,	-0.3911275716390914,	0.1315884143633164,	-0.3581233273643092,	
  -0.4106641999142204,	0.6412387280486020,	-0.6791061744820477,	0.5828757951222225,	
  0.1226885201067878,	0.4839004552009345,	-0.3715924543004834,	-0.4788682355425324,	
  0.4971926610181119,	-0.3339126006076716,	0.4122930426970512,	-0.7291322725045988,	
  0.9282487339573298,	0.4932892170123320,	0.4562465601760417,	0.1421338241807546,	
  0.0071480846610692,	0.2786028031095058,	0.9615115063143111,	0.1878181946703328,	
  -0.0280897524498731,	-0.3458406015035671,	0.7167945149892021,	-0.8653292584558578,	
};

const PROGMEM tinytype Q_data[12] = {
  1.9363084733947187,9.6090155273852620,5.7257807925103092,4.8834435579245659,9.0894501155371170,6.9475033880057939,2.1661096751438289,5.9047885667917699,7.1999833764167889,1.6687968095665964,
  3.0201542087501907,6.2162158737291930,
};

const PROGMEM tinytype Qf_data[12] = {
  17.4267762605524688,86.4811397464673632,51.5320271325927806,43.9509920213210918,81.8050510398340549,62.5275304920521435,19.4949870762944606,53.1430971011259317,64.7998503877510927,15.0191712860993682,
  27.1813878787517176,55.9459428635627347,
};

const PROGMEM tinytype R_data[4] = {
  0.1000000000000000,0.1000000000000000,0.1000000000000000,0.1000000000000000,
};

const PROGMEM tinytype umin[4] = {
  -3.0,	
  -3.0,	
  -3.0,	
  -3.0,	
};

const PROGMEM tinytype umax[4] = {
  3.0,	
  3.0,	
  3.0,	
  3.0,	
};

const PROGMEM tinytype xmin[12] = {
  -10000.0,	
  -10000.0,	
  -10000.0,	
  -10000.0,	
  -10000.0,	
  -10000.0,	
  -10000.0,	
  -10000.0,	
  -10000.0,	
  -10000.0,	
  -10000.0,	
  -10000.0,	
};

const PROGMEM tinytype xmax[12] = {
  10000.0,	
  10000.0,	
  10000.0,	
  10000.0,	
  10000.0,	
  10000.0,	
  10000.0,	
  10000.0,	
  10000.0,	
  10000.0,	
  10000.0,	
  10000.0,	
};

const PROGMEM tinytype rho_value = 85.0;

const PROGMEM tinytype Kinf_data[4*12] = {
  0.0028553449972332,	-0.0047379009202506,	-0.0025886263673463,	0.0098406674526989,	0.0046797329518303,	0.0009408399676462,	-0.0102466748213502,	-0.0040910684032381,	-0.0050829860616538,	0.0147722219247639,	-0.0046669242104616,	-0.0120187340810304,	
  -0.0015015378958711,	-0.0017301198733731,	-0.0109778103324206,	0.0187398488430545,	0.0022915741437989,	0.0110554964560574,	-0.0088405211652663,	-0.0053983285935509,	-0.0003894517842801,	0.0036687456209951,	0.0050139546633813,	0.0003798695818850,	
  -0.0134712379615216,	0.0122847530421579,	-0.0164412580561078,	-0.0091327991557160,	0.0021745260655586,	-0.0060553372499546,	-0.0088695327830832,	-0.0064509354445461,	0.0035413617109991,	0.0202283121601343,	-0.0096036185675720,	-0.0117164978300367,	
  -0.0085522507655680,	0.0041594396085525,	-0.0061778395028097,	0.0084470467596700,	-0.0001975733736594,	0.0029490027274014,	0.0050615191516124,	0.0066325672710769,	0.0007909413543671,	-0.0079097958457999,	-0.0008641573552651,	0.0141731795173255,	
};

const PROGMEM tinytype Pinf_data[12*12] = {
  2.3467633282022433,	-0.2584901270174295,	0.0907294423162992,	0.2035323537059938,	0.0200438735193747,	0.1033839421828909,	-0.1760267321255138,	0.0016679842667111,	0.0264911778703911,	0.0293412459754595,	0.1881967859792245,	0.1183425769111682,	
  -0.2584901270174295,	10.0243568254535571,	-0.1289257186516644,	-0.1634186994360580,	0.0077203756474282,	0.1348800748085691,	0.1113152666786425,	0.0301181034214401,	-0.1965752538641030,	-0.0366522219257441,	-0.0778197183029397,	-0.0440716667981071,	
  0.0907294423162991,	-0.1289257186516644,	6.1838755215285657,	-0.0423631792460559,	0.0153504823941478,	-0.0281891155714944,	0.1634054443637468,	0.0366530813037109,	-0.1802110253488256,	-0.2384459000337016,	0.1112356967854886,	-0.0096589115776093,	
  0.2035323537059938,	-0.1634186994360580,	-0.0423631792460559,	5.3643952541423827,	-0.1063142519866086,	0.1388372649033182,	-0.1544170235886025,	0.1312096326928684,	-0.0021355021665064,	0.0036971992499218,	0.1162866867811105,	0.0033705164778261,	
  0.0200438735193747,	0.0077203756474282,	0.0153504823941478,	-0.1063142519866086,	9.5145771848280116,	0.0562087026501385,	-0.2515038138498832,	-0.1940871323524824,	-0.2453761208041383,	0.1757857893791987,	-0.0639748444442666,	0.1681916205734803,	
  0.1033839421828909,	0.1348800748085691,	-0.0281891155714944,	0.1388372649033182,	0.0562087026501385,	7.2803890534759450,	-0.0358102973190429,	-0.0125436164150153,	-0.2290384390105999,	-0.0696598772218700,	0.1616562241764711,	0.0867401217219268,	
  -0.1760267321255138,	0.1113152666786425,	0.1634054443637468,	-0.1544170235886024,	-0.2515038138498832,	-0.0358102973190430,	2.6718714388276483,	0.1135315899922757,	0.0605186943806697,	-0.3244211749334018,	-0.0515426947865463,	-0.1261410476058015,	
  0.0016679842667111,	0.0301181034214401,	0.0366530813037109,	0.1312096326928684,	-0.1940871323524824,	-0.0125436164150153,	0.1135315899922757,	6.2090542320948625,	-0.0891928546159498,	-0.1282952012415744,	-0.0757274181954733,	0.0171681758662562,	
  0.0264911778703911,	-0.1965752538641030,	-0.1802110253488256,	-0.0021355021665064,	-0.2453761208041383,	-0.2290384390106000,	0.0605186943806696,	-0.0891928546159498,	7.8502878233151296,	0.0017539850290726,	0.0849657246585326,	-0.0775473692483171,	
  0.0293412459754594,	-0.0366522219257441,	-0.2384459000337016,	0.0036971992499218,	0.1757857893791986,	-0.0696598772218700,	-0.3244211749334017,	-0.1282952012415744,	0.0017539850290726,	2.1135485841627961,	-0.1844047189806085,	-0.0930089489755622,	
  0.1881967859792245,	-0.0778197183029397,	0.1112356967854886,	0.1162866867811105,	-0.0639748444442666,	0.1616562241764712,	-0.0515426947865463,	-0.0757274181954733,	0.0849657246585326,	-0.1844047189806084,	3.4170167431197909,	0.1003722226590591,	
  0.1183425769111682,	-0.0440716667981071,	-0.0096589115776093,	0.0033705164778261,	0.1681916205734803,	0.0867401217219268,	-0.1261410476058014,	0.0171681758662562,	-0.0775473692483171,	-0.0930089489755622,	0.1003722226590591,	6.6078528661793694,	
};

const PROGMEM tinytype Quu_inv_data[4*4] = {
  0.0104290474191714,	-0.0004812718859030,	-0.0005376234825752,	0.0003996534683648,	
  -0.0004812718859030,	0.0098171067576577,	0.0000479265183696,	-0.0006837789088271,	
  -0.0005376234825752,	0.0000479265183696,	0.0098055209149399,	0.0000264837256056,	
  0.0003996534683648,	-0.0006837789088271,	0.0000264837256056,	0.0089951042081463,	
};

const PROGMEM tinytype AmBKt_data[12*12] = {
  0.0061514856482704,	0.0162390012248758,	-0.0585924459170460,	0.0567840219803579,	0.0572314230589279,	0.0472691899896275,	-0.1154887448540572,	-0.0785205205095284,	0.1217835153280450,	-0.0089767756065601,	0.1315513336923931,	0.0462447980123935,	
  -0.0116059122125736,	0.0029590978286673,	0.0104341467997999,	-0.0877139297088071,	-0.0844019422330902,	-0.0464786752173110,	0.1069170414952061,	-0.0301883721251738,	0.1462048962404031,	-0.0726031112390679,	0.0305981978468061,	-0.0510871614984540,	
  -0.0875282121603795,	0.0386731179461742,	-0.1266376020858556,	-0.1140955471504848,	0.0528612142266058,	-0.1081436790447888,	0.0004493854380383,	-0.0251889619994405,	0.1097249279788270,	0.0880413293611804,	-0.1404178512116026,	0.0437321129819874,	
  -0.1143125000782820,	0.0344606481720133,	-0.0677364974296476,	0.0148994648430440,	0.0435650198584414,	-0.0688588089491286,	-0.0715597638767281,	0.0008713751268826,	-0.0212676377649382,	0.0605453635715489,	-0.1059927719084221,	-0.0654070565060918,	
  -0.0131925346259229,	-0.0105754170013690,	0.1211641532522420,	-0.1080716445638396,	0.1058790383297674,	-0.0350196669724449,	0.0030840585770266,	-0.0008658204730411,	-0.1041085436472984,	-0.0542283236126523,	-0.0092089274007979,	0.0830930487422018,	
  0.1265943719225104,	-0.1227328153696756,	-0.0390960187376935,	0.0660813856279603,	-0.0266931717446682,	-0.0505585738182803,	-0.1240669603203308,	0.0214455705279096,	0.1148421010675688,	0.0696400154267733,	0.0543594660388082,	0.0220608211407966,	
  -0.0752904762394968,	-0.1265685532504219,	-0.0368818376161354,	0.0415689133404425,	-0.1339185280433354,	-0.1000367942201197,	0.1206239055932595,	0.1149845601925740,	0.1082799030543107,	-0.0687637536483364,	-0.0898153801527937,	0.0056225583510879,	
  0.1103893048234804,	-0.1093406882373117,	-0.0382707612615233,	-0.0096608206521676,	0.1426983740867027,	0.0323062122556474,	-0.1246366682831293,	-0.1365938970585765,	0.0159509859366069,	0.0926084014193053,	0.0214697698440482,	0.0972927304015637,	
  0.0070888996805055,	-0.0851948835241620,	0.0795840477306670,	-0.0273840001955735,	0.0148039237550790,	-0.1050349480831500,	-0.0006572323945477,	-0.0355581700973608,	0.0206329199408988,	0.0964508789156089,	-0.0791013763684436,	-0.1245317812269156,	
  -0.0896323795714596,	0.0604331364502008,	-0.0681373170480019,	-0.0837746407833948,	0.0811069909725776,	0.0868672432576248,	0.1119784671775474,	-0.1349358135254074,	0.0073381408228515,	0.0313836677034948,	-0.0412741859905916,	-0.1112554778197648,	
  -0.1299726969243715,	0.0159698936898016,	-0.0027472919522291,	-0.1328659585580956,	-0.0063879180022050,	-0.0585880464710992,	-0.0144167808546989,	-0.1368927254963974,	0.0770345266931548,	0.0066819630193716,	0.1076797735223074,	-0.0250556328523617,	
  -0.0265544648199493,	0.1151685123944676,	-0.1011714250607489,	-0.0839956746703178,	0.0046670984415229,	0.0450697275417737,	-0.0357091699630843,	0.0248074537431381,	-0.0942092807108234,	0.0969455722705110,	-0.0681913143508442,	-0.0215431038163698,	
};

const PROGMEM tinytype coeff_d2p_data[12*4] = {
  -0.0117236409033887,	0.0204107579477341,	0.0083901901986535,	0.0027691727065888,	
  -0.0447457552740903,	-0.0501888010861143,	-0.0246278626145963,	-0.0710202974973435,	
  -0.0204570778102710,	-0.0251635968148886,	0.0435635853215056,	0.0521174593073549,	
  0.0285527292613358,	0.0220978931679269,	0.0189301927749371,	-0.0319586001003338,	
  -0.0326643573292159,	-0.0656381081895606,	-0.0366438601554538,	-0.0139532195583066,	
  0.0233569279754376,	-0.0265486189744468,	0.0089530914684404,	-0.0216447377439002,	
  -0.0129757007298132,	0.0138742896894030,	-0.0186426666329676,	0.0135550070878683,	
  0.0055648197239500,	0.0327214525611148,	-0.0237378202564967,	-0.0282652850051306,	
  0.0388639479887902,	-0.0187071505204190,	0.0294354375927036,	-0.0455925766727588,	
  0.0206670399650870,	0.0068755851956732,	0.0061949307542670,	0.0006113139653657,	
  -0.0027189323786872,	0.0087715489782442,	0.0351330690262640,	0.0044684313599497,	
  -0.0072230131290975,	-0.0189516114921695,	0.0468718761091006,	-0.0500951586366048,	
};

const PROGMEM tinytype dKinf_drho_data[4*12] = {
  -0.0000343538097669,	0.0000544127420006,	0.0000166883964069,	-0.0001017553689851,	-0.0000456305853419,	-0.0000074463856583,	0.0000967619815237,	0.0000330074877315,	0.0000527466943562,	-0.0001388362168439,	0.0000467862637444,	0.0001116742263266,	
  0.0000106685295522,	0.0000170044690105,	0.0001024878803849,	-0.0001728345512892,	-0.0000200718399610,	-0.0001059834146654,	0.0000848861476730,	0.0000557238023020,	0.0000021100352052,	-0.0000349140922724,	-0.0000515671545332,	0.0000012175930712,	
  0.0001335843734814,	-0.0001230097412099,	0.0001596232628290,	0.0000938953785363,	-0.0000185686878254,	0.0000586566785567,	0.0000800569331414,	0.0000611470481608,	-0.0000371474803353,	-0.0001895142874871,	0.0000914438025574,	0.0001085467843232,	
  0.0000749026041653,	-0.0000371723186016,	0.0000491202657885,	-0.0000668427167993,	0.0000016429914704,	-0.0000193201486082,	-0.0000469724918183,	-0.0000618183187287,	-0.0000041092535696,	0.0000667927807715,	0.0000135941889842,	-0.0001210394050467,	
};

const PROGMEM tinytype dPinf_drho_data[12*12] = {
  0.0002684257029098,	-0.0002133002278739,	0.0002881762393163,	0.0000489116024842,	-0.0000223384238440,	0.0000446984904949,	0.0000696191114940,	0.0000287255796372,	-0.0000709495039453,	-0.0001716533799312,	0.0001144850194570,	-0.0000009484668981,	
  -0.0002133002278739,	0.0002009172830464,	-0.0001902392536869,	-0.0001555808197737,	0.0000085558006796,	-0.0000756724865200,	-0.0000207854511256,	-0.0000313137051544,	0.0000626400916394,	0.0001366490950860,	-0.0001038860709629,	-0.0000373806256918,	
  0.0002881762393163,	-0.0001902392536869,	0.0004600890308644,	-0.0001362437134935,	-0.0000724947655999,	-0.0000234732916586,	0.0002709712732393,	0.0001273523303483,	-0.0000605743202112,	-0.0003797381821906,	0.0001261611916339,	0.0001104058774467,	
  0.0000489116024842,	-0.0001555808197737,	-0.0001362437134935,	0.0006050606197866,	0.0000702938128611,	0.0002956959844604,	-0.0001489271995022,	-0.0000274890778967,	-0.0000822914374159,	-0.0000350260046216,	0.0001289767689165,	0.0001161083581905,	
  -0.0000223384238440,	0.0000085558006796,	-0.0000724947655999,	0.0000702938128611,	0.0000472705885015,	0.0000244690787830,	-0.0000957794282553,	-0.0000577304219178,	-0.0000232887231680,	0.0001248715157340,	-0.0000265329862241,	-0.0000873196906541,	
  0.0000446984904949,	-0.0000756724865200,	-0.0000234732916586,	0.0002956959844604,	0.0000244690787830,	0.0001901607983796,	-0.0000147622485362,	-0.0000173192709332,	-0.0000442451702136,	-0.0001046425346998,	0.0001131168435614,	0.0000870276305189,	
  0.0000696191114940,	-0.0000207854511256,	0.0002709712732393,	-0.0001489271995022,	-0.0000957794282553,	-0.0000147622485362,	0.0003433993189581,	0.0001742078318535,	0.0000164027321491,	-0.0004326277865223,	0.0000895571871508,	0.0002740246038604,	
  0.0000287255796372,	-0.0000313137051544,	0.0001273523303483,	-0.0000274890778967,	-0.0000577304219178,	-0.0000173192709332,	0.0001742078318535,	0.0001429044908949,	0.0000122773381855,	-0.0002578390207491,	0.0000414791010414,	0.0002256436087196,	
  -0.0000709495039453,	0.0000626400916394,	-0.0000605743202112,	-0.0000822914374159,	-0.0000232887231680,	-0.0000442451702136,	0.0000164027321491,	0.0000122773381855,	0.0000616865857731,	-0.0000069502279307,	-0.0000145456077785,	0.0000511677652984,	
  -0.0001716533799312,	0.0001366490950860,	-0.0003797381821906,	-0.0000350260046216,	0.0001248715157340,	-0.0001046425346998,	-0.0004326277865223,	-0.0002578390207491,	-0.0000069502279307,	0.0007205795982629,	-0.0002430224901264,	-0.0005141245808172,	
  0.0001144850194570,	-0.0001038860709629,	0.0001261611916339,	0.0001289767689165,	-0.0000265329862241,	0.0001131168435614,	0.0000895571871508,	0.0000414791010414,	-0.0000145456077785,	-0.0002430224901264,	0.0001460225481268,	0.0001524336158803,	
  -0.0000009484668981,	-0.0000373806256918,	0.0001104058774467,	0.0001161083581905,	-0.0000873196906541,	0.0000870276305189,	0.0002740246038604,	0.0002256436087196,	0.0000511677652984,	-0.0005141245808172,	0.0001524336158803,	0.0005082080407091,	
};

const PROGMEM tinytype dC1_drho_data[4*4] = {
  -0.0001096115000571,	0.0000100590372103,	0.0000109091971853,	-0.0000079987813290,	
  0.0000100590372103,	-0.0000971077899880,	-0.0000012081189583,	0.0000130193824972,	
  0.0000109091971853,	-0.0000012081189583,	-0.0000964993030097,	-0.0000002458262634,	
  -0.0000079987813290,	0.0000130193824972,	-0.0000002458262634,	-0.0000816954457753,	
};

const PROGMEM tinytype dC2_drho_data[12*12] = {
  -0.0000576343661065,	0.0000351087800610,	-0.0001034698876327,	0.0001003706098373,	-0.0000077800304170,	0.0000876580574146,	-0.0000125652586861,	-0.0000187966831201,	0.0000323002689079,	-0.0000512450446152,	0.0000610679889636,	0.0000843894767157,	
  0.0000827480957423,	-0.0000248683617377,	0.0001420098000563,	-0.0001766434489476,	-0.0000340985715248,	-0.0000664182759039,	0.0000698979138503,	0.0000091190158235,	0.0000123759704679,	-0.0000679742225874,	0.0000226076356755,	-0.0000258283672734,	
  -0.0001671032009686,	0.0001435119571967,	-0.0001127523332023,	-0.0001088598742156,	-0.0000082496524835,	-0.0000715158326102,	0.0000425248029742,	0.0000401767372533,	0.0000456883641460,	0.0000295772623103,	-0.0000871283495176,	0.0000553686266292,	
  0.0000185088522835,	-0.0000178714290043,	-0.0000668483575965,	0.0000390097315226,	0.0000393768232701,	0.0000076152603976,	-0.0001405199316089,	-0.0000987848391801,	-0.0000196186195436,	0.0001970528525625,	-0.0000304573906280,	-0.0001784066033934,	
  0.0000682781191096,	-0.0000285282448444,	0.0001591021012691,	-0.0001345201920775,	-0.0000394891806668,	-0.0000565259075996,	0.0001226078765706,	0.0000661725475614,	0.0000045934720233,	-0.0001469178520925,	0.0000240091518154,	0.0000660036285703,	
  0.0000251784198555,	-0.0000091004055126,	0.0000309598702762,	-0.0000690625586960,	0.0000108007040835,	-0.0000535416425156,	-0.0000272772199335,	-0.0000196883079362,	-0.0000138135582021,	0.0000827262793005,	-0.0000433490145177,	-0.0000953808447757,	
  0.0000261101037638,	-0.0000504283889362,	0.0000209042583000,	0.0001717668536622,	-0.0000194357772087,	0.0001159980655700,	0.0000670506824857,	0.0000553804730698,	-0.0000025237560756,	-0.0002022590137753,	0.0001064566273712,	0.0001893455698849,	
  0.0000845597348660,	-0.0000784144233444,	0.0000311955283767,	0.0000990008939822,	0.0000091979136253,	0.0000647435823084,	-0.0000456931118213,	-0.0000378954606362,	-0.0000232639752625,	-0.0000045085830120,	0.0000597028844073,	-0.0000319170997363,	
  0.0000201808167337,	0.0000022369138292,	-0.0000040717432442,	-0.0000945692051294,	0.0000248386507765,	-0.0000699575936483,	-0.0000870208690127,	-0.0000680884346716,	-0.0000132012436817,	0.0001842062870032,	-0.0000682703913316,	-0.0001881238565335,	
  -0.0000449673946321,	0.0000025095350146,	-0.0001458563649159,	0.0001463728803956,	0.0000604961305782,	0.0000351767124790,	-0.0001615419286360,	-0.0000772387658473,	-0.0000324704358243,	0.0002230690161640,	-0.0000616448832373,	-0.0001365823881859,	
  -0.0001452377023543,	0.0001201304797153,	-0.0001913779843580,	-0.0000288476620007,	0.0000234636654733,	-0.0000231898921181,	-0.0000924945552860,	-0.0000629437332006,	0.0000355246228001,	0.0001803948455354,	-0.0000764451827459,	-0.0000827730612272,	
  -0.0000282125106155,	0.0000634156891426,	-0.0000359986329676,	-0.0001877761391825,	0.0000065082531227,	-0.0000956256103324,	-0.0000659559455975,	-0.0000771243431684,	0.0000252826302374,	0.0001776659636034,	-0.0000703027678048,	-0.0001789866837429,	
};

