#pragma once

typedef float tinytype;

const PROGMEM tinytype Adyn_data[12*12] = {
  -0.0925038313348714,	0.0617965860705263,	0.1173973749839445,	-0.0506635750783823,	-0.1595278259458288,	-0.0472512882216193,	0.0908508869952014,	-0.1344326480387381,	0.0526327017963174,	0.0058916742966713,	0.0728855865379244,	0.1079845347369078,	
  0.0966573844278580,	-0.0840317555570080,	0.1313321616418496,	-0.0629264745488303,	-0.0428561344216095,	-0.0279261400252812,	-0.0986323884001383,	0.0075800832347508,	-0.0273478714541202,	-0.1131353846771059,	0.0201957936780859,	0.1271765152703580,	
  0.0229553727739357,	0.0059690216930523,	-0.1578625157976421,	-0.0330395448148185,	0.0300067407610601,	0.0255929050748841,	0.0825842750202888,	0.0078806589634977,	0.0359271900802326,	0.0915184206956860,	0.0637784829949840,	0.0207963182093773,	
  0.0822993406688831,	-0.0333396335332102,	-0.1253641775147720,	-0.0104415636753982,	0.1416128163588288,	-0.0529659946136213,	0.0439133451593970,	0.0010992444473143,	-0.0095310226110255,	-0.0093069631420815,	0.1367652021411348,	0.0782178412079657,	
  -0.1269004889441990,	-0.0669809051216819,	0.0021507255140142,	-0.0368355562721227,	-0.0283405029764194,	0.0854673028106619,	0.1172258558735424,	0.0478767550559713,	0.0874483229645867,	0.0213810272396193,	0.1213443250481870,	-0.1529653015443501,	
  -0.1086366780901792,	0.0834070740749624,	-0.0088926708536951,	-0.1342587923317164,	0.1172888455985485,	-0.1062348106179816,	-0.0168610711001324,	0.0816180698880851,	-0.0297172847450020,	0.1480119691468589,	-0.0902737345314356,	-0.0353296515674887,	
  -0.1307463576952975,	-0.1510467121316647,	-0.1364047189462902,	-0.0455249918764722,	-0.1351874292659533,	0.0791822969324686,	0.0560306460735318,	0.0744114574769241,	-0.1235958811631467,	-0.0602907501939844,	-0.1083915625741456,	0.0004025877921420,	
  0.0809405957077735,	0.0870213179147174,	0.1040156175252620,	0.0170878836769510,	-0.0683013258661864,	0.1167405359293254,	0.1408403571334724,	0.0868654733262099,	-0.1565765414467928,	0.0386429632633689,	-0.1082346683706492,	-0.0316359096296206,	
  -0.0497136977077567,	0.0848524945636537,	0.0907701097176493,	0.0399153776286940,	0.0992501001789815,	-0.0763439119736588,	-0.0170980455860200,	-0.0931686198525240,	0.0541379208827356,	-0.1571011866272706,	0.0445175839437863,	-0.0354702099862136,	
  -0.0361255961822461,	0.1558984489041923,	0.0079601854051745,	0.0959238078122714,	-0.1448620454964604,	0.1312876030313541,	0.0228085087887610,	0.0615002344696414,	-0.0036065912631740,	-0.0632115154576340,	-0.0387814246890289,	-0.0952421832118949,	
  -0.1013926599707257,	-0.1069368461886272,	0.1268435899784130,	0.1057624554943633,	-0.1387849821522013,	-0.0517612571035204,	0.0873108986686769,	-0.0311538167672851,	0.0949237932715942,	-0.0380716304002409,	-0.0081408906330336,	-0.1144555358541394,	
  -0.0184582139584847,	0.0224850860986368,	-0.0775547061557761,	-0.0548841255790689,	-0.0286876720935303,	0.0562574053825533,	-0.1291233219345129,	-0.0731448961637662,	0.1231042524264326,	-0.1261852955309108,	-0.0450057030006497,	-0.0671720127803834,	
};

const PROGMEM tinytype Bdyn_data[12*4] = {
  -0.4141551707179563,	0.0804176470403652,	0.5014102842083326,	-0.5424812413041418,	
  0.7361404683119042,	-0.2522102667486290,	0.4414617453271716,	0.3008246322903094,	
  0.4316209729385396,	0.6384365344199205,	0.1728225773116630,	-0.8306599506347196,	
  -0.9061450745626509,	-0.8633280228811255,	-0.2430332242875008,	-0.2373405787911778,	
  0.9356244811415699,	-0.0183586738145580,	-0.7098686373801184,	-0.9396735041512103,	
  -0.4469822808081589,	0.6067823473530380,	0.6300371282822521,	-0.2800598218611219,	
  -0.6499619344923755,	-0.8370984459739521,	-0.4041598753998121,	0.6254122788031800,	
  -0.1850309485369279,	-0.8986128710867112,	-0.2674669238198462,	-0.2318920992154490,	
  0.3512031155688649,	0.3188565628785078,	-0.0262693134609773,	0.1762407518416336,	
  0.7255086431354463,	-0.2101394095608164,	0.5403604089027498,	0.9092733962199784,	
  0.2922245354438813,	-0.5674682759583523,	0.0024663073527771,	-0.4287748714225255,	
  0.1156255595394169,	0.6208841158638803,	-0.1736695739667440,	0.6593563013095338,	
};

const PROGMEM tinytype Q_data[12] = {
  1.2201406484394746,9.8523447147497798,8.0713002132557818,3.6347730407232079,4.2875340470863490,5.3481404671410555,6.1486504626640439,5.7444247874712557,6.4081799682231440,5.9470307025621381,
  4.6383261249307912,2.7504390105462631,
};

const PROGMEM tinytype Qf_data[12] = {
  10.9812658359552717,88.6711024327480146,72.6417019193020366,32.7129573665088742,38.5878064237771383,48.1332642042695014,55.3378541639763952,51.6998230872412989,57.6736197140082965,53.5232763230592425,
  41.7449351243771218,24.7539510949163670,
};

const PROGMEM tinytype R_data[4] = {
  0.1000000000000000,0.1000000000000000,0.1000000000000000,0.1000000000000000,
};

const PROGMEM tinytype umin[4] = {
  -3.0,	
  -3.0,	
  -3.0,	
  -3.0,	
};

const PROGMEM tinytype umax[4] = {
  3.0,	
  3.0,	
  3.0,	
  3.0,	
};

const PROGMEM tinytype xmin[12] = {
  -10000.0,	
  -10000.0,	
  -10000.0,	
  -10000.0,	
  -10000.0,	
  -10000.0,	
  -10000.0,	
  -10000.0,	
  -10000.0,	
  -10000.0,	
  -10000.0,	
  -10000.0,	
};

const PROGMEM tinytype xmax[12] = {
  10000.0,	
  10000.0,	
  10000.0,	
  10000.0,	
  10000.0,	
  10000.0,	
  10000.0,	
  10000.0,	
  10000.0,	
  10000.0,	
  10000.0,	
  10000.0,	
};

const PROGMEM tinytype rho_value = 85.0;

const PROGMEM tinytype Kinf_data[4*12] = {
  0.0022538779868133,	0.0010829567870066,	0.0167320602689692,	0.0056897632047904,	-0.0118851893651502,	0.0074848083895075,	-0.0021596112878811,	-0.0029179747823345,	0.0134955916659934,	-0.0143100719374478,	0.0112170052944212,	-0.0063526480548337,	
  -0.0026893657772763,	0.0118074062772573,	-0.0094156058138757,	-0.0064204252346776,	0.0185024257245381,	-0.0104591604011864,	-0.0108619819092925,	-0.0100330096474697,	0.0170658122917406,	0.0090358025299083,	0.0071088492201095,	-0.0010781565831233,	
  0.0052564171893670,	0.0094250067057071,	0.0072024731150936,	-0.0037192892748556,	0.0008765810373236,	-0.0071058296002365,	-0.0086887015965726,	0.0012780183993448,	-0.0014943126517539,	0.0020720994216007,	-0.0036531547195879,	0.0088724225528531,	
  0.0005556670802664,	0.0044913715056917,	0.0048955950074490,	0.0045962089917591,	-0.0118345006170098,	0.0066430129916362,	-0.0163872345926227,	0.0019178258594377,	-0.0090234276563914,	-0.0203251631787101,	-0.0147991919447012,	0.0023594351345321,	
};

const PROGMEM tinytype Pinf_data[12*12] = {
  1.7325226880301248,	0.0451522672807379,	0.0876934944398425,	-0.0157006240715528,	0.1590801474293269,	-0.0174612547078727,	-0.1509029187262545,	-0.0240648229998741,	-0.1220795891325158,	-0.0097185017361562,	0.0870811988244906,	0.3429164062674378,	
  0.0451522672807379,	10.4199266386947507,	0.0734784986020954,	0.1102030019173563,	0.1187791147587874,	0.0795667431662079,	0.0506106738889559,	0.0169848477084578,	-0.0184460053052983,	0.1119231563785614,	-0.0882030174180079,	-0.1567229616703622,	
  0.0876934944398425,	0.0734784986020955,	8.8390578818099055,	0.1060222584692109,	-0.1227128170605407,	-0.1405375153542530,	-0.1214171995920593,	-0.1034930969706370,	0.0241412054730242,	-0.2621920061315792,	-0.0412701912211182,	-0.0003518703307401,	
  -0.0157006240715527,	0.1102030019173563,	0.1060222584692109,	3.9400921691175950,	-0.1254302803977669,	0.0775475687877092,	0.0977198679163638,	-0.0807696292536467,	0.0944493569516730,	-0.1120670623638316,	0.0291814286246026,	-0.1797440299985933,	
  0.1590801474293269,	0.1187791147587874,	-0.1227128170605407,	-0.1254302803977669,	4.9244904656972954,	-0.3286391088122873,	-0.1554105893425234,	-0.0952830871463347,	0.0620575536987245,	0.1362695899456322,	0.1854398427005748,	0.1502249530807808,	
  -0.0174612547078727,	0.0795667431662079,	-0.1405375153542530,	0.0775475687877092,	-0.3286391088122873,	5.7654923340535724,	0.1950811463612611,	0.1746077179866045,	-0.1326914941289239,	0.0232235133848343,	-0.1215814341565852,	-0.1654253818394138,	
  -0.1509029187262545,	0.0506106738889560,	-0.1214171995920593,	0.0977198679163639,	-0.1554105893425235,	0.1950811463612612,	6.5665403861316269,	0.1236477627345396,	-0.0718246044850617,	0.1889138297471713,	-0.0125713827271075,	-0.2156622962534376,	
  -0.0240648229998741,	0.0169848477084578,	-0.1034930969706370,	-0.0807696292536466,	-0.0952830871463347,	0.1746077179866045,	0.1236477627345395,	6.0278620076263367,	-0.2492832503424543,	0.1866179660503481,	-0.1828668423023847,	-0.0514599182375939,	
  -0.1220795891325158,	-0.0184460053052983,	0.0241412054730242,	0.0944493569516730,	0.0620575536987245,	-0.1326914941289239,	-0.0718246044850617,	-0.2492832503424543,	6.8324358217800665,	-0.1107696744192050,	0.2644238941411805,	-0.1419649358498083,	
  -0.0097185017361563,	0.1119231563785614,	-0.2621920061315793,	-0.1120670623638316,	0.1362695899456322,	0.0232235133848343,	0.1889138297471713,	0.1866179660503481,	-0.1107696744192050,	6.4859833671549172,	-0.0825533147370325,	-0.0418992126333812,	
  0.0870811988244906,	-0.0882030174180078,	-0.0412701912211182,	0.0291814286246025,	0.1854398427005748,	-0.1215814341565853,	-0.0125713827271075,	-0.1828668423023847,	0.2644238941411804,	-0.0825533147370325,	5.0451155788597770,	0.0832445115662824,	
  0.3429164062674378,	-0.1567229616703622,	-0.0003518703307401,	-0.1797440299985933,	0.1502249530807808,	-0.1654253818394138,	-0.2156622962534376,	-0.0514599182375939,	-0.1419649358498083,	-0.0418992126333811,	0.0832445115662824,	3.2364127121782804,	
};

const PROGMEM tinytype Quu_inv_data[4*4] = {
  0.0091254757593436,	-0.0004587178358912,	-0.0003199087654128,	0.0001220013744785,	
  -0.0004587178358912,	0.0093477100733746,	-0.0005050848843218,	0.0005982897810141,	
  -0.0003199087654128,	-0.0005050848843218,	0.0104642134844354,	-0.0003833768851722,	
  0.0001220013744785,	0.0005982897810141,	-0.0003833768851722,	0.0092936626495343,	
};

const PROGMEM tinytype AmBKt_data[12*12] = {
  -0.0936882863140092,	0.0590062638916542,	0.1241285994910353,	-0.0434325676850851,	-0.1727975814496605,	-0.0361436690826975,	0.0862968048145157,	-0.1344347383702897,	0.0527038018929071,	-0.0128265456789339,	0.0707629356828795,	0.1022714808995180,	
  0.0918322625193732,	-0.0873629098782608,	0.1119879705856907,	-0.0684749656052871,	-0.0262673315270960,	-0.0349353480162989,	-0.0910167012980366,	0.0060565690259638,	-0.0296041983748490,	-0.0951226823408152,	0.0197961164390911,	0.1269544230728166,	
  0.0232526839543861,	0.0000652637699940,	-0.1562513324444793,	-0.0269356680162806,	0.0133420745080641,	0.0357859475441706,	0.0783404789582978,	0.0169177486872912,	0.0119696226105471,	0.0746847568100934,	0.0427366907602869,	0.0246531222358260,	
  0.0834292426301767,	-0.0188080783766549,	-0.1154188962496811,	-0.0106417897580366,	0.1442210042643284,	-0.0553636547582075,	0.0265779717547067,	-0.0094408635801022,	0.0149265421256144,	-0.0187934998009314,	0.1486664182300553,	0.0742469008320951,	
  -0.1248051342150679,	-0.0568664382145066,	-0.0039639870379397,	-0.0405981795115240,	-0.0273790581228737,	0.0794703742508031,	0.0974805425654222,	0.0531320462715603,	0.0655949811243811,	0.0173076673088360,	0.0944802608174444,	-0.1385260488406642,	
  -0.1091534928552722,	0.0720463594174617,	0.0011327209931694,	-0.1241892644968289,	0.0968827845013392,	-0.0902054224825989,	-0.0103507215978221,	0.0861335469357835,	-0.0356258551333082,	0.1291350939361849,	-0.0914164920888765,	-0.0424441389445245,	
  -0.1297557748103134,	-0.1394586193502404,	-0.1335621202734660,	-0.0515791033928168,	-0.1196682772345709,	0.0682652774555300,	0.0522715859418405,	0.0634333600741987,	-0.0954990741100412,	-0.0484788299125656,	-0.0873709916766592,	-0.0025186573376964,	
  0.0804757067287011,	0.1013943768085034,	0.1017122550655541,	0.0124422268963429,	-0.0563838065832785,	0.1083666088113694,	0.1245560349411603,	0.0780963223938069,	-0.1412360215284081,	0.0399558188348615,	-0.1041799855753088,	-0.0308599775742184,	
  -0.0496075934639429,	0.0801633135485150,	0.0872223864076623,	0.0390565672827281,	0.0996333443101625,	-0.0769950629326812,	-0.0102163168362531,	-0.0892491534517251,	0.0455077219000127,	-0.1513200150472118,	0.0408236883572199,	-0.0330781190677363,	
  -0.0416715589138330,	0.1484171706785513,	-0.0145010244003349,	0.0882771971755724,	-0.1220640221887138,	0.1214588220656850,	0.0416883017790980,	0.0590745010938144,	-0.0007993298362142,	-0.0335692067130949,	-0.0299950779035255,	-0.0977995228056615,	
  -0.1033521360388902,	-0.0986504419723955,	0.1186923584484448,	0.1024362912761740,	-0.1298887969830224,	-0.0570178612777261,	0.0747731545296715,	-0.0351753640792876,	0.0967990237466026,	-0.0374823746552370,	-0.0137212402041847,	-0.1122211715094555,	
  -0.0165025382259199,	0.0137042604024956,	-0.0756204508749676,	-0.0552321343326418,	-0.0308459146502935,	0.0562717179077705,	-0.1128335203516011,	-0.0676207450267127,	0.1166380625555295,	-0.1163794866802037,	-0.0415929484377685,	-0.0657829125762888,	
};

const PROGMEM tinytype coeff_d2p_data[12*4] = {
  -0.0038592717501780,	0.0034110108983465,	0.0085570802884308,	-0.0100197590748363,	
  0.0699895386651276,	-0.0298956427475787,	0.0463410385004386,	0.0249177423108281,	
  0.0287204671412515,	0.0467341657798034,	0.0146451952110721,	-0.0664746400567088,	
  -0.0320520087289069,	-0.0302629829077053,	-0.0051876101327047,	-0.0116696891011629,	
  0.0475733197483695,	-0.0040157216069835,	-0.0357851906304017,	-0.0387668025018214,	
  -0.0318271445219423,	0.0262162126672626,	0.0394139611887483,	-0.0107886676809092,	
  -0.0369022059387624,	-0.0489187824856095,	-0.0225024698696722,	0.0374511956537681,	
  -0.0092532554588069,	-0.0503471314823788,	-0.0107916927070739,	-0.0120699729146926,	
  0.0225453154819751,	0.0191222688486213,	-0.0057182761436863,	0.0101164635542596,	
  0.0431384110860373,	-0.0169164506905476,	0.0319434313723495,	0.0549995634590249,	
  0.0159781819723416,	-0.0266365375355216,	-0.0005911642261377,	-0.0225644313076690,	
  0.0046946883113927,	0.0222114874499293,	-0.0076551356291131,	0.0167614715946278,	
};

const PROGMEM tinytype dKinf_drho_data[4*12] = {
  -0.0000226100584398,	-0.0000020542400356,	-0.0001518176856594,	-0.0000542066415147,	0.0001153120950862,	-0.0000742590771406,	0.0000139383408387,	0.0000210876001772,	-0.0001114348984632,	0.0001334897020889,	-0.0000965244652585,	0.0000564214858798,	
  0.0000302350680458,	-0.0001075577377526,	0.0000967137870567,	0.0000571340110763,	-0.0001692382085258,	0.0000923958972525,	0.0001049130678933,	0.0000910589343408,	-0.0001483609654164,	-0.0000773817074487,	-0.0000535733153256,	0.0000119769965741,	
  -0.0000544072560750,	-0.0000904710194136,	-0.0000732054135911,	0.0000385557001979,	-0.0000069528605301,	0.0000729715195563,	0.0000781243598661,	-0.0000189423615390,	0.0000247742641064,	-0.0000286762780285,	0.0000397260826760,	-0.0000931474643778,	
  -0.0000030175790283,	-0.0000451040154488,	-0.0000388848091201,	-0.0000402530858645,	0.0000984556056474,	-0.0000569678237666,	0.0001560591618267,	-0.0000101898003512,	0.0000714672337931,	0.0001851104972765,	0.0001299840602778,	-0.0000189405513832,	
};

const PROGMEM tinytype dPinf_drho_data[12*12] = {
  0.0000962815963269,	0.0000312180995717,	0.0000885635903014,	-0.0000192437220272,	-0.0000295810860348,	-0.0000125588246037,	-0.0000565321672680,	0.0000230292547957,	-0.0000450307230515,	-0.0000227297984251,	-0.0000206572195694,	0.0000910861928509,	
  0.0000312180995717,	0.0002551000317036,	-0.0000038587891023,	-0.0000897781059286,	0.0001586517681833,	-0.0001461683783444,	-0.0002915318082112,	-0.0000995019566685,	0.0001586142889387,	0.0000233455399226,	-0.0000075512099602,	0.0000798292204790,	
  0.0000885635903014,	-0.0000038587891023,	0.0004824802003777,	0.0001697591104571,	-0.0004383715773622,	0.0002060301470291,	-0.0000824175049413,	0.0000478070849152,	0.0000426179191043,	-0.0004468086673054,	0.0000454581006413,	-0.0000437460638088,	
  -0.0000192437220272,	-0.0000897781059286,	0.0001697591104571,	0.0001320403942270,	-0.0002727366864965,	0.0001801165146431,	0.0000260345105647,	0.0000500752808015,	-0.0000504330483604,	-0.0002709020798466,	-0.0000286489473014,	-0.0000868898511948,	
  -0.0000295810860348,	0.0001586517681833,	-0.0004383715773622,	-0.0002727366864965,	0.0007008764562194,	-0.0004230774457678,	-0.0000097318898546,	-0.0001816322943255,	0.0002439028670029,	0.0006177595058684,	0.0001760475599232,	0.0000938304278532,	
  -0.0000125588246037,	-0.0001461683783444,	0.0002060301470291,	0.0001801165146431,	-0.0004230774457678,	0.0003131154558142,	0.0000593463168013,	0.0001026285637760,	-0.0001254089418192,	-0.0003690004609420,	-0.0000748146465763,	-0.0001212960638811,	
  -0.0000565321672680,	-0.0002915318082112,	-0.0000824175049413,	0.0000260345105647,	-0.0000097318898546,	0.0000593463168013,	0.0004855143999679,	0.0000796032207690,	-0.0000554646104926,	0.0002427438226900,	0.0001650340009867,	-0.0001103658939491,	
  0.0000230292547957,	-0.0000995019566685,	0.0000478070849152,	0.0000500752808015,	-0.0001816322943255,	0.0001026285637760,	0.0000796032207690,	0.0001327784995951,	-0.0002487419923019,	-0.0000724574913099,	-0.0001551270616553,	0.0000388256957399,	
  -0.0000450307230515,	0.0001586142889387,	0.0000426179191043,	-0.0000504330483604,	0.0002439028670029,	-0.0001254089418192,	-0.0000554646104926,	-0.0002487419923019,	0.0005910398691952,	0.0001044780936917,	0.0004357686138804,	-0.0001605772388661,	
  -0.0000227297984251,	0.0000233455399226,	-0.0004468086673054,	-0.0002709020798466,	0.0006177595058684,	-0.0003690004609420,	0.0002427438226900,	-0.0000724574913099,	0.0001044780936917,	0.0007543118020062,	0.0001758355380253,	0.0000951507464567,	
  -0.0000206572195694,	-0.0000075512099602,	0.0000454581006413,	-0.0000286489473014,	0.0001760475599232,	-0.0000748146465763,	0.0001650340009867,	-0.0001551270616553,	0.0004357686138804,	0.0001758355380253,	0.0004310039903574,	-0.0001489307513274,	
  0.0000910861928509,	0.0000798292204790,	-0.0000437460638088,	-0.0000868898511948,	0.0000938304278532,	-0.0001212960638811,	-0.0001103658939491,	0.0000388256957399,	-0.0001605772388661,	0.0000951507464567,	-0.0001489307513274,	0.0001885664288877,	
};

const PROGMEM tinytype dC1_drho_data[4*4] = {
  -0.0000840071115897,	0.0000082594207022,	0.0000061539901118,	-0.0000021875253779,	
  0.0000082594207022,	-0.0000882901266434,	0.0000100477558248,	-0.0000112284331042,	
  0.0000061539901118,	0.0000100477558248,	-0.0001100452376750,	0.0000079637616462,	
  -0.0000021875253779,	-0.0000112284331042,	0.0000079637616462,	-0.0000869949220260,	
};

const PROGMEM tinytype dC2_drho_data[12*12] = {
  0.0000138478720711,	0.0000286937833267,	-0.0000550419069988,	-0.0000682133121875,	0.0001182633938847,	-0.0001056776875349,	0.0000428225842064,	0.0000053809127494,	-0.0000078729367515,	0.0001763058582520,	0.0000149269815392,	0.0000588342909952,	
  0.0000491962579124,	0.0000278929364864,	0.0001801662503077,	0.0000494017396963,	-0.0001541179628163,	0.0000628914959697,	-0.0000652357801448,	0.0000188702331793,	0.0000121775854800,	-0.0001608099504160,	0.0000009038719802,	0.0000083054090647,	
  -0.0000026479764665,	0.0000477247779246,	-0.0000158664232197,	-0.0000531796384741,	0.0001412614764733,	-0.0000868691570694,	0.0000431340267210,	-0.0000724277922891,	0.0001979001166184,	0.0001505061388444,	0.0001769721344802,	-0.0000316344214288,	
  -0.0000083241763948,	-0.0001274115252549,	-0.0000810934163298,	0.0000000229370412,	-0.0000199408666457,	0.0000166921977185,	0.0001592305372446,	0.0000907000784714,	-0.0002060773194043,	0.0000911201838079,	-0.0000932112631070,	0.0000343328382720,	
  -0.0000197479438448,	-0.0001066582076778,	0.0000553146282041,	0.0000413106896302,	-0.0000234153018700,	0.0000694439152316,	0.0001909877042101,	-0.0000410800274780,	0.0001862798475985,	0.0000272701804408,	0.0002396699952864,	-0.0001364898395802,	
  0.0000049810876782,	0.0001087142064254,	-0.0000913119782963,	-0.0000944621123020,	0.0001861872403581,	-0.0001511858562952,	-0.0000629445525035,	-0.0000367465329070,	0.0000446197843263,	0.0001765305183428,	0.0000007370221128,	0.0000713338478667,	
  -0.0000094879477070,	-0.0000997277438012,	-0.0000229844095648,	0.0000533519794503,	-0.0001311059808982,	0.0000941994253044,	0.0000308553725941,	0.0000886485136125,	-0.0002313048978203,	-0.0001053730609346,	-0.0001728213058919,	0.0000208969291346,	
  0.0000077341665933,	-0.0001316901355947,	0.0000302201766838,	0.0000422894533801,	-0.0001097719092740,	0.0000755949946471,	0.0001539398264271,	0.0000782991997244,	-0.0001307389949730,	-0.0000095807661733,	-0.0000252339943310,	-0.0000081036256506,	
  -0.0000025973477759,	0.0000405895000971,	0.0000274110505160,	0.0000089270528802,	-0.0000040697904138,	0.0000085759448414,	-0.0000637991196718,	-0.0000351425144633,	0.0000744975149152,	-0.0000555856533534,	0.0000291169845217,	-0.0000227431685110,	
  0.0000549007036385,	0.0000687870877503,	0.0002053826509072,	0.0000671005804556,	-0.0002049895512227,	0.0000856600280371,	-0.0001721817717351,	0.0000233368511050,	-0.0000286997895648,	-0.0002659294041624,	-0.0000808859812538,	0.0000291379047460,	
  0.0000226049787172,	-0.0000795516437527,	0.0000827545766855,	0.0000309076474759,	-0.0000875019002927,	0.0000495257233334,	0.0001221832809499,	0.0000411883296657,	-0.0000210438767979,	-0.0000034791761121,	0.0000534415821367,	-0.0000175826791109,	
  -0.0000236173980696,	0.0000810459669650,	-0.0000295686583881,	0.0000040311511423,	0.0000256194656459,	0.0000014541286557,	-0.0001560812532932,	-0.0000555463142972,	0.0000621798542824,	-0.0000944237182894,	-0.0000343830815356,	-0.0000176484013533,	
};

