#pragma once

typedef float tinytype;

const PROGMEM tinytype Adyn_data[12*12] = {
  0.1178450164653913,	0.0137470833710256,	0.0368357870587341,	-0.1374177959864519,	-0.1228111540697147,	-0.1266045388050812,	0.1325998820630349,	-0.1261721357795251,	0.0836273009072288,	-0.1390548187787978,	0.0893348818819197,	0.1383131507360577,	
  -0.0602591177183912,	-0.0970639402999628,	-0.0602767594466366,	0.0940411774005232,	0.0384358800134712,	-0.0914176502243246,	-0.0350949997180967,	-0.0234585571112347,	-0.0997848733197436,	0.0318600571722387,	0.0448990316038554,	0.0105594157617305,	
  0.0033914858039184,	0.1232117172106219,	0.0863971818238215,	-0.0669219912069806,	0.1176458757175380,	-0.1386621291594022,	0.0263104457554055,	-0.0406904135582517,	-0.0803624728898787,	-0.0663189327860537,	-0.0444881808257855,	-0.0474581672052480,	
  0.1052687849219527,	0.1080380176461177,	0.0935825136926784,	-0.0857124624218912,	0.0251045841999630,	-0.0119996543026482,	0.0917597674225817,	0.1365242256494650,	0.0004640260312939,	0.0311272777020669,	0.0658536716667304,	-0.0889060909503182,	
  0.0482486618300206,	0.0848584252771173,	0.0879210993584520,	0.0866530027721699,	-0.0831571596064484,	0.0142012188771581,	-0.0618017841211732,	0.0032798449015008,	-0.0998536497075890,	0.0601688396375496,	0.0424111622684307,	0.0214315911038084,	
  0.0614637618488675,	-0.0969455031453070,	0.1181201465508210,	0.0876765331991121,	-0.0150193020228597,	0.0625035330107796,	0.0266771034282259,	0.0406689664789997,	0.1067151505007208,	-0.0205515187719240,	0.0353732147253664,	-0.0815360655843861,	
  0.0436412867472789,	-0.1270192999305188,	0.0439892637892026,	0.0681237111436462,	0.0302778005785503,	0.0973172699409310,	-0.0244939056141507,	0.0301318560933612,	0.1166500496525636,	-0.1198630983670175,	0.0179442363388639,	0.0643234712867374,	
  -0.1161172836668585,	0.1296974015431715,	-0.0575446741514885,	0.1192699350709422,	-0.1314178122409077,	0.0222127516736969,	-0.0669510856223154,	0.0821172770293461,	0.1153326513039780,	0.1081226167159268,	-0.0053066341148499,	0.0376505696555140,	
  -0.0471814004430960,	-0.0610588482302983,	-0.0650854401152296,	-0.0625592872898090,	0.0064356919061276,	-0.0703994609345171,	0.1175134131399688,	-0.0970744586512084,	0.0597723172358770,	-0.0188296436875658,	-0.0409043870841218,	-0.0969910026055324,	
  0.1122189021922294,	0.0214920624147657,	0.0315576158566320,	0.1235570633461324,	-0.0471369906570367,	-0.0325756411528215,	0.0265175959256521,	0.0785375690853634,	-0.1188887211187216,	-0.0719975311530207,	0.0930391195431720,	-0.0385045573166888,	
  0.0646621177344767,	0.1291456417666175,	0.0954632792106349,	-0.1042004019114573,	-0.1285168448539032,	-0.1385600173049901,	-0.1353293882881604,	-0.0235512703640688,	-0.0700000528271821,	-0.0196245042418003,	0.0651542326953590,	0.1133791208077261,	
  0.0306614631954485,	0.0686848234723697,	0.0941990836087647,	0.1196817532036655,	-0.0602891796773679,	-0.1317157066568392,	0.1334589650332388,	-0.1352775642042678,	0.0275461533523320,	0.1279434733950159,	-0.0672177378377083,	-0.0000688291228248,	
};

const PROGMEM tinytype Bdyn_data[12*4] = {
  -0.0164502461298142,	0.0621753931570781,	-0.3986474904369788,	0.9303295586434424,	
  0.8146637565256443,	-0.2740383010801679,	-0.8622297818102780,	-0.2184011479620380,	
  -0.7300411831702995,	0.1959384693914166,	0.9314942517342899,	-0.1128437448579969,	
  0.4652098750874942,	0.9886895681381420,	-0.1124898927968652,	-0.7467856436225804,	
  -0.6628218911478376,	-0.4728890942831243,	0.4825459098467599,	0.2365637580689064,	
  -0.1765549857894553,	-0.4817473618354520,	-0.2877166656978252,	-0.2013514813851582,	
  -0.7094108976659612,	-0.3944211642508519,	-0.8202627719079043,	-0.7537948576866087,	
  -0.2457525027655942,	0.5518192556801147,	-0.6558362303209957,	-0.6304316383648978,	
  -0.0342328903335976,	0.4639574893742937,	0.6556652306107262,	-0.0363131257048392,	
  -0.1108651345734721,	0.9215648183662588,	-0.9370537617953953,	-0.0474436151518396,	
  -0.6436536619370667,	0.5635821119672817,	0.9127879410290343,	-0.6784385528768662,	
  -0.3896748189373989,	-0.0128238435744987,	0.3335159200308921,	-0.1399129838661490,	
};

const PROGMEM tinytype Q_data[12] = {
  6.3655533280400043,4.9392312494855970,8.2764101252194227,3.4273164185870666,8.1235436820393279,0.5847170005752074,4.7223536932565215,9.7245745946551025,4.5164711134226661,9.8575677829383128,
  1.5218041394373103,7.3611477343805127,
};

const PROGMEM tinytype Qf_data[12] = {
  57.2899799523600421,44.4530812453703703,74.4876911269748092,30.8458477672836011,73.1118931383539490,5.2624530051768659,42.5011832393086948,87.5211713518959300,40.6482400208039962,88.7181100464448207,
  13.6962372549357934,66.2503296094246110,
};

const PROGMEM tinytype R_data[4] = {
  0.1000000000000000,0.1000000000000000,0.1000000000000000,0.1000000000000000,
};

const PROGMEM tinytype umin[4] = {
  -3.0,	
  -3.0,	
  -3.0,	
  -3.0,	
};

const PROGMEM tinytype umax[4] = {
  3.0,	
  3.0,	
  3.0,	
  3.0,	
};

const PROGMEM tinytype xmin[12] = {
  -10000.0,	
  -10000.0,	
  -10000.0,	
  -10000.0,	
  -10000.0,	
  -10000.0,	
  -10000.0,	
  -10000.0,	
  -10000.0,	
  -10000.0,	
  -10000.0,	
  -10000.0,	
};

const PROGMEM tinytype xmax[12] = {
  10000.0,	
  10000.0,	
  10000.0,	
  10000.0,	
  10000.0,	
  10000.0,	
  10000.0,	
  10000.0,	
  10000.0,	
  10000.0,	
  10000.0,	
  10000.0,	
};

const PROGMEM tinytype rho_value = 85.0;

const PROGMEM tinytype Kinf_data[4*12] = {
  -0.0056597589352454,	-0.0148552254746969,	-0.0143107794909504,	-0.0072677011504646,	0.0068076655670830,	0.0044911071963805,	0.0015604439994455,	0.0041302104221526,	-0.0010387063646475,	0.0031771292823849,	0.0018311686457032,	-0.0051825754685524,	
  0.0064658292827209,	0.0160002307492776,	0.0015266361731591,	0.0022315258984204,	-0.0064000107319191,	-0.0104456172101932,	0.0088719674918323,	0.0114962731074094,	-0.0034744741182234,	-0.0019760723081092,	0.0067211108354485,	-0.0092539468023099,	
  -0.0032883471544860,	0.0107334616530203,	0.0091768494750995,	-0.0209117950497235,	0.0127783110908441,	-0.0106503668657698,	0.0047141831907330,	-0.0165142337062846,	-0.0052311035563123,	0.0055862675703385,	-0.0148517307129373,	-0.0077812797063240,	
  0.0102372196083242,	-0.0055011180887321,	0.0009145654714591,	-0.0139864060839729,	-0.0030572169717294,	-0.0064165067509198,	0.0088571271813705,	-0.0148425541368812,	-0.0053379193509449,	-0.0116293337839336,	0.0041658924246991,	0.0069492128050427,	
};

const PROGMEM tinytype Pinf_data[12*12] = {
  6.8226822726844958,	0.0065180767545924,	0.2841424325545565,	-0.0956091996915086,	-0.0318205190890371,	-0.1301424459206912,	0.2090236581163135,	-0.0355897284195135,	-0.1929833980142984,	-0.2758866712296555,	0.2047273120018932,	0.0295435792476717,	
  0.0065180767545924,	5.5185513335384568,	0.1854409985771197,	0.0841866256570552,	-0.2248077606218845,	-0.1982675688803938,	-0.0355876082881676,	0.0865499068817410,	-0.0685571039758723,	0.2260131115327462,	0.0148361646016812,	0.0272760974409010,	
  0.2841424325545565,	0.1854409985771198,	8.6016222204237263,	0.0055259858767829,	-0.0194666972870276,	-0.1674866877493691,	0.1242617918984559,	-0.0535505525340454,	-0.1463839065290709,	-0.0595653202059982,	0.0684128857971783,	0.0105579320079237,	
  -0.0956091996915087,	0.0841866256570552,	0.0055259858767829,	4.1346570935156439,	-0.2063582565084427,	0.0994219534195570,	-0.1503249735296122,	0.1605569991816500,	-0.1279340519246830,	0.3526374914770348,	0.0022295027910651,	-0.0674472422107653,	
  -0.0318205190890371,	-0.2248077606218845,	-0.0194666972870276,	-0.2063582565084427,	8.6438168760222087,	0.0215630858684080,	0.0183975111943160,	0.0125945913939965,	-0.1798577718198566,	-0.1903919224403917,	-0.1218263231347134,	-0.2208637141777385,	
  -0.1301424459206911,	-0.1982675688803938,	-0.1674866877493691,	0.0994219534195571,	0.0215630858684079,	1.1592956916335770,	-0.3014485581596240,	0.3407002302541914,	0.1434693832844760,	0.0647547590551124,	-0.0075268632587130,	-0.0351719435919794,	
  0.2090236581163134,	-0.0355876082881675,	0.1242617918984559,	-0.1503249735296122,	0.0183975111943160,	-0.3014485581596240,	5.1989270833790755,	-0.2881011643928621,	0.0962942342584773,	-0.1135642613208056,	-0.0259962409210052,	-0.0647266364224656,	
  -0.0355897284195135,	0.0865499068817410,	-0.0535505525340455,	0.1605569991816500,	0.0125945913939965,	0.3407002302541914,	-0.2881011643928622,	10.2103976542563242,	-0.0937391174945436,	0.0575969252796339,	0.1123074946996369,	-0.1167051498375217,	
  -0.1929833980142984,	-0.0685571039758723,	-0.1463839065290709,	-0.1279340519246831,	-0.1798577718198567,	0.1434693832844760,	0.0962942342584773,	-0.0937391174945436,	5.1491945631949063,	0.0613421190642381,	-0.1280110164214930,	0.1595048579523335,	
  -0.2758866712296555,	0.2260131115327462,	-0.0595653202059983,	0.3526374914770348,	-0.1903919224403917,	0.0647547590551124,	-0.1135642613208056,	0.0575969252796339,	0.0613421190642381,	10.4342077062714154,	-0.1521452374715222,	-0.0696050847373013,	
  0.2047273120018931,	0.0148361646016812,	0.0684128857971783,	0.0022295027910652,	-0.1218263231347133,	-0.0075268632587131,	-0.0259962409210053,	0.1123074946996369,	-0.1280110164214930,	-0.1521452374715221,	1.7454735833383064,	0.0744634727027336,	
  0.0295435792476717,	0.0272760974409010,	0.0105579320079237,	-0.0674472422107653,	-0.2208637141777385,	-0.0351719435919795,	-0.0647266364224656,	-0.1167051498375216,	0.1595048579523335,	-0.0696050847373012,	0.0744634727027336,	7.6820959036631775,	
};

const PROGMEM tinytype Quu_inv_data[4*4] = {
  0.0097605683337581,	-0.0000928804869968,	0.0007762517588986,	-0.0002030740418165,	
  -0.0000928804869968,	0.0094456684197690,	0.0007004479092525,	0.0006503823523945,	
  0.0007762517588986,	0.0007004479092525,	0.0083990867137958,	-0.0004519228096536,	
  -0.0002030740418165,	0.0006503823523945,	-0.0004519228096536,	0.0098995306279899,	
};

const PROGMEM tinytype AmBKt_data[12*12] = {
  0.1065150172193617,	0.0219046109334263,	0.0393129327314777,	-0.1330005650772437,	-0.1143629821477258,	-0.1241574747591497,	0.1257131837609688,	-0.1195938690860011,	0.0867068985750873,	-0.1258336266331037,	0.0791508593100158,	0.1292362181655530,	
  -0.0544759227065947,	-0.0725239906657892,	-0.0400876342149948,	0.0794880140594987,	0.0414862142291188,	-0.1085233276170816,	-0.0279358621018161,	-0.0411535656853961,	-0.1055670368672590,	0.0310070320178195,	0.0333533178265523,	0.0070540012520931,	
  0.0022110066710182,	0.0986128055088522,	0.0672056171347037,	-0.0547640156800949,	0.1116218491097327,	-0.1241400448363525,	0.0223195112642309,	-0.0262197276341551,	-0.0761695960890066,	-0.0701281826870014,	-0.0301638797815145,	-0.0413960640455916,	
  0.1087841655232763,	0.0962288039421340,	0.1004459475512288,	-0.0973349553070285,	0.0274195598992906,	-0.0097513027027707,	0.0894068851410205,	0.1102946749577714,	-0.0001923090114621,	0.0235467469877713,	0.0597970608203857,	-0.0730315679591151,	
  0.0467198931892471,	0.0787003684113873,	0.0745129268052686,	0.0962906535661952,	-0.0871142801349639,	0.0188956085007710,	-0.0609421161153844,	0.0229339872769277,	-0.0983981620564172,	0.0613956957692900,	0.0529843836907138,	0.0157312689077163,	
  0.0646945664439684,	-0.0898796607939067,	0.1191534416751507,	0.0786355605104763,	-0.0138396051170910,	0.0539080506615684,	0.0343663992777655,	0.0391964844402973,	0.1022780693310819,	-0.0216768696837328,	0.0355001122636037,	-0.0877487091403771,	
  0.0471959067398207,	-0.1265893846482808,	0.0426560012182631,	0.0361520378327664,	0.0407599914789582,	0.0828105085869591,	-0.0093442919939167,	0.0128619937008919,	0.1062281982504124,	-0.1225725376539935,	0.0128521421775565,	0.0558525301161986,	
  -0.1167789027641985,	0.1207887714201347,	-0.0553089298901467,	0.0937202946265542,	-0.1197600491600098,	0.0180504799011003,	-0.0627877797687766,	0.0566005732057094,	0.1101987278583586,	0.1063260156533113,	-0.0156794509137036,	0.0407612032642603,	
  -0.0478472199328955,	-0.0762281328253510,	-0.0722673641426591,	-0.0506401680581001,	0.0011487594936678,	-0.0586493231876791,	0.1106813198487804,	-0.0919780223016100,	0.0645847837867991,	-0.0218890866966926,	-0.0340709705795548,	-0.0875207170267573,	
  0.1030370841038240,	0.0148967237886606,	0.0372067467892189,	0.1004357910359459,	-0.0286553141184829,	-0.0327358092350561,	0.0233521588754960,	0.0522219953375307,	-0.1209569997871233,	-0.0651413241652065,	0.0733289678784463,	-0.0375127940818676,	
  0.0673220555324353,	0.0970370326955876,	0.0776356676848945,	-0.1005368152064601,	-0.1342661565460699,	-0.1244140158157742,	-0.1376191179907490,	-0.0223677067460966,	-0.0675570305562933,	-0.0294547203968020,	0.0789277559866152,	0.1270759681727989,	
  0.0310679505089315,	0.0587518424468097,	0.0857094447336353,	0.1218958665695545,	-0.0624079910953744,	-0.1274452739360185,	0.1338477754378740,	-0.1300896049871522,	0.0280946516164960,	0.1256659758723531,	-0.0608818359808681,	0.0013604463129448,	
};

const PROGMEM tinytype coeff_d2p_data[12*4] = {
  -0.0084745181494237,	0.0037071898700617,	-0.0219967354783735,	0.0620555586199150,	
  0.0409064362890858,	-0.0136559563507181,	-0.0377706783943153,	-0.0126435008247728,	
  -0.0544868334885870,	0.0204284936531500,	0.0616471503764916,	-0.0093386959805516,	
  0.0205770166759824,	0.0396970707061368,	-0.0024070216263876,	-0.0292654439666235,	
  -0.0535900757651780,	-0.0381641319537400,	0.0267459899825064,	0.0193005396289259,	
  -0.0008195129102180,	-0.0006401893882856,	-0.0018417758324644,	-0.0033373297569293,	
  -0.0383346474750617,	-0.0257108825731352,	-0.0346624656064889,	-0.0320969361526740,	
  -0.0260934910003382,	0.0458005581406815,	-0.0512794322467322,	-0.0572020438649399,	
  0.0011114991794180,	0.0223286452901372,	0.0277660777705881,	-0.0025910681092428,	
  -0.0130525896313077,	0.0863321165420780,	-0.0780712385989829,	0.0016843827876289,	
  -0.0093965401391653,	0.0093612482676078,	0.0132039504228378,	-0.0105848583212965,	
  -0.0252284854281129,	0.0012721710558210,	0.0218673759284699,	-0.0104209092122265,	
};

const PROGMEM tinytype dKinf_drho_data[4*12] = {
  0.0000602402849920,	0.0001375429640581,	0.0001327929025012,	0.0000844997382781,	-0.0000774163458120,	-0.0000384308806287,	-0.0000161800381855,	-0.0000289973328702,	0.0000125111120740,	-0.0000376127213082,	-0.0000046312929606,	0.0000568202187115,	
  -0.0000657943566305,	-0.0001544213396455,	-0.0000221106241850,	0.0000013348480639,	0.0000525106454789,	0.0001101998020183,	-0.0000921502618641,	-0.0000853540692141,	0.0000415705724405,	0.0000240683283815,	-0.0000549201610375,	0.0000870330543653,	
  0.0000327319967955,	-0.0000922629945325,	-0.0000658765905680,	0.0001730427063776,	-0.0001097265046798,	0.0000903124473894,	-0.0000420450310915,	0.0001200542467171,	0.0000454342288374,	-0.0000530229283763,	0.0001200752357682,	0.0000787383480981,	
  -0.0001082065774072,	0.0000442083105584,	-0.0000091794969298,	0.0001267623944587,	0.0000430804966250,	0.0000668005040394,	-0.0000911135668784,	0.0001314318376289,	0.0000510291692306,	0.0001185194659416,	-0.0000526569448771,	-0.0000670993899876,	
};

const PROGMEM tinytype dPinf_drho_data[12*12] = {
  0.0001968046528971,	0.0000996729737186,	0.0000789754767017,	-0.0000240238533061,	-0.0001593749684407,	-0.0001224247679878,	0.0001321108295331,	-0.0000486279243241,	-0.0000432112807245,	-0.0001648016712764,	0.0001229340671928,	0.0000639421092917,	
  0.0000996729737186,	0.0006452092697579,	0.0003400496469995,	-0.0000121622516218,	-0.0000680195505512,	-0.0003172977260833,	0.0001271052705203,	0.0000434164960115,	-0.0000476990379374,	0.0000620026766251,	-0.0000951552378868,	-0.0002001252437218,	
  0.0000789754767017,	0.0003400496469995,	0.0003046101145717,	-0.0001036242466668,	-0.0000022816180269,	-0.0001841386507028,	0.0000548507986417,	-0.0002050243610871,	-0.0000284886076355,	0.0000007648227142,	-0.0001492369109498,	-0.0000118106984536,	
  -0.0000240238533061,	-0.0000121622516218,	-0.0001036242466668,	0.0007167994781087,	-0.0002788714582118,	0.0002775121729493,	-0.0002231977041157,	0.0005620495809321,	0.0001646761393077,	0.0000237679177388,	0.0002521146132923,	0.0000649175371387,	
  -0.0001593749684407,	-0.0000680195505512,	-0.0000022816180269,	-0.0002788714582118,	0.0002920267099189,	-0.0000284107104469,	-0.0000127494594944,	-0.0002263453182300,	-0.0000692023681500,	0.0001261106747793,	-0.0002390810184296,	-0.0000994858442077,	
  -0.0001224247679878,	-0.0003172977260833,	-0.0001841386507028,	0.0002775121729493,	-0.0000284107104469,	0.0003190018613858,	-0.0002056624508065,	0.0001883681647759,	0.0001230879007263,	0.0000589241964195,	0.0000693351169944,	0.0001013228319839,	
  0.0001321108295331,	0.0001271052705203,	0.0000548507986417,	-0.0002231977041157,	-0.0000127494594944,	-0.0002056624508065,	0.0002032478574385,	-0.0001094703909190,	-0.0000954278101056,	-0.0000844307189069,	0.0000252786402183,	-0.0000750097779565,	
  -0.0000486279243241,	0.0000434164960115,	-0.0002050243610871,	0.0005620495809321,	-0.0002263453182300,	0.0001883681647759,	-0.0001094703909190,	0.0006765723976681,	0.0001279025708467,	0.0000904735114072,	0.0002772719601514,	-0.0001203939770572,	
  -0.0000432112807245,	-0.0000476990379374,	-0.0000284886076355,	0.0001646761393077,	-0.0000692023681500,	0.0001230879007263,	-0.0000954278101056,	0.0001279025708467,	0.0001115056407561,	0.0000488389998814,	0.0000344603206332,	0.0000468125875560,	
  -0.0001648016712764,	0.0000620026766251,	0.0000007648227142,	0.0000237679177388,	0.0001261106747793,	0.0000589241964195,	-0.0000844307189069,	0.0000904735114072,	0.0000488389998814,	0.0002011147012771,	-0.0001358191869273,	-0.0001396941941311,	
  0.0001229340671928,	-0.0000951552378868,	-0.0001492369109498,	0.0002521146132923,	-0.0002390810184296,	0.0000693351169944,	0.0000252786402183,	0.0002772719601514,	0.0000344603206332,	-0.0001358191869273,	0.0002913908618254,	0.0000737653638344,	
  0.0000639421092917,	-0.0002001252437218,	-0.0000118106984536,	0.0000649175371387,	-0.0000994858442077,	0.0001013228319839,	-0.0000750097779565,	-0.0001203939770572,	0.0000468125875560,	-0.0001396941941311,	0.0000737653638344,	0.0002532128066197,	
};

const PROGMEM tinytype dC1_drho_data[4*4] = {
  -0.0000959607845340,	0.0000013166439655,	-0.0000140970104907,	0.0000044484113335,	
  0.0000013166439655,	-0.0000903472216948,	-0.0000121189724590,	-0.0000121174304999,	
  -0.0000140970104907,	-0.0000121189724590,	-0.0000719179498096,	0.0000079430542320,	
  0.0000044484113335,	-0.0000121174304999,	0.0000079430542320,	-0.0000988153247928,	
};

const PROGMEM tinytype dC2_drho_data[12*12] = {
  0.0001187980632872,	-0.0000660448861643,	-0.0000141623674991,	-0.0000476407150641,	-0.0000883596431069,	-0.0000336275663948,	0.0000734678114808,	-0.0000695856897748,	-0.0000317405589946,	-0.0001335148160758,	0.0001001945003853,	0.0000893367829530,	
  -0.0000625156888450,	-0.0002242653852197,	-0.0001730462936581,	0.0001084145527166,	-0.0000077424110999,	0.0001539666006780,	-0.0000682231961017,	0.0001324520031768,	0.0000515191538427,	0.0000174042041063,	0.0000807548260230,	0.0000307969824339,	
  0.0000141694321871,	0.0002216001895213,	0.0001616044261472,	-0.0000854572021738,	0.0000402649967464,	-0.0001262360126682,	0.0000351267957247,	-0.0001014436814809,	-0.0000355750477155,	0.0000305899863780,	-0.0001104114610466,	-0.0000564880888510,	
  -0.0000400992811561,	0.0001113238997666,	-0.0000541815932420,	0.0000735000287776,	0.0000039268948150,	-0.0000310300745612,	0.0000258631714253,	0.0002095348222318,	-0.0000037019416800,	0.0000762457963143,	0.0000306373134459,	-0.0001537335925853,	
  0.0000186182093302,	0.0000522053666664,	0.0001115221853461,	-0.0000568489271874,	0.0000162752546978,	-0.0000327430247826,	-0.0000124585118055,	-0.0001486067706478,	-0.0000060448440214,	-0.0000160002981109,	-0.0000745259566948,	0.0000566970831100,	
  -0.0000334305487466,	-0.0000677523692543,	-0.0000080085841466,	0.0000908729760346,	-0.0000112671991579,	0.0000857380769933,	-0.0000776927197775,	0.0000147668814174,	0.0000455823964657,	0.0000135626301079,	-0.0000033302279424,	0.0000611036106434,	
  -0.0000379322952873,	-0.0000056884694419,	0.0000245282616686,	0.0002979648585946,	-0.0000917393995090,	0.0001406356635565,	-0.0001509932209104,	0.0001433121972381,	0.0001010053646714,	0.0000286568134728,	0.0000338535479051,	0.0000886435215327,	
  0.0000043607732204,	0.0000863750994818,	-0.0000041560437938,	0.0002134321275567,	-0.0000928049551683,	0.0000310884684282,	-0.0000381415259055,	0.0002015685651473,	0.0000421030108929,	0.0000174192761745,	0.0000747209365004,	-0.0000247249212881,	
  0.0000071974323123,	0.0001384524097780,	0.0000576639282745,	-0.0001065815897007,	0.0000464953489663,	-0.0001092326201402,	0.0000664587612660,	-0.0000353346973738,	-0.0000467953023852,	0.0000266148294537,	-0.0000553192179222,	-0.0000924971028270,	
  0.0000928502411330,	0.0000732000090137,	-0.0000270669391584,	0.0001763023110629,	-0.0001577504765361,	-0.0000180200293149,	0.0000394074256752,	0.0001941773991102,	0.0000080723923960,	-0.0000704128066491,	0.0001601177548611,	-0.0000033085920966,	
  -0.0000274344832521,	0.0002897683082728,	0.0001518374231026,	-0.0000183145307243,	0.0000499611251150,	-0.0001239588898179,	0.0000180831392714,	0.0000090241441546,	-0.0000222272683758,	0.0000910328194348,	-0.0001173566570332,	-0.0001298719584270,	
  -0.0000034257615352,	0.0000885732486595,	0.0000721490679584,	-0.0000070322544749,	0.0000131292447558,	-0.0000343367425650,	-0.0000062119577793,	-0.0000340450796377,	-0.0000026050354499,	0.0000199183209790,	-0.0000499233788093,	-0.0000123910617630,	
};

