#pragma once

typedef float tinytype;

const PROGMEM tinytype Adyn_data[12*12] = {
  -0.0634808535059349,	-0.0072235142147436,	-0.0070544569065222,	-0.0441193748300009,	0.0970027514501825,	-0.0673784550213122,	-0.0693830728279882,	-0.0934621489781867,	0.1328986514231990,	0.0450588835098586,	0.1149848336575441,	-0.1450338296019222,	
  0.0565192276829184,	0.0443834752168725,	0.0290236789412056,	-0.0730085744753863,	0.0210641261826855,	-0.0729647160989008,	-0.0996161469858924,	-0.1006720068784492,	0.0316787158874276,	-0.1330289558920344,	-0.1062435634192283,	0.0835673497310274,	
  -0.1210593352010255,	0.0649156172420244,	-0.0290750563318064,	-0.0134475809132851,	-0.0664520408139729,	0.0885993512616364,	0.1168710066676282,	0.0038032793613474,	-0.0146023019162628,	0.0943171917314895,	-0.0009506788282598,	0.0605416566311827,	
  -0.0943312167205339,	0.0483349014813924,	-0.1177678956917265,	-0.0008584704749881,	0.0596822978625030,	-0.1236135329020815,	0.0867764344872010,	0.0709960344615616,	0.0511166900126037,	0.1012334502462217,	0.0706913848226246,	-0.0378627883794391,	
  -0.0376010453951117,	0.0237406884537668,	0.0794145190098656,	0.0163470942140809,	-0.0730488443924586,	-0.1126583289868256,	-0.0809545372815885,	0.0774558837091047,	0.1454169699324311,	-0.0601526143151631,	-0.0294316929494336,	0.0862996661173682,	
  -0.1308900117229217,	0.0090786329785054,	0.1328031660392351,	-0.0672006098543666,	0.1159334410330142,	0.1524702408629522,	0.0404924989874286,	-0.0338394684996908,	0.0828017647766855,	-0.0514268018903628,	0.1135127434905565,	-0.0787105498692706,	
  0.0291779826763459,	-0.0735305635618042,	-0.1317879159781665,	0.0147546527669644,	-0.1441663119072032,	0.1312441388555856,	-0.0976524677869675,	0.0906451179963728,	0.1148372178938168,	-0.0421477304502072,	-0.0806944845371965,	-0.0671760841797067,	
  -0.0053527353942374,	0.0555963989953679,	0.1452951177704244,	-0.0597416924695312,	0.0581726867423356,	0.1350888674630543,	-0.1468348214577783,	-0.0678382508517542,	0.1240341914726361,	0.1235005403416905,	0.0497948833397932,	-0.1312170861402987,	
  -0.0960996713151007,	-0.0241942207475883,	-0.1206697104514722,	-0.1341979290775057,	0.0903749630160485,	-0.1250245528431443,	-0.1352971342150623,	-0.0959245774142446,	-0.0429489739800312,	0.0941092084402537,	0.0086010318403545,	0.0260667849511082,	
  0.0911295668297176,	-0.0190081632000766,	-0.0920040515303591,	0.0546161160440312,	-0.0596435560132059,	0.0813396285601981,	-0.0670121724134736,	-0.0883979458006435,	0.1266865478957494,	-0.0318374557561706,	-0.0078166052398774,	-0.0039071641911001,	
  0.0870504904899186,	0.0397842875092503,	-0.0567745003496479,	-0.0463286049036386,	-0.0877192326245496,	0.0569175463949057,	0.1364873440631519,	0.0201501137957040,	0.0772349418185303,	-0.1387707065028231,	0.1212885547643636,	0.0545819969146824,	
  0.0842699561621953,	0.0197437767497000,	-0.0149769204497672,	-0.1283132830000309,	-0.1533109728664288,	0.1210818584813737,	-0.0681204602032525,	0.1020736023034011,	-0.0526225601729607,	0.1230906621793253,	-0.0017430970811921,	0.0177029193918657,	
};

const PROGMEM tinytype Bdyn_data[12*4] = {
  0.7606854383781001,	-0.8011460455528499,	0.5577241741611263,	-0.7903102856668027,	
  0.5966240309773509,	0.4076478481140422,	-0.5847421420902439,	0.1982561861286842,	
  0.4658175003120533,	-0.7675359720862103,	0.7955074209016424,	-0.9800048002045647,	
  0.8640883925504139,	-0.3408352691940484,	0.2017977494747858,	-0.8147340141514481,	
  -0.2042688272076385,	0.4125059396445818,	-0.0130848672586548,	0.2796244592116157,	
  -0.3159500120933600,	-0.7608111360541034,	-0.3780828551101900,	-0.4590061010649216,	
  -0.2573873578201782,	0.2809738000099316,	-0.8958390155877836,	-0.5094991537568954,	
  -0.4934709473621184,	0.5656096731152158,	-0.9970278055851511,	0.2115007892298506,	
  0.4348611482163380,	0.2852449906573769,	0.9964487715127790,	-0.2645658288706998,	
  -0.3910292127351040,	-0.7004756156117644,	-0.0472035272474787,	-0.9626593812745214,	
  0.7782247897710348,	0.2563902849961506,	-0.2646604516328965,	0.8785649160261462,	
  -0.7847509666085011,	0.7662382206844802,	-0.8253075331050961,	0.9157362877271493,	
};

const PROGMEM tinytype Q_data[12] = {
  5.4981764221437111,2.5197305830986707,1.7559264093522367,6.1024265719833908,7.1740035976183334,5.1016072022324765,0.5234729236261679,5.9278067085668606,9.0680295674408953,5.3317115360564484,
  1.9909361920033541,6.8133822545650400,
};

const PROGMEM tinytype Qf_data[12] = {
  49.4835877992934030,22.6775752478880364,15.8033376841701294,54.9218391478505197,64.5660323785649979,45.9144648200922916,4.7112563126355109,53.3502603771017476,81.6122661069680646,47.9854038245080332,
  17.9184257280301864,61.3204402910853617,
};

const PROGMEM tinytype R_data[4] = {
  0.1000000000000000,0.1000000000000000,0.1000000000000000,0.1000000000000000,
};

const PROGMEM tinytype umin[4] = {
  -3.0,	
  -3.0,	
  -3.0,	
  -3.0,	
};

const PROGMEM tinytype umax[4] = {
  3.0,	
  3.0,	
  3.0,	
  3.0,	
};

const PROGMEM tinytype xmin[12] = {
  -10000.0,	
  -10000.0,	
  -10000.0,	
  -10000.0,	
  -10000.0,	
  -10000.0,	
  -10000.0,	
  -10000.0,	
  -10000.0,	
  -10000.0,	
  -10000.0,	
  -10000.0,	
};

const PROGMEM tinytype xmax[12] = {
  10000.0,	
  10000.0,	
  10000.0,	
  10000.0,	
  10000.0,	
  10000.0,	
  10000.0,	
  10000.0,	
  10000.0,	
  10000.0,	
  10000.0,	
  10000.0,	
};

const PROGMEM tinytype rho_value = 85.0;

const PROGMEM tinytype Kinf_data[4*12] = {
  -0.0112868998976735,	0.0016585602658531,	-0.0128862124064027,	-0.0023931094518391,	0.0127874088902944,	-0.0227869491017324,	0.0071096259178384,	-0.0044861423198874,	0.0004247737194429,	0.0000604568638687,	0.0056720677936983,	-0.0004248011132831,	
  0.0067223925271632,	0.0015755063488885,	-0.0006046295293071,	-0.0089646469116358,	-0.0098124292243450,	-0.0059337422826400,	-0.0140327465504080,	0.0070444264903868,	-0.0080753759106666,	0.0081033774719866,	-0.0095120909464015,	0.0091694276355659,	
  -0.0134060611805236,	-0.0049170226852918,	-0.0175101316497770,	-0.0016455523386640,	0.0105311295262859,	-0.0277327171233287,	0.0005880675219795,	-0.0080423620204100,	-0.0099702339196428,	0.0018315009367895,	-0.0006079152891602,	0.0089457873790025,	
  0.0129997010910868,	0.0004565393313249,	0.0083219136013969,	-0.0032683641808574,	-0.0146068272852374,	0.0035520162138298,	-0.0002710213827777,	0.0115157353633854,	-0.0128020959798010,	-0.0043042946242951,	-0.0074885376389740,	0.0108913684313691,	
};

const PROGMEM tinytype Pinf_data[12*12] = {
  5.8809822729500549,	-0.0367996236974588,	-0.0621120890997941,	0.1443297200796795,	-0.2771932548998478,	0.1365447411106674,	0.0095742230397651,	0.0392025674302878,	-0.0688781315621152,	-0.1331523554488803,	-0.1490196267209788,	0.0920603674790940,	
  -0.0367996236974588,	2.5858037281611743,	0.0579944935737695,	-0.0282461499731884,	-0.0040013335824781,	0.0227974621422622,	0.0184315297528227,	0.0358884520348445,	0.0685387790445101,	0.0468460235450965,	0.0357964557138028,	-0.0126705730635141,	
  -0.0621120890997941,	0.0579944935737695,	2.2453305409246131,	0.0511662156870855,	0.0837311906766990,	0.2205525656258835,	-0.0142652393221425,	-0.0142788870232343,	0.1809006784714437,	-0.1348303374991251,	0.0532175397050868,	-0.1135540662391775,	
  0.1443297200796795,	-0.0282461499731884,	0.0511662156870855,	6.4819761627305947,	-0.1123040723902413,	-0.0340158690989320,	0.2423829287913386,	0.1041397787149647,	0.0285376976560469,	-0.2593508436950444,	-0.1149741063690331,	0.0761791440710552,	
  -0.2771932548998478,	-0.0040013335824781,	0.0837311906766990,	-0.1123040723902413,	7.6213709250654116,	-0.0959667316119762,	-0.0728456368420265,	-0.2528674781179066,	0.0407228084807442,	0.0882070231296213,	0.1658580406952645,	-0.2286738713943972,	
  0.1365447411106673,	0.0227974621422622,	0.2205525656258834,	-0.0340158690989319,	-0.0959667316119762,	5.7675573492771681,	0.0660085418814345,	-0.0314103093136669,	0.0345475900274375,	0.0275366368806022,	0.0979231101090055,	-0.1925125252737374,	
  0.0095742230397651,	0.0184315297528226,	-0.0142652393221425,	0.2423829287913386,	-0.0728456368420265,	0.0660085418814345,	1.0880841465617652,	0.2319784282188888,	-0.1771233616019502,	-0.1938578644424497,	0.0324926543411796,	0.0842632543691849,	
  0.0392025674302878,	0.0358884520348445,	-0.0142788870232344,	0.1041397787149647,	-0.2528674781179066,	-0.0314103093136669,	0.2319784282188888,	6.3090497188664747,	-0.0747658731600921,	0.0006761567517770,	-0.0507860776904635,	0.1260452893229154,	
  -0.0688781315621152,	0.0685387790445100,	0.1809006784714437,	0.0285376976560469,	0.0407228084807442,	0.0345475900274375,	-0.1771233616019502,	-0.0747658731600921,	9.6057413147014437,	-0.0873740742918536,	0.1443068118709537,	-0.1507957366208882,	
  -0.1331523554488803,	0.0468460235450965,	-0.1348303374991252,	-0.2593508436950445,	0.0882070231296213,	0.0275366368806022,	-0.1938578644424497,	0.0006761567517770,	-0.0873740742918536,	5.8816188209036309,	0.1129625000235454,	-0.2043090437428294,	
  -0.1490196267209788,	0.0357964557138028,	0.0532175397050868,	-0.1149741063690331,	0.1658580406952646,	0.0979231101090055,	0.0324926543411796,	-0.0507860776904635,	0.1443068118709538,	0.1129625000235454,	2.2422744676277877,	-0.2149637985022631,	
  0.0920603674790940,	-0.0126705730635141,	-0.1135540662391775,	0.0761791440710552,	-0.2286738713943972,	-0.1925125252737375,	0.0842632543691849,	0.1260452893229154,	-0.1507957366208883,	-0.2043090437428294,	-0.2149637985022631,	7.1965677314181598,	
};

const PROGMEM tinytype Quu_inv_data[4*4] = {
  0.0097728656841351,	0.0004747026235406,	-0.0012899069760035,	0.0007984045986907,	
  0.0004747026235406,	0.0097744537996033,	0.0005440308324424,	-0.0016210830557930,	
  -0.0012899069760035,	0.0005440308324424,	0.0091758722230396,	0.0008885814689279,	
  0.0007984045986907,	-0.0016210830557930,	0.0008885814689279,	0.0094705378641262,	
};

const PROGMEM tinytype AmBKt_data[12*12] = {
  -0.0317587730360116,	-0.0041197960306517,	0.0186062182998856,	-0.0511462202508927,	0.0619969754798844,	-0.0365241471161306,	-0.0865757116026000,	-0.0708195675941571,	0.1215489891111254,	0.0470816830096009,	0.0974703809666584,	-0.1337463602725018,	
  0.0500965344584062,	0.0397859844082759,	0.0250695961165940,	-0.0682406192270852,	0.0264887555097199,	-0.0738712950036671,	-0.0977399021971258,	-0.1078528856329154,	0.0314252740754715,	-0.1344440414815616,	-0.1046208967413245,	0.0831545965472783,	
  -0.0872376309966800,	0.0697112274129619,	-0.0014515530490755,	-0.0211074811213559,	-0.1026323846058812,	0.1202021254942599,	0.1020551663960139,	0.0289830882997471,	-0.0256130308896905,	0.0948334615915200,	-0.0177489009495402,	0.0713345550753737,	
  -0.0689904974361909,	0.0488029491719005,	-0.0965254969619790,	-0.0041768589291016,	0.0312625870475261,	-0.0974556749993360,	0.0755107532665950,	0.0882786388213711,	0.0395789427693631,	0.1000666790094008,	0.0565696704085141,	-0.0273021297704561,	
  -0.0464900849646130,	0.0232375767344861,	0.0744755524478696,	0.0204486093835007,	-0.0621668654256621,	-0.1162213979547511,	-0.0736301920388381,	0.0703083223971667,	0.1522841984676939,	-0.0622554051976126,	-0.0222632485028218,	0.0795020105620316,	
  -0.1284432965605806,	0.0091518302526751,	0.1254712867425839,	-0.0768994702417324,	0.1097852342786290,	0.1319013790548595,	0.0321604533166673,	-0.0276522735033744,	0.0671463214502199,	-0.0465257991131690,	0.1044008018468540,	-0.0634871097373626,	
  0.0189977252143189,	-0.0777186014820255,	-0.1463810302477115,	0.0135181487852075,	-0.1361259284261175,	0.1040119915986806,	-0.0914909771692268,	0.0861737381451256,	0.1017611367274885,	-0.0449613108513100,	-0.0809219154792849,	-0.0562986631842344,	
  -0.0308404056202394,	0.0505247619032112,	0.1200599512078722,	-0.0568015312820396,	0.0836220908686816,	0.0987988078061956,	-0.1347457295240966,	-0.0844904731917111,	0.1215783686489509,	0.1216834444345694,	0.0589517378323755,	-0.1299973643750265,	
  -0.0763112359710089,	-0.0203445235420890,	-0.0952438866426346,	-0.1298251270011535,	0.0732549635387281,	-0.0848488497084164,	-0.1350437458030330,	-0.0849226439556251,	-0.0342824008344626,	0.0888077041342555,	0.0074722914955473,	0.0176034462233133,	
  0.1033064021272421,	-0.0170486228494894,	-0.0902818370424270,	0.0441768264601402,	-0.0750809658407318,	0.0703831236763038,	-0.0742948401819609,	-0.0745116066926480,	0.1084013549131113,	-0.0301947133285369,	-0.0194992555534649,	0.0132566373455039,	
  0.0791415441499456,	0.0363871693893629,	-0.0585366899463637,	-0.0397318219500564,	-0.0795346802106864,	0.0657118386785700,	0.1349460649095884,	0.0095894022069476,	0.0875835660785976,	-0.1366290546822291,	0.1257314940136630,	0.0453604574436503,	
  0.0472931751684581,	0.0153619948449683,	-0.0466980196612568,	-0.1216873499162245,	-0.1136899607460934,	0.0816057077794257,	-0.0510552269730794,	0.0759725902502720,	-0.0426067222299220,	0.1223821385265719,	0.0163523998347267,	0.0077529948092659,	
};

const PROGMEM tinytype coeff_d2p_data[12*4] = {
  0.0326776034783939,	-0.0356151463599101,	0.0158425310247817,	-0.0309333464391248,	
  0.0178000947991440,	0.0093692102574394,	-0.0146507406833685,	0.0024918790981326,	
  0.0072413260231044,	-0.0117392266937976,	0.0132131321828027,	-0.0155727355982818,	
  0.0480194031238509,	-0.0080737183781861,	-0.0025741986756562,	-0.0419200798620839,	
  -0.0105039735899521,	0.0258790445769650,	0.0084032046504630,	0.0153263242553114,	
  -0.0159569327290371,	-0.0436411333182573,	-0.0202264433342362,	-0.0245668556462666,	
  -0.0004151900700158,	0.0040950133070501,	-0.0130769103474536,	-0.0060055879888073,	
  -0.0195856231746050,	0.0279527769847411,	-0.0538735946792948,	-0.0032652334080722,	
  0.0313351496450316,	0.0366827417682666,	0.0845300107023129,	-0.0155951076466301,	
  -0.0293126138496170,	-0.0320017572860209,	-0.0066145514103295,	-0.0446010223011144,	
  0.0189140120853410,	0.0024251061041138,	-0.0038732874041327,	0.0169891858575751,	
  -0.0397817093886186,	0.0388116346830228,	-0.0402349073353955,	0.0434430341336448,	
};

const PROGMEM tinytype dKinf_drho_data[4*12] = {
  0.0000780947433502,	-0.0000236043282711,	0.0000967647751157,	0.0000276100405287,	-0.0000945321710161,	0.0001868793818974,	-0.0000614569343159,	0.0000209040492028,	-0.0000021752917547,	0.0000007138614210,	-0.0000452018869556,	0.0000027544156822,	
  -0.0000280701259839,	-0.0000140139062174,	0.0000318644062096,	0.0000870625374838,	0.0000568124103101,	0.0000852873221445,	0.0001323506295737,	-0.0000408150976930,	0.0000625369354290,	-0.0000895571225476,	0.0000753835253938,	-0.0000735855272506,	
  0.0000926396249614,	0.0000460095563342,	0.0001368695122912,	0.0000196833254672,	-0.0000614649717371,	0.0002247833187573,	0.0000119189271554,	0.0000537383784500,	0.0001081299948153,	-0.0000179869585548,	0.0000249198792849,	-0.0000968178099551,	
  -0.0000874769640665,	0.0000002341252150,	-0.0000564301893311,	0.0000222930430946,	0.0000996334531486,	-0.0000040391258425,	-0.0000270375199026,	-0.0000845789537527,	0.0001156103406352,	0.0000504392824035,	0.0000487229236653,	-0.0000932874802532,	
};

const PROGMEM tinytype dPinf_drho_data[12*12] = {
  0.0005924219804019,	0.0000472953913005,	0.0004479758885372,	-0.0000097548064483,	-0.0005952495749681,	0.0005789390990194,	-0.0002004441051280,	0.0003894528608625,	-0.0001125417629533,	-0.0000504531847096,	-0.0002647373260015,	0.0001274687552659,	
  0.0000472953913005,	0.0000353859962194,	0.0000827593928118,	-0.0000241933184183,	-0.0000363274004749,	0.0001117136937559,	-0.0000116280765018,	0.0000350238099627,	0.0000339216724805,	0.0000150771542044,	0.0000077484722921,	-0.0000407921513715,	
  0.0004479758885372,	0.0000827593928118,	0.0005847080303608,	0.0000067030168136,	-0.0004234676996017,	0.0008685723292769,	-0.0000936282370697,	0.0002534583849390,	0.0000704938485808,	-0.0000348379107262,	-0.0000850638719750,	-0.0001081712910152,	
  -0.0000097548064483,	-0.0000241933184183,	0.0000067030168136,	0.0001320283665464,	0.0000478473709714,	0.0000966839572224,	0.0001046135915466,	-0.0000482333592746,	0.0001209175436857,	-0.0000911285008649,	0.0000637672707518,	-0.0000952926045720,	
  -0.0005952495749681,	-0.0000363274004749,	-0.0004234676996017,	0.0000478473709714,	0.0006383729658253,	-0.0005226207531573,	0.0002427862520422,	-0.0004199209971959,	0.0001759444309671,	0.0000426610878298,	0.0003120446364023,	-0.0002066315543618,	
  0.0005789390990194,	0.0001117136937559,	0.0008685723292769,	0.0000966839572224,	-0.0005226207531573,	0.0014180772423467,	-0.0000893846127986,	0.0002793907945712,	0.0002781816831272,	-0.0000651061818090,	-0.0000341163464599,	-0.0003131601937152,	
  -0.0002004441051280,	-0.0000116280765018,	-0.0000936282370697,	0.0001046135915466,	0.0002427862520422,	-0.0000893846127986,	0.0002571433622416,	-0.0001381058836926,	0.0001205105235083,	-0.0001180904775103,	0.0001820693422815,	-0.0001274527631914,	
  0.0003894528608625,	0.0000350238099627,	0.0002534583849390,	-0.0000482333592746,	-0.0004199209971959,	0.0002793907945712,	-0.0001381058836926,	0.0003047113799274,	-0.0001313358963555,	-0.0000376582343076,	-0.0002041893251895,	0.0001544326359150,	
  -0.0001125417629533,	0.0000339216724805,	0.0000704938485808,	0.0001209175436857,	0.0001759444309671,	0.0002781816831272,	0.0001205105235083,	-0.0001313358963555,	0.0003417419123860,	-0.0000373497251943,	0.0001908199500853,	-0.0003036720457559,	
  -0.0000504531847096,	0.0000150771542044,	-0.0000348379107262,	-0.0000911285008649,	0.0000426610878298,	-0.0000651061818090,	-0.0001180904775103,	-0.0000376582343076,	-0.0000373497251943,	0.0001487529193772,	-0.0000147100967220,	-0.0000117624431051,	
  -0.0002647373260015,	0.0000077484722921,	-0.0000850638719750,	0.0000637672707518,	0.0003120446364023,	-0.0000341163464599,	0.0001820693422815,	-0.0002041893251895,	0.0001908199500853,	-0.0000147100967220,	0.0002158882701275,	-0.0002151980189291,	
  0.0001274687552659,	-0.0000407921513715,	-0.0001081712910152,	-0.0000952926045720,	-0.0002066315543618,	-0.0003131601937152,	-0.0001274527631914,	0.0001544326359150,	-0.0003036720457559,	-0.0000117624431051,	-0.0002151980189291,	0.0003400753497536,	
};

const PROGMEM tinytype dC1_drho_data[4*4] = {
  -0.0000981017125878,	-0.0000072535318837,	0.0000234444005263,	-0.0000133929766330,	
  -0.0000072535318837,	-0.0000989755851479,	-0.0000082337365397,	0.0000300916113144,	
  0.0000234444005263,	-0.0000082337365397,	-0.0000869869212257,	-0.0000146312681747,	
  -0.0000133929766330,	0.0000300916113144,	-0.0000146312681747,	-0.0000939705398619,	
};

const PROGMEM tinytype dC2_drho_data[12*12] = {
  -0.0002026951072974,	-0.0000187473269948,	-0.0001690123071107,	0.0000553878066533,	0.0002304461272302,	-0.0002023880771881,	0.0001247660746483,	-0.0001454150697908,	0.0000828172605551,	-0.0000223969132773,	0.0001193854390896,	-0.0000807764201341,	
  0.0000363626678902,	0.0000466529579500,	0.0000204993591143,	-0.0000448737335363,	-0.0000224533995495,	-0.0000140228624767,	-0.0000049559108847,	0.0000523577239710,	0.0000161124837611,	0.0000155642289759,	0.0000011506826640,	-0.0000097650022883,	
  -0.0002173460833874,	-0.0000361323676012,	-0.0001848002168114,	0.0000601514470440,	0.0002341774116646,	-0.0002043657597071,	0.0000942330903544,	-0.0001667015871478,	0.0000762931119716,	-0.0000053313443704,	0.0001068401476064,	-0.0000721654863700,	
  -0.0001670129761032,	0.0000065259174285,	-0.0001463483597422,	0.0000200073175680,	0.0001946260810548,	-0.0001810629583586,	0.0000737803862438,	-0.0001117278054182,	0.0000955657248759,	0.0000135832614403,	0.0000994192376323,	-0.0000839274687072,	
  0.0000532042912962,	0.0000014957529000,	0.0000241919508782,	-0.0000362500696532,	-0.0000714096438576,	0.0000070628034758,	-0.0000594328472505,	0.0000454600195926,	-0.0000571538139578,	0.0000227492505934,	-0.0000536275362809,	0.0000557357213492,	
  -0.0000018090356405,	-0.0000006168343892,	0.0000806618417534,	0.0000926361113722,	0.0000358495847160,	0.0002070648229545,	0.0000733724691189,	-0.0000429526424864,	0.0001408394622934,	-0.0000515591339112,	0.0000748569871975,	-0.0001345391075191,	
  0.0000664083208798,	0.0000391985270490,	0.0001098148819437,	0.0000116355608871,	-0.0000445937442484,	0.0002234486231394,	-0.0000561034508086,	0.0000218964417759,	0.0001376393058443,	0.0000349322964008,	0.0000143332986632,	-0.0001128785068145,	
  0.0001652799506921,	0.0000421016400010,	0.0001781255279385,	-0.0000207088339220,	-0.0001611373686779,	0.0002689497085645,	-0.0000875840493437,	0.0001048681280407,	0.0000469119942725,	0.0000224051988275,	-0.0000504025933848,	-0.0000338197627719,	
  -0.0001414075629305,	-0.0000315222225126,	-0.0002024813606591,	-0.0000505561346745,	0.0001125092156773,	-0.0003306480405069,	-0.0000300569252592,	-0.0000733722988727,	-0.0000940518525932,	0.0000565028832991,	-0.0000137871909488,	0.0000915854229207,	
  -0.0000689627158109,	-0.0000166491853051,	0.0000122957659959,	0.0000941712464144,	0.0000958425825699,	0.0001395392501901,	0.0000432116253067,	-0.0000992999690571,	0.0001593524918622,	-0.0000147466393772,	0.0000832089488372,	-0.0001448420206566,	
  0.0000477938789456,	0.0000339337185744,	0.0000023270605278,	-0.0000581852945106,	-0.0000448006747335,	-0.0001042611196024,	0.0000408025791988,	0.0000827270701454,	-0.0000872944526780,	-0.0000266685889647,	-0.0000203613194188,	0.0000730583216843,	
  0.0002393553394000,	0.0000299721076202,	0.0002161551365286,	-0.0000492133895578,	-0.0002596815254857,	0.0002705175100077,	-0.0001150444810473,	0.0001694812663323,	-0.0000662533373179,	0.0000081484400539,	-0.0001172847479942,	0.0000640678368014,	
};

