#pragma once

typedef float tinytype;

const PROGMEM tinytype Adyn_data[12*12] = {
  -0.0235017931394941,	0.1419644751156811,	-0.0673157991968039,	-0.0358331625766775,	0.0763087221530500,	-0.0605849930193070,	0.1073219434507427,	-0.0083221685666204,	-0.0677169031440244,	-0.0094766467126589,	-0.0368853887105028,	-0.0208103969704551,	
  0.1162551070965614,	-0.0062770296653884,	0.0241546109746846,	0.1412464079619733,	0.1182320030769293,	0.1135134554456540,	-0.0811013102919475,	0.0750525074980538,	0.0882936004552164,	0.1254745998306555,	-0.0970064437706360,	0.0227746307868081,	
  0.1405614828169329,	-0.1023338576451520,	-0.1262947608991435,	0.1340328122611442,	-0.0089765183313532,	0.0092284975538116,	0.0137996405883426,	0.1207139320494031,	0.1220054368205687,	0.0860841405675307,	0.1183212207204875,	0.1229559932069550,	
  -0.0934873354551985,	0.1098789956726682,	-0.0305767031569118,	0.0049403828742383,	0.0973583099345154,	0.0595766446527985,	-0.1063336979845570,	0.0623680576836663,	-0.0274584314987569,	-0.1213245192597284,	-0.1435471711929608,	0.0565054179219526,	
  -0.0377803394938006,	-0.0897209820536857,	-0.1341082690489978,	-0.1416842310266453,	-0.0356304284269433,	-0.0731327637009302,	-0.0206264577984916,	0.0167010996777536,	-0.1148806677779219,	0.0853382733243066,	-0.0099716717631668,	-0.0941495557172354,	
  0.0636571488931944,	0.1125072477133305,	-0.0622437075045854,	0.0248897811506806,	-0.1454887743266243,	0.1046043869726057,	-0.1345022318359040,	0.0406563803084788,	-0.1037310723332044,	0.0916185105203416,	-0.0591153944429633,	-0.1317796403927285,	
  0.0685988724638437,	-0.0467945269950495,	-0.1435814089510618,	0.0997485768137380,	0.0888065377508582,	0.1097131830174384,	0.0001664501012972,	-0.0202228077705816,	-0.1008795453603947,	0.1381848945788619,	-0.1227867813646270,	0.0535234430314217,	
  -0.1127020976975542,	-0.0067627052261752,	-0.0227697261973031,	0.0178038857682431,	-0.1138938891398349,	-0.0128304103729856,	-0.1381055659476685,	0.0128853150155937,	0.1161311820516670,	-0.0022757612564129,	-0.0735483939034667,	0.0866760388140728,	
  0.1310359525669235,	-0.0932604915261985,	-0.0434047345653034,	-0.0360680465284937,	0.0324110115717854,	-0.0880327092557854,	-0.0759404751756886,	-0.1152200614330055,	0.0667633944634452,	0.0753145485274036,	-0.0194361770917713,	-0.0826694064431723,	
  0.0900436921406839,	-0.0714110909144785,	0.1021214583529789,	0.1097078261574763,	0.1282969621589291,	-0.0787262500386037,	0.0249430316148241,	-0.1054980387168658,	-0.0746130073722762,	0.0419381991343545,	-0.0672479391949574,	0.1044777085859251,	
  0.0955647299837054,	-0.0503625097339112,	-0.1455688013105155,	-0.1050783727610573,	0.0067443003255568,	0.0362811080150518,	0.0245502584731300,	-0.1077281383140269,	-0.0158179405173456,	0.0575523631614822,	0.1330120489284777,	0.0423795919580250,	
  -0.0052050238788465,	-0.1275339590417928,	-0.0096802375608057,	-0.0686065144512958,	-0.0964263165062673,	0.0682331654156947,	-0.0311201243540015,	0.1314677781640690,	0.0125077421261490,	-0.0170207561589281,	-0.0537763396630549,	-0.0472243149012077,	
};

const PROGMEM tinytype Bdyn_data[12*4] = {
  0.8076858485295422,	0.3131830318800870,	-0.7861513041512322,	0.6635304459436528,	
  -0.9702347489087515,	-0.7733285588120999,	-0.8206708137302376,	0.9602860626126117,	
  0.4305102208739806,	-0.0395340106194459,	0.3943871961200787,	0.2873526285793286,	
  0.0739286438333842,	0.0684701538761567,	-0.2213908805314853,	-0.2588963174609493,	
  -0.0902958433226329,	-0.5447955151139090,	-0.7216356126384433,	-0.7408673481663559,	
  -0.8545023019713822,	-0.7951124557250089,	-0.2997645740360160,	0.1055418829449462,	
  -0.8769694424047301,	-0.8207347103112963,	0.6260284825643709,	0.1831906318173768,	
  0.9162681487613082,	0.2179336012398465,	-0.9800707753303550,	-0.6605413761547299,	
  -0.2892136522542255,	0.3266739724672729,	0.6468442154060063,	0.2007970709941014,	
  -0.3703359215536390,	0.4008659008295534,	-0.2638599512498938,	0.3581694638359159,	
  -0.0428911446832796,	-0.3824404064970026,	0.0742187576364988,	-0.4475212405467524,	
  -0.3910206581246474,	-0.2572733696617180,	0.0523607879995789,	-0.7472557956143360,	
};

const PROGMEM tinytype Q_data[12] = {
  3.8580837944254283,4.5366041450161783,2.5402509886939084,9.3494934768620386,5.8167335961761175,6.8825255121748121,5.9419506143575438,7.7110744222488172,8.8277581464934958,6.6662679603293755,
  6.5656530614226076,2.3650235898747543,
};

const PROGMEM tinytype Qf_data[12] = {
  34.7227541498288517,40.8294373051456034,22.8622588982451767,84.1454412917583454,52.3506023655850612,61.9427296095733055,53.4775555292178950,69.3996698002393515,79.4498233184414602,59.9964116429643823,
  59.0908775528034695,21.2852123088727865,
};

const PROGMEM tinytype R_data[4] = {
  0.1000000000000000,0.1000000000000000,0.1000000000000000,0.1000000000000000,
};

const PROGMEM tinytype umin[4] = {
  -3.0,	
  -3.0,	
  -3.0,	
  -3.0,	
};

const PROGMEM tinytype umax[4] = {
  3.0,	
  3.0,	
  3.0,	
  3.0,	
};

const PROGMEM tinytype xmin[12] = {
  -10000.0,	
  -10000.0,	
  -10000.0,	
  -10000.0,	
  -10000.0,	
  -10000.0,	
  -10000.0,	
  -10000.0,	
  -10000.0,	
  -10000.0,	
  -10000.0,	
  -10000.0,	
};

const PROGMEM tinytype xmax[12] = {
  10000.0,	
  10000.0,	
  10000.0,	
  10000.0,	
  10000.0,	
  10000.0,	
  10000.0,	
  10000.0,	
  10000.0,	
  10000.0,	
  10000.0,	
  10000.0,	
};

const PROGMEM tinytype rho_value = 85.0;

const PROGMEM tinytype Kinf_data[4*12] = {
  -0.0203166545913556,	0.0050862770069684,	0.0027998743997024,	-0.0089296137957777,	-0.0072413423108121,	-0.0127336170040613,	0.0067888112031164,	0.0015187028464375,	0.0130056222060239,	-0.0176846976591008,	0.0103830726182288,	0.0098306958531290,	
  -0.0063278404800015,	-0.0006354311688813,	0.0186347837524290,	-0.0011980886431253,	0.0063279056639412,	-0.0191240649282472,	0.0068088536732817,	-0.0099458651236293,	0.0099967999052896,	-0.0165388228703924,	0.0036647027445697,	0.0063649243807675,	
  0.0155446928162667,	-0.0123210424832652,	-0.0028912345247811,	-0.0014653032373775,	0.0057541438493799,	-0.0018380529609844,	0.0122337179137834,	-0.0108813548227186,	0.0012603964067562,	0.0018002812409250,	0.0141643454382501,	-0.0026736062895391,	
  0.0159810375488485,	0.0068161943038395,	0.0112264216108044,	0.0187761373687456,	0.0169015197465869,	0.0008775967602381,	0.0086236389456239,	-0.0028785289266285,	0.0017135219689510,	0.0066436377843852,	-0.0022510014265633,	0.0014309027163954,	
};

const PROGMEM tinytype Pinf_data[12*12] = {
  4.3971815069869935,	-0.2661517762125422,	-0.1322193450503469,	0.0963016553321056,	0.1250175258111012,	-0.0364865176822799,	0.0524888417374636,	-0.2362445509668665,	0.0284627011266294,	0.3743520732659541,	0.1647350252186695,	-0.0409194812821143,	
  -0.2661517762125422,	5.0858604039669633,	0.0877363384600897,	0.0484323521508921,	-0.0271435267835378,	0.1887814783986997,	-0.0850425422577844,	0.1731027313910173,	-0.1330433783525822,	-0.2703410611056407,	-0.1831139271497934,	-0.0534909557497740,	
  -0.1322193450503469,	0.0877363384600897,	3.1132877786260349,	0.1811538426197198,	0.0383870356845787,	-0.0989733159943617,	0.0796150038524004,	0.0203947626358316,	0.1196492178238243,	-0.2529972239487110,	-0.0249887006680745,	0.0570469721098835,	
  0.0963016553321055,	0.0484323521508922,	0.1811538426197198,	9.8427277619985318,	0.1601227883942245,	0.1649101924863889,	-0.0909762942938114,	0.1155000049784507,	0.1196232171999024,	0.0689997480146260,	-0.2200099458014660,	0.2721678426137296,	
  0.1250175258111012,	-0.0271435267835378,	0.0383870356845787,	0.1601227883942245,	6.4316207054631116,	-0.0485103985490890,	0.1811646949885158,	-0.1415731613468627,	-0.1054485449868774,	-0.0357668062882291,	-0.1689410498297406,	0.2559850058306464,	
  -0.0364865176822800,	0.1887814783986998,	-0.0989733159943616,	0.1649101924863889,	-0.0485103985490890,	7.2785895992858523,	-0.1613602968058559,	0.2439159607371548,	-0.0044877272872724,	0.0041175736044655,	-0.1421366302810635,	0.0690707924471717,	
  0.0524888417374636,	-0.0850425422577844,	0.0796150038524004,	-0.0909762942938113,	0.1811646949885158,	-0.1613602968058558,	6.5063824449730667,	-0.1403434522058090,	-0.1717259011951433,	-0.0337867939204269,	0.3421973937659378,	0.0570926128924179,	
  -0.2362445509668665,	0.1731027313910173,	0.0203947626358316,	0.1155000049784507,	-0.1415731613468627,	0.2439159607371548,	-0.1403434522058090,	8.1883690388756953,	0.0792299840088105,	-0.1422250104444240,	-0.1452891884524031,	-0.0023939754496777,	
  0.0284627011266294,	-0.1330433783525821,	0.1196492178238244,	0.1196232171999024,	-0.1054485449868774,	-0.0044877272872725,	-0.1717259011951433,	0.0792299840088104,	9.3669333462776656,	-0.0316650083161123,	0.0993299886505373,	0.1223342245353213,	
  0.3743520732659542,	-0.2703410611056406,	-0.2529972239487110,	0.0689997480146259,	-0.0357668062882291,	0.0041175736044655,	-0.0337867939204270,	-0.1422250104444240,	-0.0316650083161123,	7.1411074412415410,	0.0495798571543453,	-0.0786476410550557,	
  0.1647350252186695,	-0.1831139271497934,	-0.0249887006680745,	-0.2200099458014659,	-0.1689410498297406,	-0.1421366302810635,	0.3421973937659378,	-0.1452891884524031,	0.0993299886505372,	0.0495798571543453,	7.1724441919332556,	-0.0607682471511571,	
  -0.0409194812821143,	-0.0534909557497740,	0.0570469721098835,	0.2721678426137295,	0.2559850058306464,	0.0690707924471717,	0.0570926128924179,	-0.0023939754496777,	0.1223342245353214,	-0.0786476410550557,	-0.0607682471511570,	2.8433394751483174,	
};

const PROGMEM tinytype Quu_inv_data[4*4] = {
  0.0092207364346932,	-0.0013461242878289,	0.0006167555722496,	0.0007221885992145,	
  -0.0013461242878289,	0.0098383831694947,	-0.0002843009604839,	-0.0001460896593112,	
  0.0006167555722496,	-0.0002843009604839,	0.0090482765728417,	-0.0002871640959165,	
  0.0007221885992145,	-0.0001460896593112,	-0.0002871640959165,	0.0096969723636992,	
};

const PROGMEM tinytype AmBKt_data[12*12] = {
  -0.0034939709111044,	0.1238464113526860,	-0.0851353365311514,	-0.0418561076997030,	0.0734846139374524,	-0.0463381980304879,	0.1036018055739128,	-0.0130783268721859,	-0.0814982999718620,	0.0069937495160286,	-0.0337904456258681,	-0.0337952037963015,	
  0.0890603911501234,	-0.0184905603914899,	0.0281286288768914,	0.1124230755741711,	0.1045917153712031,	0.0840184918228070,	-0.0674903938138167,	0.0626687851229590,	0.1080318171941618,	0.0906239930845831,	-0.0703125364304399,	0.0336666647230545,	
  0.1383350243983013,	-0.1016480629772911,	-0.1288491035884696,	0.1330122614273229,	-0.0127349357489800,	0.0144271236545101,	0.0038433222461579,	0.1247855348861522,	0.1158121278788991,	0.0904246630123405,	0.1090566769260752,	0.1196186715832035,	
  -0.0839731995218720,	0.1085834033412195,	-0.0297932343291264,	0.0102192384728086,	0.1031100360719671,	0.0616477297633227,	-0.1023607269015329,	0.0597825036929035,	-0.0283817371404816,	-0.1167661185922669,	-0.1420126195024913,	0.0551213839511151,	
  -0.0200047952339774,	-0.0934492996752222,	-0.1174724340048161,	-0.1302900392525804,	-0.0161626976753147,	-0.0853774828805605,	-0.0010867643827299,	0.0014347882724278,	-0.1060810629886821,	0.0809523434739308,	0.0015161927949811,	-0.0906635628997731,	
  0.0442382554193030,	0.1119354378540943,	-0.0470860070748079,	0.0138858755101450,	-0.1467040511272581,	0.0778740933242233,	-0.1205302925232132,	0.0310879948136724,	-0.0844721842405833,	0.0631951500916561,	-0.0428456402845465,	-0.1192709301188764,	
  0.0329293120707155,	-0.0363908773123476,	-0.1260783709208331,	0.0884119745414443,	0.0809511756207200,	0.0838403121257812,	0.0024698668950778,	-0.0197145109325152,	-0.0823722366540198,	0.1067578895995100,	-0.1191283165224010,	0.0687802029757222,	
  -0.0669165094666245,	-0.0188577323343188,	-0.0248144059440454,	0.0372132249791255,	-0.0918343197594678,	0.0017830406276650,	-0.1281236356848329,	0.0010954288575653,	0.1044030359082660,	0.0236853298338848,	-0.0714655530607386,	0.0746062014920856,	
  0.1139632993179904,	-0.0849807687459344,	-0.0490665257482445,	-0.0410815988364863,	0.0211337441101655,	-0.0844553958096510,	-0.0858462446776018,	-0.1039152349664442,	0.0660997533071885,	0.0731041709807604,	-0.0263405441601999,	-0.0804634044348758,	
  0.0834340228523108,	-0.0749651194720868,	0.0909044606334472,	0.0997694683914451,	0.1185432712265640,	-0.0765750972372879,	0.0248669990814944,	-0.1027888029071200,	-0.0740850975971246,	0.0401142443952875,	-0.0603281253244323,	0.1043489239646469,	
  0.0982714494871480,	-0.0464225238488775,	-0.1330833712586471,	-0.0974080983522579,	0.0159904813555503,	0.0289502946388311,	0.0303967093773953,	-0.1119473023112050,	-0.0107636418523527,	0.0533082864798844,	0.1328002901336778,	0.0460742371196640,	
  -0.0036492498077851,	-0.1199700189861524,	0.0047492007092299,	-0.0582991123166766,	-0.0853013622501725,	0.0590859766554622,	-0.0209103251301435,	0.1279215750057756,	0.0213795633510984,	-0.0233206042724808,	-0.0511972435011956,	-0.0405335417159042,	
};

const PROGMEM tinytype coeff_d2p_data[12*4] = {
  0.0290751715632846,	0.0113823654789311,	-0.0280833774764593,	0.0299417310088677,	
  -0.0386033738348221,	-0.0333814797666004,	-0.0414510668145106,	0.0431833963728123,	
  0.0131020220296623,	-0.0050138818607630,	0.0132759718306108,	0.0073989011346286,	
  0.0022590473890849,	0.0062587295612408,	-0.0216131971457167,	-0.0244228792654056,	
  -0.0080065344993268,	-0.0327125162141775,	-0.0390232559264123,	-0.0449123693533891,	
  -0.0498829656577385,	-0.0469948591780356,	-0.0267875524557518,	0.0040933343066835,	
  -0.0404653393870738,	-0.0478018414325322,	0.0353007199240211,	0.0042520034545506,	
  0.0548006802100535,	0.0092611891425782,	-0.0667491510534238,	-0.0440614435836841,	
  -0.0207486120103485,	0.0337182333670251,	0.0521951810883177,	0.0118374134718368,	
  -0.0243606544687424,	0.0347559908661854,	-0.0206873759956456,	0.0236891283170567,	
  -0.0010252860152455,	-0.0250607737171005,	0.0118593945535176,	-0.0280767223938965,	
  -0.0113968267563390,	-0.0069063648867824,	0.0012561255639993,	-0.0240705672807285,	
};

const PROGMEM tinytype dKinf_drho_data[4*12] = {
  0.0001576720420051,	-0.0000447757665221,	-0.0000073706947520,	0.0000678602895067,	0.0000597432045009,	0.0000917847036683,	-0.0000668051561227,	-0.0000187430853519,	-0.0001090249044521,	0.0001348193206692,	-0.0000978223481865,	-0.0000815509278045,	
  0.0000411047749384,	0.0000115485741136,	-0.0001775328398887,	0.0000021237322988,	-0.0000685706464515,	0.0001703510008290,	-0.0000532835466092,	0.0000959136293001,	-0.0000805185708576,	0.0001397994843206,	-0.0000184866037931,	-0.0000502781883171,	
  -0.0001233820440400,	0.0001055094969277,	0.0000311491311956,	0.0000225043989512,	-0.0000420705463323,	0.0000198739564152,	-0.0001096955042203,	0.0000939065514412,	-0.0000122025463731,	-0.0000072279646560,	-0.0001302735897806,	0.0000206834358777,	
  -0.0001372434489435,	-0.0000716623732242,	-0.0001087780708214,	-0.0001756660235628,	-0.0001552804936445,	-0.0000029021812948,	-0.0000839306378422,	0.0000223572837977,	-0.0000258491330802,	-0.0000537661695915,	0.0000176695933183,	-0.0000208019949582,	
};

const PROGMEM tinytype dPinf_drho_data[12*12] = {
  0.0009687354024560,	-0.0002125882297543,	-0.0000700467089649,	0.0004597701367986,	0.0004732013422121,	0.0003683977975277,	0.0001526401486170,	-0.0001774554836266,	-0.0002623810359018,	0.0006109424069103,	-0.0000320741890196,	-0.0002526377995240,	
  -0.0002125882297543,	0.0003031350421829,	0.0001469582590822,	0.0001097295319812,	0.0000133782216723,	-0.0000382595136821,	-0.0000597226020201,	0.0001076429939309,	-0.0000151902283932,	-0.0000748614270212,	-0.0001849241739337,	0.0000768965588097,	
  -0.0000700467089649,	0.0001469582590822,	0.0005687412265417,	0.0001872319738624,	0.0002297984254434,	-0.0003700473767017,	0.0001804668385260,	-0.0001850463283124,	0.0002556676898408,	-0.0003160219924200,	0.0000213257851312,	0.0001612421253361,	
  0.0004597701367986,	0.0001097295319812,	0.0001872319738624,	0.0004572247494938,	0.0003627959252264,	0.0001630013507894,	0.0000559970827234,	-0.0000199916437157,	-0.0000839257390199,	0.0002947183518403,	-0.0001753831196644,	-0.0000592295779196,	
  0.0004732013422121,	0.0000133782216723,	0.0002297984254434,	0.0003627959252264,	0.0004487991533783,	-0.0000325982628707,	0.0002266996234561,	-0.0001819094606452,	-0.0000345091828286,	0.0001584344481697,	-0.0000269472761452,	-0.0000176487414741,	
  0.0003683977975277,	-0.0000382595136821,	-0.0003700473767017,	0.0001630013507894,	-0.0000325982628707,	0.0005415097950898,	-0.0002423081152545,	0.0001981925107124,	-0.0003327680330675,	0.0005453764444914,	-0.0002254790350377,	-0.0002364916855178,	
  0.0001526401486170,	-0.0000597226020201,	0.0001804668385260,	0.0000559970827234,	0.0002266996234561,	-0.0002423081152545,	0.0003483017906742,	-0.0002326653740589,	0.0001545327201608,	-0.0001472493503434,	0.0002617242968036,	0.0000863050769993,	
  -0.0001774554836266,	0.0001076429939309,	-0.0001850463283124,	-0.0000199916437157,	-0.0001819094606452,	0.0001981925107124,	-0.0002326653740589,	0.0002630824726263,	-0.0000641142794150,	0.0001031291580753,	-0.0001721530423617,	-0.0000113449504056,	
  -0.0002623810359018,	-0.0000151902283932,	0.0002556676898408,	-0.0000839257390199,	-0.0000345091828286,	-0.0003327680330675,	0.0001545327201608,	-0.0000641142794150,	0.0003810970663204,	-0.0003786824530243,	0.0002274999399377,	0.0002027739067369,	
  0.0006109424069103,	-0.0000748614270212,	-0.0003160219924200,	0.0002947183518403,	0.0001584344481697,	0.0005453764444914,	-0.0001472493503434,	0.0001031291580753,	-0.0003786824530243,	0.0006451305416192,	-0.0002279672831051,	-0.0002696031211210,	
  -0.0000320741890196,	-0.0001849241739337,	0.0000213257851312,	-0.0001753831196644,	-0.0000269472761452,	-0.0002254790350377,	0.0002617242968036,	-0.0001721530423617,	0.0002274999399377,	-0.0002279672831051,	0.0003755502106879,	0.0000856852899275,	
  -0.0002526377995240,	0.0000768965588097,	0.0001612421253361,	-0.0000592295779196,	-0.0000176487414741,	-0.0002364916855178,	0.0000863050769993,	-0.0000113449504056,	0.0002027739067369,	-0.0002696031211210,	0.0000856852899275,	0.0001520486517073,	
};

const PROGMEM tinytype dC1_drho_data[4*4] = {
  -0.0000877611657246,	0.0000259213030884,	-0.0000114392837973,	-0.0000136903986791,	
  0.0000259213030884,	-0.0000987490029836,	0.0000061925885418,	0.0000037373988958,	
  -0.0000114392837973,	0.0000061925885418,	-0.0000827605494438,	0.0000050159149955,	
  -0.0000136903986791,	0.0000037373988958,	0.0000050159149955,	-0.0000947187055274,	
};

const PROGMEM tinytype dC2_drho_data[12*12] = {
  -0.0001461545430268,	0.0001630445305951,	0.0001582189708532,	0.0000787767051044,	0.0000431809424613,	-0.0001099346267846,	0.0000400983517390,	0.0000440900229691,	0.0001208335616618,	-0.0001226812671227,	-0.0000293396487113,	0.0001116768728575,	
  0.0002153033191714,	0.0001208927805077,	-0.0000144212712120,	0.0002546410912901,	0.0001195249181707,	0.0002398869031124,	-0.0001154488491492,	0.0001115845339639,	-0.0001532387725889,	0.0002846164471328,	-0.0002330864572274,	-0.0000810549448872,	
  0.0000218431751894,	-0.0000012862367543,	0.0000151274203167,	0.0000124720582512,	0.0000327814099927,	-0.0000397836792960,	0.0000940339819592,	-0.0000315990255334,	0.0000559934580478,	-0.0000342137943466,	0.0000876835028496,	0.0000309410351597,	
  -0.0000773184133998,	0.0000073251949500,	-0.0000085655020406,	-0.0000456592493544,	-0.0000492372746481,	-0.0000148009292460,	-0.0000374277701005,	0.0000213967024792,	0.0000041794044164,	-0.0000350591705137,	-0.0000157691379660,	0.0000086650689775,	
  -0.0001540852399739,	0.0000252956438252,	-0.0001554964365499,	-0.0001066207434148,	-0.0001773642696469,	0.0001132858618221,	-0.0001764025166122,	0.0001348909857221,	-0.0000816672226825,	0.0000432862001401,	-0.0000998236072885,	-0.0000352406562232,	
  0.0001449134075412,	0.0000101128107676,	-0.0001266387994664,	0.0000849615240612,	0.0000003066669656,	0.0002201422529324,	-0.0001234761998263,	0.0000860363393135,	-0.0001581130753705,	0.0002298676261805,	-0.0001392046399479,	-0.0001012666262567,	
  0.0002743920662422,	-0.0000827127381999,	-0.0001517443577975,	0.0000793463961820,	0.0000508979471081,	0.0002083953493618,	-0.0000182699200791,	-0.0000006012891977,	-0.0001493214349827,	0.0002473450840618,	-0.0000226417337880,	-0.0001219204153850,	
  -0.0003650060938673,	0.0000945805981855,	0.0000041198405366,	-0.0001566198276880,	-0.0001835982513930,	-0.0001036637345538,	-0.0000901253049656,	0.0001030738671625,	0.0000884099684628,	-0.0001965963510134,	-0.0000223454866351,	0.0000922104769537,	
  0.0001395400910434,	-0.0000705809946646,	0.0000575573351815,	0.0000396487368266,	0.0000980717536824,	-0.0000413764530265,	0.0000858943132526,	-0.0001019854291568,	0.0000078554073411,	0.0000087941917327,	0.0000584662490932,	-0.0000163630473629,	
  0.0000585149507427,	0.0000322955001871,	0.0001156172202973,	0.0000931359860741,	0.0000941286875042,	-0.0000280133206978,	-0.0000022636509869,	-0.0000286192594631,	-0.0000020600821774,	0.0000112378208789,	-0.0000695191721950,	0.0000028617430131,	
  -0.0000297792353022,	-0.0000374050604484,	-0.0001192042160057,	-0.0000765617187791,	-0.0000900306269412,	0.0000663120488812,	-0.0000526624099672,	0.0000389130667910,	-0.0000461321361915,	0.0000357224742425,	0.0000063105255494,	-0.0000335706569255,	
  -0.0000238673919919,	-0.0000736117932363,	-0.0001314726027685,	-0.0001053646474341,	-0.0001081119759942,	0.0000765072034317,	-0.0000968045462131,	0.0000291366778972,	-0.0000820232534978,	0.0000488852039939,	-0.0000229817359890,	-0.0000614507486836,	
};

