#pragma once

typedef float tinytype;

const PROGMEM tinytype Adyn_data[12*12] = {
  -0.0801505701661431,	-0.0611709699498851,	-0.1465196626731267,	0.0171251974394348,	-0.0823876821402135,	-0.1245222734547058,	0.0564086261386111,	0.0870034078527654,	0.1134367096014131,	0.0348080361512117,	0.1389650488861823,	-0.0575317128599629,	
  -0.0125894136713506,	-0.1112531438606921,	-0.0822990639881535,	0.1095804112277340,	-0.0183028064501662,	-0.1025878646498447,	0.0823094498050971,	0.0259057904232231,	0.0192936350656193,	0.0329380541733226,	0.0236949855911220,	0.0422696220953065,	
  -0.0602193961824391,	0.0445020282325082,	-0.0355619333676923,	-0.1079091248844763,	-0.0366088389901158,	0.0109060175849672,	-0.1083102749858968,	-0.1492766182738684,	0.0301636237209357,	-0.0116128540249698,	-0.0599621015577261,	0.0277992520505206,	
  -0.1104218693307398,	-0.0020978892024793,	0.0812706724346116,	0.0495189210121165,	-0.1390549018713857,	0.0734588031686070,	0.0697897512507052,	-0.1156496295784704,	0.0041801838922381,	0.0500048106750548,	-0.0154311993523947,	-0.1091324490961447,	
  -0.0870734189033917,	-0.0104648739546209,	-0.1489931336706989,	0.0556337276034952,	0.0606782194230710,	-0.1001161167516938,	0.0542504767550323,	-0.0858127521544924,	0.0186464954301625,	0.1252792430284611,	-0.1390054811589364,	0.0248702098194854,	
  0.0698783421209586,	0.0565306045410702,	0.1164837714464600,	-0.0906662293215345,	-0.0487866821702171,	0.0456665350954611,	-0.0302430940948942,	0.1189350178707138,	0.0400673527995620,	-0.0797079973394653,	0.1178331678819984,	0.0974245961250151,	
  -0.1446305208061242,	0.1399900834209643,	-0.1072499911400154,	0.1346463708445360,	0.0073036705700107,	0.1283637870629734,	0.1312840868723499,	-0.1177358431821078,	0.0308375429659377,	-0.1248544978619298,	0.0902550698637839,	-0.0561442464583154,	
  0.0785404080149954,	0.1206821234637835,	-0.0994889497670076,	0.0373973373811646,	0.0393375969671540,	-0.0038173266618163,	-0.1161665857755549,	0.1008607402842207,	-0.0056127347407767,	0.1150378525650708,	0.0831847082543796,	0.0444647424665276,	
  -0.0557132870813795,	0.0169924259084058,	-0.1153383716526062,	-0.1161154115113365,	-0.0098611067614700,	0.1068652317696255,	0.0501646725434884,	-0.1134785999235018,	-0.0456485298953448,	0.0773918157241634,	0.1284600208016093,	-0.0510997894430756,	
  -0.0182535355628449,	0.0223136395080750,	-0.0915849567134028,	0.0096249625645258,	0.0304815100657851,	0.1297385110468283,	0.0010527476652960,	-0.0145756123269082,	-0.1400257599724301,	-0.0098129446603221,	0.1417479969880112,	-0.1040747441197163,	
  -0.0364315032691903,	-0.0468238159542891,	0.1448293684911864,	0.0923858523733508,	0.1100751637179310,	-0.0135018939538573,	0.0940307300019124,	-0.0226599571790245,	-0.0842045922424525,	0.0930971173107927,	-0.0449123857644459,	-0.0444387506735711,	
  0.0424217490670490,	0.1236681901017679,	0.0207439166390322,	-0.1354004388249198,	-0.1285365219325672,	0.0887776554860453,	0.0078437663608436,	-0.0795244015238811,	0.1324720463586300,	0.0495518103694144,	-0.0482055491771538,	0.1486156011165218,	
};

const PROGMEM tinytype Bdyn_data[12*4] = {
  -0.1336006233726261,	0.9038328408429843,	-0.8371902494211947,	-0.2248268133273759,	
  -0.6434701047934590,	0.6776388929549078,	0.2908758806439937,	0.3748206033028938,	
  -0.8656894918786997,	0.8176622395615676,	0.3555264584792401,	0.6554511779945078,	
  -0.4507438114978881,	-0.5997534267167441,	0.4618540026168765,	-0.5263526315958911,	
  0.8967870547399954,	-0.9467335416433058,	0.1125405372767490,	0.3793072581270176,	
  0.4091142932988412,	0.7572817305151163,	0.1477700512984834,	-0.1949910035104123,	
  0.4063048431355212,	0.4595336287499292,	0.8109086617544767,	0.0345908177859713,	
  0.5535753858077517,	-0.0025616597488183,	0.5606531220095132,	-0.8674069342733632,	
  0.0494669549302422,	-0.0664588476822812,	0.7251439314161350,	0.3102881454879520,	
  0.2025724416583314,	0.8959459349727847,	-0.0900244909163388,	0.2374894097734219,	
  0.2234343801283418,	-0.0169236526419165,	-0.7682621656234108,	-0.7540641556006835,	
  0.5564518664344271,	-0.2530554475056266,	-0.1945977787192221,	-0.7447311632890745,	
};

const PROGMEM tinytype Q_data[12] = {
  8.4460037056208996,9.3711084790059189,1.3064383025994912,0.8062818709102592,6.3088313114793442,1.5654302775898605,0.9936346009734947,5.4748892749257978,3.5893863126660674,2.0938521706905968,
  3.5324919771876253,1.0208247504060908,
};

const PROGMEM tinytype Qf_data[12] = {
  76.0140333505880932,84.3399763110532774,11.7579447233954220,7.2565368381923321,56.7794818033140984,14.0888724983087457,8.9427114087614523,49.2740034743321829,32.3044768139946044,18.8446695362153704,
  31.7924277946886278,9.1874227536548165,
};

const PROGMEM tinytype R_data[4] = {
  0.1000000000000000,0.1000000000000000,0.1000000000000000,0.1000000000000000,
};

const PROGMEM tinytype umin[4] = {
  -3.0,	
  -3.0,	
  -3.0,	
  -3.0,	
};

const PROGMEM tinytype umax[4] = {
  3.0,	
  3.0,	
  3.0,	
  3.0,	
};

const PROGMEM tinytype xmin[12] = {
  -10000.0,	
  -10000.0,	
  -10000.0,	
  -10000.0,	
  -10000.0,	
  -10000.0,	
  -10000.0,	
  -10000.0,	
  -10000.0,	
  -10000.0,	
  -10000.0,	
  -10000.0,	
};

const PROGMEM tinytype xmax[12] = {
  10000.0,	
  10000.0,	
  10000.0,	
  10000.0,	
  10000.0,	
  10000.0,	
  10000.0,	
  10000.0,	
  10000.0,	
  10000.0,	
  10000.0,	
  10000.0,	
};

const PROGMEM tinytype rho_value = 85.0;

const PROGMEM tinytype Kinf_data[4*12] = {
  -0.0007619474324688,	0.0103689722098827,	-0.0050588338031276,	-0.0004833676594156,	0.0071789378048584,	0.0031717249206222,	-0.0024317275236232,	-0.0018830068821302,	-0.0022997286903357,	0.0080922670018511,	-0.0038692553869094,	0.0001620144243159,	
  -0.0008509251920334,	-0.0077078971857164,	-0.0086525212132911,	0.0022827327323802,	-0.0091879963016821,	-0.0074411512219898,	0.0029795201660372,	0.0132317972729174,	0.0069684695146838,	-0.0043364616625714,	0.0220428832246722,	-0.0014265696145945,	
  0.0042615207359977,	0.0083185376246304,	-0.0038404191632433,	-0.0010845087852642,	0.0023965521017788,	0.0102262035522542,	-0.0052197505506598,	-0.0073540118963833,	-0.0057664073715746,	0.0006510527275290,	-0.0013903277484968,	0.0052232780950786,	
  -0.0054759048952556,	-0.0080883751315476,	-0.0061525884030449,	-0.0014590514795618,	-0.0013630020945268,	-0.0029326834945271,	0.0051624758047494,	-0.0094199558430963,	0.0002766376584136,	-0.0052806960553328,	-0.0072740165063208,	0.0011486030055340,	
};

const PROGMEM tinytype Pinf_data[12*12] = {
  8.6561803756972289,	0.0833816244099018,	0.1820772579675651,	-0.0695874824311142,	0.0316153629013700,	0.0855237277758023,	-0.1715714026041687,	0.1238035680513162,	-0.0553672719166249,	-0.0649302355331100,	-0.0022158572642905,	0.1057688057406503,	
  0.0833816244099018,	9.6323620433339912,	0.0545788590859752,	-0.1341870104217852,	0.0201557051401765,	0.2167469742821687,	-0.1825393546979546,	-0.0324598077206447,	-0.0378908061272844,	-0.0337952696463734,	0.0229787603647197,	0.0197106610187796,	
  0.1820772579675651,	0.0545788590859752,	1.9364077314128088,	-0.1008384094633493,	0.0787053325579421,	0.2482370742038033,	-0.0943034085362684,	-0.0176580877705177,	-0.1647776982433761,	-0.2426817316990364,	-0.1823495268354297,	0.0303976748302523,	
  -0.0695874824311142,	-0.1341870104217852,	-0.1008384094633494,	1.1269330648055900,	0.0845990669243227,	-0.1869833316087817,	0.1578683409370642,	0.0550542034404649,	-0.0221069891933352,	0.1009327824636121,	-0.0455126953138746,	-0.0181265621220045,	
  0.0316153629013700,	0.0201557051401765,	0.0787053325579421,	0.0845990669243227,	6.4870691590826448,	0.0331229797473281,	-0.0052828950411742,	-0.0366458913135208,	-0.1473293267030666,	0.0587579777071324,	-0.1134597491473576,	-0.0013702371135926,	
  0.0855237277758022,	0.2167469742821688,	0.2482370742038033,	-0.1869833316087817,	0.0331229797473281,	1.9866285783953188,	-0.1075178799438830,	-0.1429155850043107,	-0.1898407606642286,	-0.1566035764154473,	0.0476997007514397,	-0.0720649760367248,	
  -0.1715714026041688,	-0.1825393546979546,	-0.0943034085362684,	0.1578683409370642,	-0.0052828950411742,	-0.1075178799438831,	1.2690991680396133,	-0.0775837822746260,	0.0151595060551434,	0.0547368910447008,	0.0056511223519444,	-0.0771992541190249,	
  0.1238035680513162,	-0.0324598077206447,	-0.0176580877705178,	0.0550542034404649,	-0.0366458913135208,	-0.1429155850043107,	-0.0775837822746259,	5.7787445598629512,	0.0788715353864331,	-0.0038747093853784,	0.1697472898938288,	0.0501487005876809,	
  -0.0553672719166249,	-0.0378908061272844,	-0.1647776982433761,	-0.0221069891933352,	-0.1473293267030666,	-0.1898407606642286,	0.0151595060551434,	0.0788715353864331,	3.8205441940793912,	0.0141991861081595,	0.0408543407440181,	0.0625068488214469,	
  -0.0649302355331100,	-0.0337952696463734,	-0.2426817316990365,	0.1009327824636121,	0.0587579777071324,	-0.1566035764154474,	0.0547368910447009,	-0.0038747093853783,	0.0141991861081595,	2.3835181510684689,	-0.0000835571210026,	0.0104781632369777,	
  -0.0022158572642905,	0.0229787603647197,	-0.1823495268354297,	-0.0455126953138746,	-0.1134597491473576,	0.0476997007514397,	0.0056511223519444,	0.1697472898938288,	0.0408543407440181,	-0.0000835571210026,	3.9580431885475402,	-0.1020685927247476,	
  0.1057688057406503,	0.0197106610187796,	0.0303976748302523,	-0.0181265621220045,	-0.0013702371135926,	-0.0720649760367248,	-0.0771992541190249,	0.0501487005876809,	0.0625068488214469,	0.0104781632369777,	-0.1020685927247475,	1.2012585610294575,	
};

const PROGMEM tinytype Quu_inv_data[4*4] = {
  0.0102738271324484,	0.0010390588966217,	-0.0000315947623035,	0.0004817647198792,	
  0.0010390588966217,	0.0094293381703112,	0.0004965510910387,	0.0000051606508419,	
  -0.0000315947623035,	0.0004965510910387,	0.0101021118267543,	-0.0003695975620410,	
  0.0004817647198792,	0.0000051606508419,	-0.0003695975620410,	0.0103484775659074,	
};

const PROGMEM tinytype AmBKt_data[12*12] = {
  -0.0771466993242383,	-0.0476733032056580,	-0.1439735215156291,	0.0137614363333609,	-0.0714242281409588,	-0.1094710401620596,	0.0501814963682026,	0.0665179383331910,	0.1020657483545267,	0.0391664174599208,	0.1157256694034296,	-0.0515895729197321,	
  -0.0116901756809484,	-0.0987458216209471,	-0.0762677852060871,	0.1085848501113932,	-0.0076434488819631,	-0.0973798667736083,	0.0783089643362842,	0.0213976495504513,	0.0146653417650679,	0.0428736792952400,	0.0093989844994957,	0.0413907269010118,	
  -0.0581091317306978,	0.0621248697779922,	-0.0274683808184322,	-0.1088521669675769,	-0.0228400866893222,	0.0180226398115201,	-0.1143796285021605,	-0.1529369915773130,	0.0243437062817268,	0.0021680694183976,	-0.0760732475630803,	0.0264960915853227,	
  -0.1161261150815554,	-0.0101462643308743,	0.0723363370222463,	0.0504030319469265,	-0.1431538492693235,	0.0641589438870796,	0.0756086879575993,	-0.1101243062394391,	0.0101318061721337,	0.0479713426316684,	-0.0071415168192162,	-0.1117228337921854,	
  -0.0855982570919502,	-0.0249291521044408,	-0.1498821447828336,	0.0589038251250443,	0.0457889439797437,	-0.1100437403588106,	0.0578812991868379,	-0.0671964275916354,	0.0278501700845858,	0.1158464655476936,	-0.1117512906247595,	0.0223508320975803,	
  0.0691369784798645,	0.0553191684074315,	0.1244736084503266,	-0.0923213924903705,	-0.0453856982708017,	0.0479210114493539,	-0.0297266166506105,	0.1089350806362223,	0.0366371541920945,	-0.0808606305609765,	0.1015105438358826,	0.0978907519953754,	
  -0.1471961971814294,	0.1328533670549516,	-0.0978913857656039,	0.1347236803611842,	0.0067127891521964,	0.1223034859727446,	0.1349570865023925,	-0.1167619482604048,	0.0332361483497827,	-0.1264949558739703,	0.0830767639439447,	-0.0598298495592383,	
  0.0718209507953643,	0.1032426438963880,	-0.0998943235588554,	0.0370132072697418,	0.0328140652956990,	-0.0138693601530540,	-0.1074083720032094,	0.0978891366181050,	-0.0008488989770632,	0.1056015370777008,	0.0798530583998909,	0.0424392599237175,	
  -0.0571232548953003,	0.0124448363052317,	-0.1109692312423976,	-0.1147006416561863,	-0.0121417724217493,	0.0997083133357596,	0.0526661935679179,	-0.1042504655800493,	-0.0409760149402440,	0.0778697501234817,	0.1333815945236509,	-0.0553466382852600,	
  -0.0156526923879289,	0.0297888061916055,	-0.0816925423813040,	0.0079265513427294,	0.0377986499890449,	0.1373799662152148,	-0.0028200790515993,	-0.0244740434280859,	-0.1463880866533998,	-0.0062542596669628,	0.1243849082179152,	-0.1026319926285066,	
  -0.0371308772308044,	-0.0489793826405765,	0.1382233585005144,	0.0905990800126251,	0.1091290370258882,	-0.0086915240197550,	0.0945071869945772,	-0.0347683585168191,	-0.0877943319034053,	0.0877338334449668,	-0.0502280263082435,	-0.0396201257382000,	
  0.0393816103291943,	0.1115429347140227,	0.0160399851659264,	-0.1358514541418224,	-0.1354050342087309,	0.0849356550872723,	0.0127797942378882,	-0.0835746295024807,	0.1345990344715892,	0.0401454825442778,	-0.0461621645827483,	0.1500362854429065,	
};

const PROGMEM tinytype coeff_d2p_data[12*4] = {
  -0.0051256613800248,	0.0700056858622758,	-0.0689939433911719,	-0.0184140878664532,	
  -0.0547402073209411,	0.0585539011580898,	0.0275791975941176,	0.0337333225679159,	
  -0.0145430540113142,	0.0146156197628562,	0.0054787412322111,	0.0124977247930566,	
  -0.0036958708907602,	-0.0090090438255684,	0.0063985470829597,	-0.0065971905100629,	
  0.0531595937523741,	-0.0502978299180988,	0.0032944202438960,	0.0287956410854074,	
  0.0056980408000882,	0.0178437499674586,	0.0006811778980936,	0.0000934749348634,	
  0.0057051007040718,	0.0022886389462467,	0.0113066640076658,	0.0001233665731482,	
  0.0295381198250953,	0.0037150571890583,	0.0318341534563806,	-0.0536436462268894,	
  0.0025641269109799,	-0.0026480576251302,	0.0267411109188094,	0.0087125880907684,	
  0.0090303866161075,	0.0161208120322918,	-0.0011331159118303,	0.0046558053274897,	
  0.0089050788378345,	-0.0005077347192994,	-0.0289088041957335,	-0.0313418802470755,	
  0.0052363077192122,	-0.0018023867106631,	-0.0022269812799143,	-0.0080758328857573,	
};

const PROGMEM tinytype dKinf_drho_data[4*12] = {
  0.0000115104211654,	-0.0000943858020774,	0.0000639981130828,	0.0000035644115216,	-0.0000632491035251,	-0.0000230131488109,	0.0000194843074292,	0.0000100041553597,	0.0000158349248121,	-0.0000758586806155,	0.0000204405387540,	-0.0000007508539026,	
  0.0000068464695601,	0.0000574511053885,	0.0000883014853394,	-0.0000206750175952,	0.0000776232058488,	0.0000611889459881,	-0.0000232253202304,	-0.0001187754050619,	-0.0000601327581032,	0.0000322610632866,	-0.0002031163684393,	0.0000112070627444,	
  -0.0000448591406314,	-0.0000826649017466,	0.0000403224959362,	0.0000091689486597,	-0.0000199164506469,	-0.0001004159918383,	0.0000528924159847,	0.0000638222487614,	0.0000547901416075,	-0.0000062982716465,	0.0000002024850540,	-0.0000517860145248,	
  0.0000586546779602,	0.0000814810341110,	0.0000637271775090,	0.0000140054362397,	0.0000105159266198,	0.0000320445612615,	-0.0000546552752057,	0.0000955476328997,	-0.0000029146779936,	0.0000497989893818,	0.0000759295679610,	-0.0000090702482517,	
};

const PROGMEM tinytype dPinf_drho_data[12*12] = {
  0.0000518596563303,	0.0000758410316873,	0.0000297441801016,	0.0000004700320111,	0.0000179665820295,	0.0000608214795403,	-0.0000503012105321,	0.0000140129717480,	-0.0000279085907115,	0.0000288313903103,	0.0000181299745296,	0.0000207190603346,	
  0.0000758410316873,	0.0003073558247330,	0.0000338918321489,	-0.0000200630947311,	0.0001793047042074,	0.0002052895893408,	-0.0001348635173567,	-0.0001123444754472,	-0.0001303434650494,	0.0001656623651207,	-0.0001626236003178,	0.0000413220320665,	
  0.0000297441801016,	0.0000338918321489,	0.0001664911973720,	-0.0000013664226641,	0.0000463368988237,	0.0000315262760845,	-0.0000206575164807,	-0.0000175717892356,	-0.0000307638471405,	0.0000284278383804,	-0.0001200023058142,	-0.0000190911830969,	
  0.0000004700320111,	-0.0000200630947311,	-0.0000013664226641,	0.0000198608548741,	-0.0000159446504868,	-0.0000228826375192,	0.0000112414552208,	0.0000542636708444,	0.0000128422068982,	0.0000032623405581,	0.0000691063866930,	-0.0000186460433600,	
  0.0000179665820295,	0.0001793047042074,	0.0000463368988237,	-0.0000159446504868,	0.0001537845576484,	0.0001252099171945,	-0.0000612253713607,	-0.0001415961864463,	-0.0001052465977396,	0.0001165768418117,	-0.0002190655148178,	0.0000152206652302,	
  0.0000608214795403,	0.0002052895893408,	0.0000315262760845,	-0.0000228826375192,	0.0001252099171945,	0.0001871531207686,	-0.0000974001371599,	-0.0001580762500325,	-0.0001240127111362,	0.0000808281980315,	-0.0001684508761037,	0.0000530878555961,	
  -0.0000503012105321,	-0.0001348635173567,	-0.0000206575164807,	0.0000112414552208,	-0.0000612253713607,	-0.0000974001371599,	0.0000737914109944,	0.0000364781375599,	0.0000546573030283,	-0.0000608773715406,	0.0000464732867515,	-0.0000280061599307,	
  0.0000140129717480,	-0.0001123444754472,	-0.0000175717892356,	0.0000542636708444,	-0.0001415961864463,	-0.0001580762500325,	0.0000364781375599,	0.0003290262120754,	0.0001379233199897,	-0.0000249376759665,	0.0003790871257055,	-0.0000633437637600,	
  -0.0000279085907115,	-0.0001303434650494,	-0.0000307638471405,	0.0000128422068982,	-0.0001052465977396,	-0.0001240127111362,	0.0000546573030283,	0.0001379233199897,	0.0000983667583390,	-0.0000645425534896,	0.0001636249539995,	-0.0000298107488133,	
  0.0000288313903103,	0.0001656623651207,	0.0000284278383804,	0.0000032623405581,	0.0001165768418117,	0.0000808281980315,	-0.0000608773715406,	-0.0000249376759665,	-0.0000645425534896,	0.0001284580266300,	-0.0000822957144880,	-0.0000025523240608,	
  0.0000181299745296,	-0.0001626236003178,	-0.0001200023058142,	0.0000691063866930,	-0.0002190655148178,	-0.0001684508761037,	0.0000464732867515,	0.0003790871257055,	0.0001636249539995,	-0.0000822957144880,	0.0005591365811909,	-0.0000511297488747,	
  0.0000207190603346,	0.0000413220320665,	-0.0000190911830969,	-0.0000186460433600,	0.0000152206652302,	0.0000530878555961,	-0.0000280061599307,	-0.0000633437637600,	-0.0000298107488133,	-0.0000025523240608,	-0.0000511297488747,	0.0000423244443684,	
};

const PROGMEM tinytype dC1_drho_data[4*4] = {
  -0.0001068783705974,	-0.0000204460733309,	0.0000003137404459,	-0.0000099221287128,	
  -0.0000204460733309,	-0.0000902930901730,	-0.0000096569663549,	-0.0000004622523027,	
  0.0000003137404459,	-0.0000096569663549,	-0.0001024610035121,	0.0000075458418017,	
  -0.0000099221287128,	-0.0000004622523027,	0.0000075458418017,	-0.0001076197246764,	
};

const PROGMEM tinytype dC2_drho_data[12*12] = {
  -0.0000290187553907,	-0.0001154233262537,	-0.0000231744158706,	0.0000299879195032,	-0.0000929181183299,	-0.0001352419625676,	0.0000555879663566,	0.0001836027073568,	0.0001016799919631,	-0.0000333700790184,	0.0002035546343427,	-0.0000556236073343,	
  -0.0000061693618833,	-0.0001061610896776,	-0.0000542707488756,	0.0000083872362135,	-0.0000914477813911,	-0.0000390746546253,	0.0000333767447801,	0.0000325466346733,	0.0000360929470329,	-0.0000875078163085,	0.0001222735621743,	0.0000103855248709,	
  -0.0000181303153484,	-0.0001527016765720,	-0.0000729040640091,	0.0000075511712623,	-0.0001180354999554,	-0.0000552572351879,	0.0000528770387338,	0.0000204613492647,	0.0000453074977953,	-0.0001224503199745,	0.0001339356307586,	0.0000145428048880,	
  0.0000608858624419,	0.0000729795536229,	0.0000967257332785,	-0.0000076561936321,	0.0000327792198030,	0.0000895695125295,	-0.0000583435563655,	-0.0000459114581049,	-0.0000557665280033,	0.0000142765635013,	-0.0000727340822671,	0.0000255264605858,	
  -0.0000210402876063,	0.0001174316587485,	-0.0000025047977188,	-0.0000291144927692,	0.0001284621106158,	0.0000777136564898,	-0.0000246828626830,	-0.0001648447577361,	-0.0000761908080879,	0.0000803914062233,	-0.0002394513134156,	0.0000205518951563,	
  0.0000081721878913,	0.0000232113735858,	-0.0000865838754308,	0.0000155745994554,	-0.0000279129573446,	-0.0000158353853713,	-0.0000088563999513,	0.0000950535131866,	0.0000303944670203,	0.0000172452075143,	0.0001602294598467,	-0.0000022959135912,	
  0.0000265248295521,	0.0000761638828178,	-0.0001014824816826,	0.0000001329888155,	0.0000058146114668,	0.0000615517254091,	-0.0000382441003867,	-0.0000045425289726,	-0.0000231297614168,	0.0000193814411131,	0.0000822430492213,	0.0000374625284070,	
  0.0000696735441240,	0.0001694203762285,	-0.0000025311193409,	0.0000049816799766,	0.0000554997990328,	0.0000969904719595,	-0.0000879081912308,	0.0000412542199717,	-0.0000421663401285,	0.0000888032746273,	0.0000539126157359,	0.0000216107574110,	
  0.0000142151053416,	0.0000431484653555,	-0.0000463107777653,	-0.0000125448867449,	0.0000194668153206,	0.0000680779368481,	-0.0000239030878616,	-0.0000843161658526,	-0.0000436060079822,	-0.0000049883515735,	-0.0000382168866396,	0.0000411486556060,	
  -0.0000264340468388,	-0.0000591458703430,	-0.0001035821284746,	0.0000153009335741,	-0.0000610240599425,	-0.0000668103001640,	0.0000346033093909,	0.0000874437896733,	0.0000562926405604,	-0.0000259310216505,	0.0001598263551199,	-0.0000123967416909,	
  0.0000073098531332,	0.0000199949264791,	0.0000662276332880,	0.0000164588449107,	0.0000080743202340,	-0.0000468046832168,	-0.0000053248633024,	0.0001168358782214,	0.0000353396061257,	0.0000502083213728,	0.0000494067371844,	-0.0000462673537435,	
  0.0000302800185050,	0.0001116545299762,	0.0000420395855957,	0.0000049991925918,	0.0000587938980085,	0.0000326137601435,	-0.0000471301130616,	0.0000479533734382,	-0.0000155369071584,	0.0000862367718415,	-0.0000061873608343,	-0.0000135785175935,	
};

