#pragma once

typedef float tinytype;

const PROGMEM tinytype Adyn_data[12*12] = {
  0.1275822505734800,	-0.1036746748086948,	-0.0680391281982057,	-0.1110814943975092,	0.1327278757087199,	-0.1074438636192174,	-0.0964662763308547,	0.0687341591134233,	0.1039877643311884,	0.0510384059586131,	0.0432683379148824,	0.0636951885343548,	
  0.0166267827814253,	0.1173110526903004,	-0.1328944148948116,	-0.0774341441621192,	0.0687544846580693,	-0.0042384152005936,	-0.0246101263836218,	-0.0086725696398126,	-0.1322984699926543,	-0.0013496809643297,	-0.0643174746962938,	0.0231392174893235,	
  -0.0701560269981955,	0.0054518053319921,	-0.0486986362481647,	-0.1121242213413862,	0.0357250513469024,	-0.0529873771271206,	-0.0040599724161400,	0.1398879461027334,	0.0696307441452210,	0.0551789557228278,	-0.0179318132631679,	0.0533797672360215,	
  -0.0286317381790326,	0.0409521026761792,	0.1226370294806687,	-0.0684076782784321,	-0.1100599827899991,	-0.1257210099777433,	-0.0552409144381267,	0.0097265225641425,	-0.0690962744416702,	0.0634024530649000,	-0.0180608456147041,	0.0209466089728962,	
  0.1084309201240089,	0.0339706695135523,	0.0966311847364487,	-0.0553349773054609,	0.1384069264962660,	-0.1182381807309767,	-0.0299617049959892,	0.0053164591612820,	-0.0080207965954967,	-0.1410179929646118,	0.0389089453321097,	-0.0161835453270589,	
  0.0462153011742966,	-0.0129797790513407,	0.1195274625164885,	0.0531864163406717,	0.1375598623417439,	0.0383289708135203,	-0.0739476916054838,	0.0836331560288460,	0.0677118480253616,	-0.1254746296733082,	0.0400898099841104,	-0.0213425662465192,	
  0.0982421275277583,	0.0847112129288259,	0.1393952274327971,	-0.0938633658772071,	0.1285302035739054,	-0.0830993093182519,	0.0778737064653798,	0.0505501935671157,	0.0418212955999832,	0.0196627075396688,	-0.0407697396475145,	0.0985411370893964,	
  -0.0199371343601196,	-0.1403401879098309,	0.0201369138752675,	0.0949440964781832,	-0.0102369709752223,	0.0099583928146911,	0.0928553935070497,	0.1025039400102387,	-0.1225768681869262,	-0.1136245442665650,	-0.1017819633875062,	0.1177239265500214,	
  -0.1047459326007089,	-0.0080822184595992,	0.0402962802008547,	-0.0668426634378705,	0.1112188395739284,	0.0792042412502246,	-0.0134632079227744,	-0.0332124694837239,	-0.0743924917104127,	-0.1007424182281864,	0.0924781073558252,	-0.0059905066769441,	
  -0.0932353053364080,	-0.0388209457388443,	0.1370964231374327,	-0.0167915309651182,	0.0183667991640034,	-0.1281806000757097,	-0.0028749549069658,	0.0937344267370609,	-0.0554177399657475,	-0.0105294541390249,	-0.1279940212197118,	-0.1023880762483797,	
  -0.1326942388410159,	-0.0565209949320517,	0.0729638129027756,	0.0780452702294720,	0.0332060636901415,	-0.1033975278866101,	-0.0493996847609040,	0.0598597409195430,	0.0843407590628844,	0.0820248197097304,	0.0485143783472999,	-0.1127792595959662,	
  0.0030092008612496,	-0.0162196407001776,	-0.1351117806244871,	0.0717848301460003,	-0.1316862056744008,	0.0022806631760288,	0.1234970604775716,	-0.0100201870288876,	-0.0315259418479245,	0.0275105226239869,	0.0757233961819527,	0.0086471429909847,	
};

const PROGMEM tinytype Bdyn_data[12*4] = {
  0.0499866093485948,	-0.5082139379859014,	-0.1119156123397562,	-0.1084470071864529,	
  0.6080483609730849,	-0.7832092733541642,	0.3446350296934970,	-0.8881631969413832,	
  0.7461202951527752,	-0.2688134112149398,	-0.9668500674885165,	-0.7259365213623794,	
  0.2226837553940830,	0.5295182931354330,	0.3491470841089488,	0.4526785855407389,	
  -0.1686436377702283,	-0.5031495515080091,	-0.5250069860637139,	-0.2670282649327869,	
  0.3719443976012713,	-0.6225694642506316,	0.7642127286189941,	0.8438267865654472,	
  -0.0067556942227149,	0.4042382331344159,	-0.5445682876670346,	-0.3529050120869148,	
  -0.1989401876947712,	-0.8763390191930922,	-0.8555892218554662,	-0.5676112425965942,	
  -0.5587767485965258,	-0.2836393594841407,	-0.5897369027536878,	0.2135917481415406,	
  -0.6785626569546608,	-0.8147820496401941,	0.9847697713928760,	0.7122445281954013,	
  -0.4505492860207074,	0.0758369384388606,	-0.3995770766505939,	0.1018001782228872,	
  0.4961236640565607,	0.5536211983042880,	0.7302811591280769,	0.0808952201933786,	
};

const PROGMEM tinytype Q_data[12] = {
  9.5792757291211732,6.0727681643800224,6.9737111931747835,8.3528920470085719,6.6473105205934919,5.9498212925713929,1.8038903299967266,1.8654833406732216,5.4993379018533401,9.7839384908221660,
  3.2058101119784368,8.7909793269075305,
};

const PROGMEM tinytype Qf_data[12] = {
  86.2134815620905641,54.6549134794202018,62.7634007385730541,75.1760284230771418,59.8257946853414282,53.5483916331425363,16.2350129699705406,16.7893500660589936,49.4940411166800587,88.0554464173994944,
  28.8522910078059311,79.1188139421677761,
};

const PROGMEM tinytype R_data[4] = {
  0.1000000000000000,0.1000000000000000,0.1000000000000000,0.1000000000000000,
};

const PROGMEM tinytype umin[4] = {
  -3.0,	
  -3.0,	
  -3.0,	
  -3.0,	
};

const PROGMEM tinytype umax[4] = {
  3.0,	
  3.0,	
  3.0,	
  3.0,	
};

const PROGMEM tinytype xmin[12] = {
  -10000.0,	
  -10000.0,	
  -10000.0,	
  -10000.0,	
  -10000.0,	
  -10000.0,	
  -10000.0,	
  -10000.0,	
  -10000.0,	
  -10000.0,	
  -10000.0,	
  -10000.0,	
};

const PROGMEM tinytype xmax[12] = {
  10000.0,	
  10000.0,	
  10000.0,	
  10000.0,	
  10000.0,	
  10000.0,	
  10000.0,	
  10000.0,	
  10000.0,	
  10000.0,	
  10000.0,	
  10000.0,	
};

const PROGMEM tinytype rho_value = 85.0;

const PROGMEM tinytype Kinf_data[4*12] = {
  0.0084887821567728,	0.0080658745212874,	-0.0187764224947470,	-0.0041427885172854,	-0.0053641093803730,	0.0032272017154306,	0.0011665530685302,	0.0034970951983271,	0.0038390060385290,	0.0067968466952812,	0.0046613851849070,	0.0116752664256440,	
  -0.0022469056978281,	0.0057618488228199,	-0.0065858769754298,	0.0110859809071216,	-0.0309092038008449,	0.0102170994998609,	0.0114236044711353,	-0.0157164147943332,	0.0014228462304237,	0.0142966373435110,	0.0099750305082003,	0.0035032283827579,	
  -0.0010358118504322,	0.0024638866063932,	0.0030184408689469,	0.0105646140077991,	-0.0138272618031890,	-0.0038832447654787,	0.0033569989552716,	-0.0010744283396637,	-0.0099511731941806,	0.0030172632087651,	-0.0086259904572133,	-0.0108704657463735,	
  -0.0065966057352874,	-0.0065566512460636,	0.0257336631383269,	0.0083481933732069,	-0.0027865763817753,	-0.0034394484125029,	-0.0048934643780697,	0.0020851042517563,	0.0022318038126985,	-0.0046134782672504,	0.0012232549911821,	-0.0113133464446140,	
};

const PROGMEM tinytype Pinf_data[12*12] = {
  10.1114262029139361,	-0.0257688569767340,	-0.1305834518687418,	-0.0836223490970613,	0.2484330962610498,	-0.0588078529116049,	-0.1111308189094581,	-0.0593669799097909,	0.1859770348307053,	-0.0851103689353735,	0.1499924031374860,	0.1758186486952744,	
  -0.0257688569767340,	6.3719218251324783,	0.0388880928047788,	-0.0471672752627008,	-0.0571084723679591,	0.0700320549585072,	0.0224494013162772,	-0.1266531851114985,	-0.1716359152121300,	-0.0335286190558554,	-0.0652447776063881,	-0.0131412609398321,	
  -0.1305834518687418,	0.0388880928047789,	7.7495993574385160,	-0.0428152985432060,	0.1506580539961342,	-0.2608132433796277,	-0.1714885075005871,	0.1365417101913709,	-0.0270190413470183,	-0.1827242037248844,	-0.1523370908518607,	-0.1676653809073130,	
  -0.0836223490970613,	-0.0471672752627007,	-0.0428152985432060,	8.7783232362094470,	-0.2391721481406936,	0.2744575911704576,	0.2063701250273343,	-0.1309244201882761,	-0.0230843414240843,	-0.0862475991579096,	0.0421321816113222,	-0.1136692002118377,	
  0.2484330962610500,	-0.0571084723679592,	0.1506580539961342,	-0.2391721481406937,	7.3561259989350631,	-0.1026048391116915,	-0.2890703992649301,	0.1555818939003913,	0.2125030356589327,	-0.2567930624704801,	0.1062920303743269,	0.0196976513413164,	
  -0.0588078529116049,	0.0700320549585073,	-0.2608132433796277,	0.2744575911704575,	-0.1026048391116915,	6.5499865807076629,	0.1675454079201896,	-0.2598632286373476,	-0.0511437106545108,	-0.1421297487272375,	0.1231072781110631,	0.0313220321199407,	
  -0.1111308189094581,	0.0224494013162772,	-0.1714885075005871,	0.2063701250273343,	-0.2890703992649301,	0.1675454079201897,	2.1372725147546658,	-0.0828784466452706,	-0.1451612732569939,	-0.0089102073749761,	-0.0303259170574886,	0.0038706301769727,	
  -0.0593669799097908,	-0.1266531851114985,	0.1365417101913709,	-0.1309244201882761,	0.1555818939003913,	-0.2598632286373476,	-0.0828784466452706,	2.1976493860885205,	0.1334073646991098,	0.0508907873938695,	-0.1059979828589975,	0.0086941305801376,	
  0.1859770348307054,	-0.1716359152121301,	-0.0270190413470183,	-0.0230843414240843,	0.2125030356589327,	-0.0511437106545108,	-0.1451612732569939,	0.1334073646991099,	5.9432105611086472,	0.0937577733806134,	0.1613155184238303,	0.0356484672952040,	
  -0.0851103689353735,	-0.0335286190558554,	-0.1827242037248844,	-0.0862475991579096,	-0.2567930624704802,	-0.1421297487272376,	-0.0089102073749761,	0.0508907873938695,	0.0937577733806133,	10.2016448854618460,	-0.0770785687737219,	0.0419455374324411,	
  0.1499924031374860,	-0.0652447776063881,	-0.1523370908518607,	0.0421321816113222,	0.1062920303743268,	0.1231072781110631,	-0.0303259170574886,	-0.1059979828589975,	0.1613155184238302,	-0.0770785687737219,	3.5742485912645221,	0.0520884584575763,	
  0.1758186486952744,	-0.0131412609398322,	-0.1676653809073130,	-0.1136692002118377,	0.0196976513413164,	0.0313220321199407,	0.0038706301769727,	0.0086941305801375,	0.0356484672952039,	0.0419455374324411,	0.0520884584575763,	9.0175406422587834,	
};

const PROGMEM tinytype Quu_inv_data[4*4] = {
  0.0097802737160057,	-0.0004488066221988,	-0.0000215731730606,	0.0008978358475084,	
  -0.0004488066221988,	0.0090512037547860,	0.0000444465285730,	-0.0001932800810363,	
  -0.0000215731730606,	0.0000444465285730,	0.0084836373760761,	-0.0015199906547129,	
  0.0008978358475084,	-0.0001932800810363,	-0.0015199906547129,	0.0095545606034839,	
};

const PROGMEM tinytype AmBKt_data[12*12] = {
  0.1251847106758971,	-0.1015849104736311,	-0.0673190435653150,	-0.1031526786004829,	0.1154378388245975,	-0.1032203017215395,	-0.0908739343219787,	0.0606779281384678,	0.1036473165245544,	0.0578017659511520,	0.0472720559494868,	0.0624484976509551,	
  0.0042035099344666,	0.1102468263718251,	-0.1048201298288173,	-0.0624588632908867,	0.0500981717204329,	0.0000849278381768,	-0.0218755085087826,	-0.0208860159531851,	-0.1281066560814290,	0.0005773902856319,	-0.0552800173808273,	0.0124820971702697,	
  -0.0828838698095754,	-0.0013949487752075,	-0.0148601527516784,	-0.0897784861823696,	0.0160267471366840,	-0.0589001011338304,	-0.0021661730912504,	0.1335287515427290,	0.0591477193972650,	0.0535189670859650,	-0.0261803793579431,	0.0268874468728834,	
  -0.0259844815575911,	0.0382127558810322,	0.1176026180313066,	-0.0808230288048339,	-0.0864093223352366,	-0.1289370082339505,	-0.0605066142608347,	0.0167011568869998,	-0.0682404485195641,	0.0553535288793569,	-0.0219228234251699,	0.0254083943708385,	
  0.1064266809913591,	0.0377727460608987,	0.0986072974575590,	-0.0426800261591521,	0.1139468478459635,	-0.1155103652351886,	-0.0235614371752638,	-0.0020087856517237,	-0.0112859489557343,	-0.1323262461787071,	0.0405119288193301,	-0.0211799918657881,	
  0.0480170645525103,	-0.0087429403114556,	0.0983895965649852,	0.0465110548287155,	0.1332302435888854,	0.0493594091569624,	-0.0657058221786825,	0.0716094961162476,	0.0728913292325303,	-0.1175148832800262,	0.0501260596548857,	-0.0056502601015829,	
  0.0963157148211630,	0.0814644233460137,	0.1526559288123129,	-0.0896734575807501,	0.1324753621682216,	-0.0905361401159652,	0.0733649167210499,	0.0570777387606291,	0.0366405833095531,	0.0139443637934876,	-0.0490362854979161,	0.0872916251861986,	
  -0.0248479626134316,	-0.1352997825092613,	0.0278193298755386,	0.1176125052800538,	-0.0518031974942729,	0.0142793239299563,	0.1031930448590157,	0.0896910045674932,	-0.1278135595294282,	-0.0997808014129474,	-0.0987990892693883,	0.1073943860065816,	
  -0.0998417853222654,	0.0009125832471342,	0.0242200258354102,	-0.0615658992845921,	0.0918951763783473,	0.0823500431482056,	-0.0065462315594733,	-0.0367951589283759,	-0.0781890381410841,	-0.0901246169245528,	0.0925637502101749,	-0.0024672631663328,	
  -0.0835874406528466,	-0.0264095155762639,	0.0976882595754024,	-0.0269196818745302,	0.0051440436502970,	-0.1113922018615054,	0.0074038444414155,	0.0828749327437371,	-0.0434433997623067,	0.0060458907426169,	-0.1090801455243274,	-0.0728485336711344,	
  -0.1284415766836499,	-0.0516719010270476,	0.0635899701851428,	0.0787095429772332,	0.0278919445474121,	-0.1039198671336001,	-0.0479008909231185,	0.0619856585260577,	0.0817590574705226,	0.0856782030516563,	0.0462868107134275,	-0.1109765389993986,	
  0.0013317175314191,	-0.0246801217918323,	-0.1264363128379884,	0.0593122640259295,	-0.1015897441401651,	-0.0018627354068024,	0.1145382610887568,	-0.0024382785150326,	-0.0271316693911109,	0.0143932825064519,	0.0740888271692232,	0.0097689975151463,	
};

const PROGMEM tinytype coeff_d2p_data[12*4] = {
  0.0042592668142757,	-0.0459984109935169,	-0.0090909510547470,	-0.0069217483336286,	
  0.0371014127775515,	-0.0444841257037019,	0.0287011903721920,	-0.0528997101119300,	
  0.0520319971943252,	-0.0209534947340133,	-0.0588639016817113,	-0.0405997125989895,	
  0.0216526373634819,	0.0427826768049559,	0.0213497106394748,	0.0368431340154374,	
  -0.0124933416103126,	-0.0351314984373904,	-0.0355850275054944,	-0.0158790323703683,	
  0.0310170898493768,	-0.0326228514977305,	0.0370673088306493,	0.0500858192937184,	
  0.0005645384089655,	0.0110223125537755,	-0.0033953865062515,	-0.0024495583036126,	
  -0.0064968429487570,	-0.0170545928652767,	-0.0174449097614397,	-0.0106607554146098,	
  -0.0334179799894687,	-0.0164083503936006,	-0.0334723781182565,	0.0158436891535102,	
  -0.0596331519120687,	-0.0708939392098863,	0.0750432484345556,	0.0497926497658338,	
  -0.0162329105418166,	0.0033471475445656,	-0.0119300165182890,	0.0067282558569066,	
  0.0401080573707999,	0.0418692818700108,	0.0555611672731929,	0.0008488571661225,	
};

const PROGMEM tinytype dKinf_drho_data[4*12] = {
  -0.0000786651578840,	-0.0000700890198032,	0.0001580492937008,	0.0000376662729039,	0.0000403647121208,	-0.0000241496095055,	-0.0000020816582778,	-0.0000427629739446,	-0.0000388832154440,	-0.0000552506119766,	-0.0000428985277658,	-0.0001025245878491,	
  0.0000221074256655,	-0.0000492856470673,	0.0000566527084669,	-0.0001016094874543,	0.0002770645452559,	-0.0000917825053452,	-0.0001044174636195,	0.0001445738089468,	-0.0000097868131891,	-0.0001259156483672,	-0.0000880309959891,	-0.0000284296776697,	
  -0.0000011116459907,	-0.0000302472123277,	0.0000132233641729,	-0.0000770531893794,	0.0001144055544412,	0.0000274381576307,	-0.0000364234693144,	0.0000124122517147,	0.0000876576879665,	-0.0000311401446140,	0.0000744751753495,	0.0000741559557800,	
  0.0000526485488721,	0.0000607486310478,	-0.0002253938183042,	-0.0000578451352693,	0.0000044447241142,	0.0000259540965283,	0.0000527684183400,	-0.0000277356534120,	-0.0000393497661730,	0.0000467019564447,	-0.0000271024747540,	0.0000810823934771,	
};

const PROGMEM tinytype dPinf_drho_data[12*12] = {
  0.0001586731540830,	0.0000871773717710,	-0.0003327997686317,	-0.0001132860514282,	0.0000681041220080,	0.0000351620067002,	0.0000219657897213,	0.0000367799183236,	0.0000171115155655,	0.0000240703252337,	0.0000297712351592,	0.0001844256622184,	
  0.0000871773717710,	0.0001558385061154,	-0.0003431799651474,	-0.0000055119804590,	-0.0002425486954697,	0.0000953554507610,	0.0001109922378636,	-0.0000754760253471,	0.0000041084761433,	0.0001912794611852,	0.0000575797898968,	0.0001593675342597,	
  -0.0003327997686317,	-0.0003431799651474,	0.0010787048635712,	0.0002416241011738,	0.0001848840154690,	-0.0002323716828980,	-0.0002197268432349,	0.0000959213077679,	-0.0000468636780615,	-0.0003155787833821,	-0.0001548480970305,	-0.0005685235853558,	
  -0.0001132860514282,	-0.0000055119804590,	0.0002416241011738,	0.0003341102078201,	-0.0004807393257231,	0.0000348255116147,	0.0001232318901840,	-0.0001909159028114,	-0.0000922081100218,	0.0001075761550916,	0.0000219211135477,	-0.0002208564944695,	
  0.0000681041220080,	-0.0002425486954697,	0.0001848840154690,	-0.0004807393257231,	0.0011937282078052,	-0.0002677408443618,	-0.0003885940720376,	0.0004696484651628,	0.0000662608406108,	-0.0005216603168108,	-0.0002039678707888,	0.0000081327402725,	
  0.0000351620067002,	0.0000953554507610,	-0.0002323716828980,	0.0000348255116147,	-0.0002677408443618,	0.0001445210076661,	0.0001278375806784,	-0.0001551143668984,	0.0000545561635148,	0.0001654789584212,	0.0001488663246629,	0.0001544933682812,	
  0.0000219657897213,	0.0001109922378636,	-0.0002197268432349,	0.0001232318901840,	-0.0003885940720376,	0.0001278375806784,	0.0001722752996528,	-0.0001940241060942,	-0.0000287625533991,	0.0001920484546368,	0.0000886310695625,	0.0000737492731720,	
  0.0000367799183236,	-0.0000754760253471,	0.0000959213077679,	-0.0001909159028114,	0.0004696484651628,	-0.0001551143668984,	-0.0001940241060942,	0.0002734083440508,	0.0000107054332828,	-0.0002031514515715,	-0.0001350479218421,	-0.0000262126671908,	
  0.0000171115155655,	0.0000041084761433,	-0.0000468636780615,	-0.0000922081100218,	0.0000662608406108,	0.0000545561635148,	-0.0000287625533991,	0.0000107054332828,	0.0001287706988574,	0.0000150682538859,	0.0001214635713261,	0.0001300858524908,	
  0.0000240703252337,	0.0001912794611852,	-0.0003155787833821,	0.0001075761550916,	-0.0005216603168108,	0.0001654789584212,	0.0001920484546368,	-0.0002031514515715,	0.0000150682538859,	0.0003257544682702,	0.0001238421173991,	0.0001421635068419,	
  0.0000297712351592,	0.0000575797898968,	-0.0001548480970305,	0.0000219211135477,	-0.0002039678707888,	0.0001488663246629,	0.0000886310695625,	-0.0001350479218421,	0.0001214635713261,	0.0001238421173991,	0.0002162127733163,	0.0001655675436270,	
  0.0001844256622184,	0.0001593675342597,	-0.0005685235853558,	-0.0002208564944695,	0.0000081327402725,	0.0001544933682812,	0.0000737492731720,	-0.0000262126671908,	0.0001300858524908,	0.0001421635068419,	0.0001655675436270,	0.0004022433573635,	
};

const PROGMEM tinytype dC1_drho_data[4*4] = {
  -0.0000966895016780,	0.0000086042950438,	0.0000018158517857,	-0.0000174706816217,	
  0.0000086042950438,	-0.0000822242238851,	-0.0000011431297917,	0.0000040177672177,	
  0.0000018158517857,	-0.0000011431297917,	-0.0000746205190596,	0.0000272977316333,	
  -0.0000174706816217,	0.0000040177672177,	0.0000272977316333,	-0.0000945306005784,	
};

const PROGMEM tinytype dC2_drho_data[12*12] = {
  0.0000207526733888,	-0.0000183412683912,	-0.0000020720363693,	-0.0000684187536975,	0.0001520761532328,	-0.0000395525890780,	-0.0000513161331704,	0.0000739932769939,	0.0000025127446796,	-0.0000596506777002,	-0.0000371984746084,	0.0000077688501851,	
  0.0001122905767379,	0.0000683954850671,	-0.0002564744160960,	-0.0001273051003966,	0.0001569753028427,	-0.0000436054557636,	-0.0000210952063439,	0.0001103220207268,	-0.0000491811714445,	-0.0000128123158034,	-0.0000926004877957,	0.0000865311781958,	
  0.0001017811527469,	0.0000539013278504,	-0.0002535313717005,	-0.0001719083412176,	0.0001582013402100,	0.0000387157565262,	-0.0000234251588146,	0.0000626361641489,	0.0000825671386996,	0.0000111705928331,	0.0000606752019434,	0.0001994117586272,	
  -0.0000176335762057,	0.0000247664594632,	0.0000322204000690,	0.0000985045656685,	-0.0001976557079369,	0.0000326494248706,	0.0000445845237210,	-0.0000588102220536,	0.0000010483273913,	0.0000687095680705,	0.0000424327476274,	-0.0000247110042848,	
  0.0000113319916627,	-0.0000362765147203,	0.0000019146310352,	-0.0001006723395863,	0.0002074627358683,	-0.0000289173025938,	-0.0000579205750685,	0.0000646408590991,	0.0000240317612105,	-0.0000765501172675,	-0.0000196644593902,	0.0000289891866647,	
  -0.0000005542488824,	-0.0000327605381001,	0.0001565725752170,	0.0000304275793649,	0.0000662977387735,	-0.0000910280244035,	-0.0000809249892593,	0.0001198311739049,	-0.0000254153110622,	-0.0000734517491040,	-0.0000728946257312,	-0.0001046564239735,	
  0.0000085064651796,	0.0000244164666534,	-0.0000941750414607,	-0.0000210456600606,	-0.0000478571882871,	0.0000610401316827,	0.0000409826409518,	-0.0000617598871024,	0.0000375423882875,	0.0000500500822533,	0.0000662879044767,	0.0000797971028134,	
  0.0000326567343682,	-0.0000485320412700,	-0.0000355329622919,	-0.0001803104506261,	0.0003512396699261,	-0.0000470292896438,	-0.0000931308034077,	0.0001130651159592,	0.0000363516029138,	-0.0001214709794775,	-0.0000373427498969,	0.0000641600180209,	
  -0.0000495865993489,	-0.0000839567675817,	0.0001603237738979,	-0.0000408592781223,	0.0001676610936895,	-0.0000288896580578,	-0.0000635312474451,	0.0000303559366073,	0.0000355967966246,	-0.0000949270361247,	0.0000007698690227,	-0.0000389381578979,	
  -0.0000717704304310,	-0.0001011981917263,	0.0003009195030484,	0.0000598488725369,	0.0001373083422473,	-0.0001366756924707,	-0.0000882052962721,	0.0000963101442539,	-0.0000926548033894,	-0.0001426821519607,	-0.0001548727263834,	-0.0002235103824843,	
  -0.0000429229101122,	-0.0000461111993939,	0.0000951415125419,	-0.0000002237782703,	0.0000424359286535,	0.0000044014420498,	-0.0000129450066720,	-0.0000224477167126,	0.0000222552129059,	-0.0000325412219453,	0.0000198657097768,	-0.0000226595422196,	
  0.0000233413050434,	0.0000792330956975,	-0.0001011996261948,	0.0000985159242883,	-0.0002573224722721,	0.0000406568014335,	0.0000811711418346,	-0.0000656441538128,	-0.0000361224794138,	0.0001160838040436,	0.0000178234435477,	0.0000058902709811,	
};

