#pragma once

typedef float tinytype;

const PROGMEM tinytype Adyn_data[12*12] = {
  -0.0400256033656619,	-0.0271712890168578,	-0.0285483976813173,	-0.1259560064884385,	0.1262207830870449,	0.0474013191736374,	0.0855217371338255,	0.1353103580116619,	-0.0409914655833032,	0.0519000295353257,	-0.1049946494267540,	0.0817817340408679,	
  0.0409003637737670,	-0.0932494865413435,	0.1289554976626776,	0.0790750503382487,	0.0068970573090324,	-0.0946816134107187,	0.0286820643494132,	0.0347780317660139,	0.1105808787510654,	-0.0544276993458675,	-0.1232414752129647,	-0.1380438501917166,	
  -0.0291970085279652,	0.0100510074435453,	-0.0804754268083294,	-0.0166504506008489,	-0.0177528220034179,	0.0599045761825113,	-0.1228640795588399,	-0.0077660989281295,	-0.0038585046833549,	0.1367281548886065,	0.0338982761318966,	-0.1262422249065545,	
  0.0282823732369871,	0.0627065042251111,	0.1099890420419261,	-0.0461511197815540,	-0.0939451980954198,	0.0607621447728588,	0.0548390213680427,	0.0375948551179257,	0.0350018693318529,	-0.0876842702455295,	-0.0621704590053096,	-0.1326592002579308,	
  -0.0333042005573337,	-0.0579456395642706,	0.0876188457387404,	-0.0270823050796632,	0.0442587211807465,	0.0013426631251647,	-0.0566314158927622,	-0.1000882243176020,	0.0643835118713722,	-0.0294361300048986,	0.1252407615554852,	0.0759886705175761,	
  0.1263475009569666,	0.1269705313302119,	-0.1342006847315770,	-0.0730241937419152,	-0.0166807815625124,	-0.0464023267218142,	-0.0864328688235559,	0.0815867085888829,	0.1002793586846798,	-0.0469375876301520,	-0.0869625952466591,	-0.0799277445953760,	
  -0.1236104917479407,	-0.0719245897418279,	-0.0714328901179171,	-0.0281717934703861,	0.1076212059880551,	-0.0592715072081274,	-0.1257148898607292,	-0.0775189187258302,	-0.0425793906170334,	-0.0918877797062767,	0.0381417985097676,	0.0936746428686232,	
  0.0433337481915803,	0.0288541210999960,	-0.0934492594701414,	0.1150239091117565,	-0.0897709913850898,	-0.0119370529228492,	-0.0005588521752801,	-0.0774407953188605,	0.0546306992944099,	-0.0323579239697100,	0.0955353452730873,	0.1187693714488281,	
  -0.1038637238003759,	0.1143783116520166,	-0.0174259140352343,	0.0975961065260092,	0.1198733500198373,	-0.0921029933318671,	-0.0402977991037105,	0.0338877099429437,	0.1316506477126980,	0.0994416948105387,	-0.0070412807049429,	-0.0597254215329147,	
  0.0361567422022097,	-0.0820938821691028,	0.1057624391675566,	0.0578283746639630,	-0.0045711371015598,	-0.1064310977255955,	0.0203395891964390,	0.0711888040512282,	0.0108635520051306,	-0.0659852693085260,	-0.0048632658373124,	0.1158114066796638,	
  0.1132832718033073,	0.0409434308896086,	-0.1361767477609994,	0.1106456567887855,	0.0023654621391910,	0.0231496030861426,	0.0515377940499888,	-0.1346412998341593,	-0.0798923333343051,	-0.0662081156310515,	-0.0369675985634580,	-0.0712861708188704,	
  0.1336002198517057,	0.1095978528990007,	-0.0691420922640295,	0.0144812417454296,	-0.0415965036479402,	0.0030923548694146,	0.0505806673898246,	-0.0909836881609162,	0.1139258755224070,	0.1146783152532370,	-0.1112092319602605,	-0.0797110422075614,	
};

const PROGMEM tinytype Bdyn_data[12*4] = {
  0.9127955157967178,	0.9204176785870331,	0.2798825196324526,	0.5013771714854343,	
  -0.9255421703020423,	-0.0969873631146438,	-0.0569119657942359,	0.7115044892804714,	
  0.0054811798611705,	0.3764166479830933,	0.5318704965076970,	-0.8502158119984702,	
  -0.3260357774152478,	-0.8462230305488692,	-0.0635650479353929,	0.7390534819227581,	
  -0.3195002686356776,	-0.0973622723540823,	-0.6025006928402801,	-0.0982308815030943,	
  0.1805127915348907,	-0.6343752214959668,	-0.7272856160675172,	-0.3117961666459952,	
  -0.8715542393315143,	0.6794302049872909,	-0.8264321377943609,	0.3959910455942723,	
  0.5654392380444513,	-0.6802891789808738,	-0.5489363627225654,	-0.2822246011895928,	
  -0.5615190786007207,	0.0187454808941656,	0.6762046062826601,	-0.7564069369327275,	
  -0.2734453576117262,	0.4035805660771012,	-0.2396349206995931,	-0.2868059822645770,	
  -0.4370269215948104,	0.7346214075297814,	0.0211295373291418,	-0.8812162826430388,	
  0.3030223794790710,	0.5741844846296844,	0.8468582462402954,	-0.2447665753063024,	
};

const PROGMEM tinytype Q_data[12] = {
  2.5375097933508197,8.9466001253332017,7.5798507673459889,4.3332683204887754,5.5781202428718784,2.0339594668820169,9.6067433310510832,7.7570305457582034,6.3082615549161591,6.9950953762037509,
  6.9765305913871059,5.7467070454452429,
};

const PROGMEM tinytype Qf_data[12] = {
  22.8375881401573793,80.5194011279988189,68.2186569061139068,38.9994148843989805,50.2030821858469025,18.3056352019381521,86.4606899794597439,69.8132749118238252,56.7743539942454305,62.9558583858337570,
  62.7887753224839500,51.7203634090071844,
};

const PROGMEM tinytype R_data[4] = {
  0.1000000000000000,0.1000000000000000,0.1000000000000000,0.1000000000000000,
};

const PROGMEM tinytype umin[4] = {
  -3.0,	
  -3.0,	
  -3.0,	
  -3.0,	
};

const PROGMEM tinytype umax[4] = {
  3.0,	
  3.0,	
  3.0,	
  3.0,	
};

const PROGMEM tinytype xmin[12] = {
  -10000.0,	
  -10000.0,	
  -10000.0,	
  -10000.0,	
  -10000.0,	
  -10000.0,	
  -10000.0,	
  -10000.0,	
  -10000.0,	
  -10000.0,	
  -10000.0,	
  -10000.0,	
};

const PROGMEM tinytype xmax[12] = {
  10000.0,	
  10000.0,	
  10000.0,	
  10000.0,	
  10000.0,	
  10000.0,	
  10000.0,	
  10000.0,	
  10000.0,	
  10000.0,	
  10000.0,	
  10000.0,	
};

const PROGMEM tinytype rho_value = 85.0;

const PROGMEM tinytype Kinf_data[4*12] = {
  0.0087834907251701,	0.0103972849761317,	-0.0117004421045460,	-0.0095532889879118,	-0.0127979896380626,	0.0156125696067433,	0.0086285676164804,	0.0036800512385422,	-0.0070100342520838,	0.0127481937779055,	0.0063123106508508,	0.0126933150547478,	
  -0.0031543667410349,	-0.0055479363467876,	-0.0125347075134174,	-0.0032031517640981,	0.0149247547461373,	-0.0018852144759653,	-0.0044269329455806,	-0.0069890540858708,	-0.0106078927043112,	0.0032890543704929,	-0.0064356252748905,	0.0027228503936916,	
  0.0059315120809420,	0.0151404074218857,	0.0007379909596122,	0.0012265132253406,	-0.0019983163800966,	0.0063125447686926,	0.0092231763418886,	0.0071011220939702,	0.0075194524169171,	0.0248823888986153,	-0.0147801310778583,	-0.0260142401729557,	
  -0.0060923449222736,	-0.0145918182626698,	0.0222623071775491,	-0.0137983994592984,	0.0024499325558846,	-0.0028366670882191,	0.0073724383707888,	0.0129029157748139,	0.0001418767005003,	-0.0143541849485413,	-0.0118959742509871,	0.0019090482844515,	
};

const PROGMEM tinytype Pinf_data[12*12] = {
  3.0843225192593637,	0.1186468443381547,	-0.0341838432964074,	0.1651392965664691,	-0.3060580087981435,	0.0408741242036131,	0.2963365970034551,	-0.1104598303883618,	0.0732520111304089,	-0.0723735239645379,	-0.2449947362005926,	-0.2134509382076560,	
  0.1186468443381547,	9.3145772639556395,	-0.2467284893174920,	0.0334937944515621,	-0.0702472908388187,	0.1023313686761230,	0.0535208459293052,	-0.0764739780565181,	0.0932785588883946,	0.1750417716183190,	-0.0659078776150936,	-0.1860708985193890,	
  -0.0341838432964074,	-0.2467284893174921,	8.2343400996511988,	-0.0252845690335474,	-0.0088431186140381,	-0.1441432538388181,	0.1636163232926575,	0.2999106445598133,	0.1563925025936183,	-0.1095282046129755,	-0.0979281344943695,	-0.0348965262174007,	
  0.1651392965664691,	0.0334937944515621,	-0.0252845690335474,	4.7435294007425171,	-0.0812453717418452,	-0.1733259686765071,	0.0967120487067645,	-0.1389032326240811,	0.1613951795742641,	-0.0644650894543727,	-0.0145437810779970,	-0.0362368907815230,	
  -0.3060580087981434,	-0.0702472908388187,	-0.0088431186140380,	-0.0812453717418453,	5.9263558447796294,	-0.1198067206801453,	-0.1414742905771669,	0.0723136972461544,	-0.0110032687111891,	0.0231455867187951,	0.0126517169644241,	0.1059677768695365,	
  0.0408741242036131,	0.1023313686761230,	-0.1441432538388181,	-0.1733259686765071,	-0.1198067206801453,	2.3299711227599085,	0.0202051819966650,	-0.0885357594432045,	-0.1847896172013373,	0.1029622238490784,	0.0681529998631979,	-0.0972895336402068,	
  0.2963365970034550,	0.0535208459293052,	0.1636163232926576,	0.0967120487067644,	-0.1414742905771669,	0.0202051819966650,	9.9973748062890948,	0.0719643924288620,	0.0117171811278257,	-0.0843661674716965,	-0.2328312593790393,	-0.0750007786334303,	
  -0.1104598303883618,	-0.0764739780565181,	0.2999106445598133,	-0.1389032326240811,	0.0723136972461544,	-0.0885357594432045,	0.0719643924288620,	8.2555898549460487,	0.0372619933386302,	0.0440505867410851,	-0.1765338502772611,	-0.0476356239958535,	
  0.0732520111304089,	0.0932785588883945,	0.1563925025936183,	0.1613951795742641,	-0.0110032687111891,	-0.1847896172013373,	0.0117171811278257,	0.0372619933386302,	6.7345470112924337,	0.1108888849142593,	-0.1150769063233122,	-0.1612023672674400,	
  -0.0723735239645379,	0.1750417716183190,	-0.1095282046129755,	-0.0644650894543727,	0.0231455867187951,	0.1029622238490784,	-0.0843661674716965,	0.0440505867410851,	0.1108888849142593,	7.4133343196691337,	0.0066601243796295,	-0.1797423800521234,	
  -0.2449947362005926,	-0.0659078776150936,	-0.0979281344943695,	-0.0145437810779971,	0.0126517169644241,	0.0681529998631980,	-0.2328312593790393,	-0.1765338502772610,	-0.1150769063233122,	0.0066601243796295,	7.4464822492982972,	0.3716095072494266,	
  -0.2134509382076560,	-0.1860708985193889,	-0.0348965262174007,	-0.0362368907815231,	0.1059677768695366,	-0.0972895336402068,	-0.0750007786334304,	-0.0476356239958536,	-0.1612023672674399,	-0.1797423800521234,	0.3716095072494265,	6.5104602594676946,	
};

const PROGMEM tinytype Quu_inv_data[4*4] = {
  0.0090670441055627,	0.0005818176076093,	-0.0004968343835407,	0.0003950776050977,	
  0.0005818176076093,	0.0093190158419439,	-0.0003458543545187,	0.0005220181919812,	
  -0.0004968343835407,	-0.0003458543545187,	0.0093305287341753,	0.0007497012197897,	
  0.0003950776050977,	0.0005220181919812,	0.0007497012197897,	0.0089342653479238,	
};

const PROGMEM tinytype AmBKt_data[12*12] = {
  -0.0437453632810449,	-0.0284769962364050,	-0.0176994835768431,	-0.1077126467482309,	0.1234966760912455,	0.0345408895641275,	0.0754424685199062,	0.1299273653214857,	-0.0270047428023169,	0.0374689465809698,	-0.0947319647588034,	0.0740129511966409,	
  0.0533962259049607,	-0.0729206260063291,	0.1011128058722859,	0.0798098397105011,	-0.0053573753135389,	-0.0780368031340188,	0.0315181970934151,	0.0287298807688275,	0.1033909658033186,	-0.0306805390019728,	-0.1104004670693563,	-0.1288703877193046,	
  -0.0363924005258666,	-0.0083765769681324,	-0.0571577720392380,	-0.0277763312543192,	-0.0201547831512568,	0.0547593914620426,	-0.1198823747341782,	0.0020379120394593,	-0.0037058430871973,	0.1099818613750253,	0.0340331239630426,	-0.1118774155931873,	
  0.0333564132585616,	0.0731481344247850,	0.0791609959207425,	-0.0417006960394056,	-0.0874257836673362,	0.0667547950343774,	0.0490437159037124,	0.0237958232911622,	0.0241128241366085,	-0.0685544688100012,	-0.0577061327679676,	-0.1292810719095778,	
  -0.0278297054986060,	-0.0474751251200186,	0.0852916298592011,	-0.0310629034862761,	0.0406595401208656,	0.0096719988314736,	-0.0480244312163307,	-0.0940470213736200,	0.0656554074704330,	-0.0114612165506475,	0.1165573681516689,	0.0648232207569498,	
  0.1251752500520716,	0.1280359425865916,	-0.1325622808719351,	-0.0767419656187553,	-0.0055921533091875,	-0.0467099675084233,	-0.0817921907080993,	0.0856763531670776,	0.1003284014472560,	-0.0335312813841576,	-0.1066431451789993,	-0.0988162902618242,	
  -0.1064975248835252,	-0.0408026077702854,	-0.0813197759910435,	-0.0278440123514068,	0.0837051104550948,	-0.0380432496882818,	-0.1104839234540929,	-0.0688038236137159,	-0.0353235577397436,	-0.0567639857031421,	0.0405118017756900,	0.0806325984691419,	
  0.0377579493792656,	0.0233938372334615,	-0.0886725154469962,	0.1150256739984447,	-0.0727868740096354,	-0.0193828952660902,	-0.0013057570998544,	-0.0767366341608337,	0.0555457550566652,	-0.0277210009132554,	0.0761173429306978,	0.0997030167260231,	
  -0.1074917038127520,	0.0990452184705336,	-0.0074206356898527,	0.0810252181538816,	0.1156116796867068,	-0.0897151448930116,	-0.0360298995802780,	0.0410431856324581,	0.1229358579479295,	0.0788552028710175,	-0.0023799636825137,	-0.0336139576998220,	
  0.0395056645370127,	-0.0775686040071653,	0.1141835832285560,	0.0528452538313693,	-0.0138702399979638,	-0.1007019440463908,	0.0288103096180732,	0.0804180536452394,	0.0150704444947699,	-0.0619809101499626,	-0.0074935726213544,	0.1124970513383645,	
  0.1139451554000316,	0.0363844994934023,	-0.1124795773122391,	0.0966384262338399,	-0.0119905042534066,	0.0287245368544832,	0.0648626613910265,	-0.1166784935702294,	-0.0751969804463308,	-0.0762279163652886,	-0.0396518296503252,	-0.0655071613129335,	
  0.1262354617129371,	0.0932394135771424,	-0.0535752669265102,	0.0147992323318940,	-0.0439960366808841,	-0.0065962941009007,	0.0445016980610491,	-0.0909412609226504,	0.1158077765747546,	0.0843415223358372,	-0.0998218281655089,	-0.0626231741681315,	
};

const PROGMEM tinytype coeff_d2p_data[12*4] = {
  0.0243291168691532,	0.0267931486521630,	0.0058437343644302,	0.0223380340979221,	
  -0.0763293644928410,	-0.0101923563804699,	0.0023602702375735,	0.0572983003937072,	
  -0.0011636402369946,	0.0226667797901084,	0.0335616493293121,	-0.0592672124488499,	
  -0.0158299551129034,	-0.0330704571762780,	0.0048078496667853,	0.0304093245115741,	
  -0.0164575983957177,	-0.0076458177341267,	-0.0312868437370727,	-0.0118710084025168,	
  0.0036876043246301,	-0.0109407438568250,	-0.0177140519186263,	-0.0065426853982995,	
  -0.0659460761775213,	0.0630472137624936,	-0.0706396539036047,	0.0325992712141539,	
  0.0397920908491843,	-0.0485890926297999,	-0.0439446042528166,	-0.0278269696163305,	
  -0.0395161023460641,	-0.0056807220458572,	0.0410842432368114,	-0.0413290594202405,	
  -0.0186526191885052,	0.0231599019145624,	-0.0198825785590670,	-0.0199046938723763,	
  -0.0281375089641573,	0.0444236836768789,	-0.0005981562285316,	-0.0581830285497675,	
  0.0161717873651631,	0.0336728792991695,	0.0474193479597553,	-0.0108325201802686,	
};

const PROGMEM tinytype dKinf_drho_data[4*12] = {
  -0.0000722096232507,	-0.0000768692099120,	0.0001030026391278,	0.0000941012314967,	0.0001049612026430,	-0.0001349743427552,	-0.0000745363911173,	-0.0000329457703910,	0.0000731322193384,	-0.0000980407637770,	-0.0000552850772674,	-0.0001303728223564,	
  0.0000311792369051,	0.0000592399014233,	0.0001107722296907,	0.0000430986642660,	-0.0001337576575594,	0.0000119916978681,	0.0000362383192116,	0.0000582840655708,	0.0001056208490220,	-0.0000220332162162,	0.0000558469371031,	-0.0000431750540196,	
  -0.0000470217851471,	-0.0001254233117941,	-0.0000353271317323,	-0.0000070482527265,	0.0000147796732001,	-0.0000475757874358,	-0.0000885357465995,	-0.0000790248697795,	-0.0000780047111271,	-0.0002123932122445,	0.0001481931803627,	0.0002467742665847,	
  0.0000486856260268,	0.0001166897540164,	-0.0001859043584665,	0.0001277097864786,	-0.0000225374438735,	0.0000140104007830,	-0.0000724316022478,	-0.0001162155513130,	0.0000017596826653,	0.0001009008140957,	0.0001165766792581,	-0.0000032878848064,	
};

const PROGMEM tinytype dPinf_drho_data[12*12] = {
  0.0002314393983085,	0.0003078775481968,	-0.0002075066462560,	0.0000259417569150,	-0.0001992404533865,	0.0001897919717617,	0.0001479032063480,	0.0000097083159394,	0.0000203324795991,	0.0003127245320677,	-0.0000011523546761,	-0.0000847261799481,	
  0.0003078775481968,	0.0006076037167420,	-0.0004000688488945,	0.0001399992941280,	-0.0002943246203228,	0.0003323977629694,	0.0001530206023651,	-0.0000382225080696,	0.0000926674059510,	0.0007187257769114,	0.0000450565674525,	-0.0003297051883542,	
  -0.0002075066462560,	-0.0004000688488945,	0.0008685569576941,	-0.0001553586622095,	0.0000259847867267,	-0.0002414849117862,	0.0001464212895375,	0.0003843579586062,	0.0002268996640559,	-0.0005313393699380,	-0.0002734469570993,	-0.0001408866883472,	
  0.0000259417569150,	0.0001399992941280,	-0.0001553586622095,	0.0003027217935018,	0.0000376878373729,	-0.0001056850655563,	-0.0001536082579537,	-0.0001734146809138,	0.0001125111680926,	0.0000887294024624,	0.0000933127866573,	-0.0001939856104406,	
  -0.0001992404533865,	-0.0002943246203228,	0.0000259847867267,	0.0000376878373729,	0.0004064731344624,	-0.0002617813429846,	-0.0001835362861081,	-0.0001116555596786,	-0.0000794723028361,	-0.0002064519777612,	-0.0001779547088766,	-0.0000539500464871,	
  0.0001897919717617,	0.0003323977629694,	-0.0002414849117862,	-0.0001056850655563,	-0.0002617813429846,	0.0003393943330646,	0.0001720849555079,	0.0000270169446468,	-0.0000563654066554,	0.0004261792283311,	0.0000835420394876,	0.0000046913498291,	
  0.0001479032063480,	0.0001530206023651,	0.0001464212895375,	-0.0001536082579537,	-0.0001835362861081,	0.0001720849555079,	0.0002830097430630,	0.0002314749533354,	0.0000597479725605,	0.0001888839206793,	-0.0001908828936104,	-0.0001451459640754,	
  0.0000097083159394,	-0.0000382225080696,	0.0003843579586062,	-0.0001734146809138,	-0.0001116555596786,	0.0000270169446468,	0.0002314749533354,	0.0003533691254546,	0.0001178626954770,	-0.0000294652878322,	-0.0002222684300224,	-0.0001113663661621,	
  0.0000203324795991,	0.0000926674059510,	0.0002268996640559,	0.0001125111680926,	-0.0000794723028361,	-0.0000563654066554,	0.0000597479725605,	0.0001178626954770,	0.0002235754178098,	0.0000508530415634,	-0.0001005815367395,	-0.0003078182797929,	
  0.0003127245320677,	0.0007187257769114,	-0.0005313393699380,	0.0000887294024624,	-0.0002064519777612,	0.0004261792283311,	0.0001888839206793,	-0.0000294652878322,	0.0000508530415634,	0.0010421738899659,	-0.0000955750489368,	-0.0005114479735241,	
  -0.0000011523546761,	0.0000450565674525,	-0.0002734469570993,	0.0000933127866573,	-0.0001779547088766,	0.0000835420394876,	-0.0001908828936104,	-0.0002222684300224,	-0.0001005815367395,	-0.0000955750489368,	0.0005218962712901,	0.0004416035262273,	
  -0.0000847261799481,	-0.0003297051883542,	-0.0001408866883472,	-0.0001939856104406,	-0.0000539500464871,	0.0000046913498291,	-0.0001451459640754,	-0.0001113663661621,	-0.0003078182797929,	-0.0005114479735241,	0.0004416035262273,	0.0008850494080617,	
};

const PROGMEM tinytype dC1_drho_data[4*4] = {
  -0.0000830411173568,	-0.0000111125862291,	0.0000089952427378,	-0.0000069864559411,	
  -0.0000111125862291,	-0.0000876472930175,	0.0000063322546509,	-0.0000094955769021,	
  0.0000089952427378,	0.0000063322546509,	-0.0000881204339284,	-0.0000132452090109,	
  -0.0000069864559411,	-0.0000094955769021,	-0.0000132452090109,	-0.0000809402156626,	
};

const PROGMEM tinytype dC2_drho_data[12*12] = {
  0.0000259654136835,	-0.0000077613687217,	-0.0000928814175595,	-0.0001876220434386,	0.0000344679852461,	0.0001184577402456,	0.0000957772536279,	0.0000568125712135,	-0.0001430201681635,	0.0001186267138865,	-0.0001008641040044,	0.0000913234774944,	
  -0.0001011252031581,	-0.0001555635446074,	0.0002363380417422,	0.0000000074675059,	0.0001010498495372,	-0.0001364374976141,	-0.0000189752473941,	0.0000533505437990,	0.0000722394170745,	-0.0001767569022573,	-0.0001202630886575,	-0.0001084692261750,	
  0.0000550621993682,	0.0001440428819252,	-0.0001815304533740,	0.0000955907969776,	0.0000227507346040,	0.0000334419658975,	-0.0000277251012972,	-0.0000785358135002,	0.0000028262176695,	0.0002075841992914,	-0.0000004229338154,	-0.0001170809573453,	
  -0.0000361285557709,	-0.0000691444515380,	0.0002624682500407,	-0.0000276809344404,	-0.0000613718560331,	-0.0000472374065506,	0.0000542672189475,	0.0001194461069539,	0.0001069636421317,	-0.0001386816943394,	-0.0000475024428873,	-0.0000609257887483,	
  -0.0000435835388399,	-0.0000828970966549,	0.0000041482365157,	0.0000425600203819,	0.0000272030733205,	-0.0000692449906888,	-0.0000807440206852,	-0.0000638800082679,	-0.0000131757877262,	-0.0001515247359810,	0.0000885117114709,	0.0001025009216356,	
  0.0000137958195731,	-0.0000033789513471,	-0.0000319793172773,	0.0000450475777464,	-0.0001000774282101,	0.0000017390347697,	-0.0000505312071265,	-0.0000507881145176,	-0.0000023810936497,	-0.0001192897556331,	0.0001895345069125,	0.0001745950022707,	
  -0.0001422581049642,	-0.0002571070175386,	0.0000589313723585,	-0.0000036650415084,	0.0002034973967063,	-0.0001706511353430,	-0.0001340704367384,	-0.0000876023548627,	-0.0000731857180592,	-0.0002859622060101,	-0.0000098197536456,	0.0001209516074131,	
  0.0000499693655075,	0.0000478484340972,	-0.0000547437152210,	0.0000082848276338,	-0.0001485905905505,	0.0000623156118851,	-0.0000022441341431,	-0.0000178996617812,	-0.0000118221023777,	-0.0000476665291813,	0.0001835018511760,	0.0001788818336178,	
  0.0000274909420642,	0.0001288027522145,	-0.0000609695088447,	0.0001533983609841,	0.0000344035074273,	-0.0000332469277688,	-0.0000374523971049,	-0.0000540615097082,	0.0000931634039623,	0.0001653046080792,	-0.0000441200056456,	-0.0002417543645859,	
  -0.0000296334532929,	-0.0000415160873993,	-0.0000783240222214,	0.0000432766848493,	0.0000797609968345,	-0.0000491302769279,	-0.0000769967849504,	-0.0000847996178944,	-0.0000408168214178,	-0.0000398744873138,	0.0000312909638145,	0.0000399675164818,	
  -0.0000105663693097,	0.0000283662338666,	-0.0001994362267428,	0.0001221524397304,	0.0001239594597751,	-0.0000544453318022,	-0.0001211530425385,	-0.0001579561880772,	-0.0000424317236136,	0.0000667428297445,	0.0000344105919331,	-0.0000333706779645,	
  0.0000557158982392,	0.0001240559759555,	-0.0001104019007502,	-0.0000160334053974,	0.0000269632772138,	0.0000777340253798,	0.0000590271058225,	0.0000149946797244,	-0.0000163169075191,	0.0002469237663700,	-0.0001122783714196,	-0.0001454912579303,	
};

