#pragma once

typedef float tinytype;

const PROGMEM tinytype Adyn_data[12*12] = {
  0.0696154203537309,	-0.0876637946205028,	-0.1028781209142388,	-0.1165541125839727,	-0.0498027573385672,	0.1102977053297784,	-0.1200789457784678,	-0.0658129825543695,	-0.1253887035011978,	-0.1257784681394929,	-0.1208467707962320,	-0.0061871152056720,	
  -0.1034825562160868,	0.0034685058841340,	0.0376845976064905,	0.1159500955087220,	0.0819758220557216,	-0.0430417977919342,	0.0880367336744162,	0.0912700787914649,	0.1093925649183125,	0.1140242958214709,	0.0373315026397474,	-0.0441198037466063,	
  -0.0515371619289861,	-0.0134762299747129,	0.0305978727855602,	0.1131102521003857,	-0.0874920073788522,	-0.0055965660149839,	0.1030952211520544,	-0.0859914978830813,	-0.1018546592527346,	-0.0959696970636008,	0.0613884174709206,	0.0055253258374144,	
  -0.0323917246182213,	0.0263551136973231,	-0.1115052906802640,	-0.0475579050156716,	-0.1153307102436421,	0.0390338315459595,	0.1018199390995884,	-0.0113670590005303,	0.0554243217434142,	-0.0067579104635614,	0.0627953344340815,	0.1241163343999922,	
  0.0392653250167965,	-0.0040626018835140,	-0.0592995481983306,	-0.0751145898776738,	0.0314931021156162,	-0.0505787333190676,	-0.0167557294752473,	0.1105346534534078,	-0.0406457734346511,	0.0292184346907768,	-0.0836428991699494,	0.0865456465965179,	
  -0.0072143558379484,	-0.0740480419692329,	-0.0431457866903604,	0.0753697686041110,	-0.1205086486208455,	0.1182285182357608,	-0.0457365612871577,	-0.0906817515369858,	-0.0815146579016717,	-0.0546333454994136,	-0.0622893971897867,	-0.0587540212059492,	
  0.0165307037748880,	0.0472090788940177,	0.1232803248148885,	0.0508420775278954,	-0.0140722686881030,	0.0564623372388717,	-0.0586540073461238,	-0.0186763725820054,	0.0275988703288931,	-0.1080308551029191,	0.0524884947043828,	-0.0276313738922806,	
  -0.0495707083073557,	0.0282636796884955,	-0.0713167078829089,	-0.0840553737162301,	-0.0383061967992277,	-0.1186372891766919,	0.0041439584903777,	0.1081918424280627,	-0.0405896477523908,	0.0606688556918775,	0.1080629289998654,	0.0357206644820424,	
  0.0992533679304669,	0.1143045571010021,	-0.0260912705084340,	-0.0654551594827848,	0.1054458497991817,	0.0268698283135708,	-0.0451682921355583,	-0.1159142481858210,	-0.0440655417018841,	-0.0545765230284957,	-0.0511164367926232,	-0.0950430740609622,	
  0.0515755418539320,	-0.0851484154167644,	0.1119940550726488,	-0.1275915550794248,	0.0147703576016458,	0.0936196502020404,	-0.0594714282925078,	0.0034725359011407,	0.1080847634093285,	0.0432061968580355,	-0.0857420362317936,	0.0907524123605929,	
  -0.0040799354388023,	-0.1010172354575788,	-0.1269815245482732,	-0.1149142556699021,	0.1162549084564964,	-0.0675119464286084,	0.0431402238004258,	-0.0217850556643212,	0.1255351255033707,	-0.0426617137993181,	0.0953596929110610,	-0.0339391972848107,	
  -0.1150639087145463,	-0.0374614795204787,	0.1068489963360245,	0.0066467382806032,	0.0531553538271238,	0.0884342835100069,	0.0147000943696618,	-0.0947044104210022,	0.1221645286791880,	-0.0800267705662135,	-0.0687662680011498,	-0.0620448075712549,	
};

const PROGMEM tinytype Bdyn_data[12*4] = {
  0.0252599408502590,	0.9838090778953084,	0.2959672630299495,	0.1944446534222501,	
  0.8688575325631098,	0.9804407687939922,	-0.9388583128790067,	0.1048379305020770,	
  0.3571192874080276,	0.9487751344104742,	-0.9613145093025472,	-0.6555030861447397,	
  0.2694085542701947,	0.0027002755438639,	-0.9619126267097635,	-0.6107388101463833,	
  -0.2271791077931919,	0.2446662125910988,	-0.3759264831491085,	-0.4659279277738984,	
  0.1726371537723208,	-0.1248937304242783,	0.5139045671175342,	-0.6714853198907336,	
  0.3382461303944715,	0.0908745598369980,	0.2930012130216015,	0.9056719485925653,	
  -0.5051817780110099,	0.6598756653286926,	-0.2094579820916529,	-0.7503962694106532,	
  0.5032430984960032,	-0.7489279324259521,	-0.5552853464959380,	-0.5418424621326592,	
  0.9171596444020360,	-0.3669304001636526,	-0.9320355721229541,	-0.9176161893152395,	
  -0.4977822662704696,	0.0397927814839070,	0.9410323605736124,	0.3739885533441747,	
  -0.0805689982536453,	-0.0789587166625840,	-0.5082128268078456,	-0.6176675323867273,	
};

const PROGMEM tinytype Q_data[12] = {
  6.0497556255697695,9.3511240025342861,8.4453816481231172,1.2167199003691984,2.9113956727212922,3.2467620625545601,2.4993188214924458,0.6830365624278794,6.1968582383533590,2.6152212867014200,
  4.0376562479673188,4.9009692358342285,
};

const PROGMEM tinytype Qf_data[12] = {
  54.4478006301279294,84.1601160228085803,76.0084348331080548,10.9504791033227864,26.2025610544916283,29.2208585629910402,22.4938693934320106,6.1473290618509147,55.7717241451802295,23.5369915803127796,
  36.3389062317058702,44.1087231225080529,
};

const PROGMEM tinytype R_data[4] = {
  0.1000000000000000,0.1000000000000000,0.1000000000000000,0.1000000000000000,
};

const PROGMEM tinytype umin[4] = {
  -3.0,	
  -3.0,	
  -3.0,	
  -3.0,	
};

const PROGMEM tinytype umax[4] = {
  3.0,	
  3.0,	
  3.0,	
  3.0,	
};

const PROGMEM tinytype xmin[12] = {
  -10000.0,	
  -10000.0,	
  -10000.0,	
  -10000.0,	
  -10000.0,	
  -10000.0,	
  -10000.0,	
  -10000.0,	
  -10000.0,	
  -10000.0,	
  -10000.0,	
  -10000.0,	
};

const PROGMEM tinytype xmax[12] = {
  10000.0,	
  10000.0,	
  10000.0,	
  10000.0,	
  10000.0,	
  10000.0,	
  10000.0,	
  10000.0,	
  10000.0,	
  10000.0,	
  10000.0,	
  10000.0,	
};

const PROGMEM tinytype rho_value = 85.0;

const PROGMEM tinytype Kinf_data[4*12] = {
  -0.0026592910013941,	0.0034959817160365,	0.0071596399731875,	0.0082630754800149,	0.0041161046638719,	0.0025785203093766,	0.0036685197953805,	0.0003948598429170,	0.0045951978403784,	0.0048450883297134,	0.0000069062236416,	-0.0038335440419515,	
  -0.0118265831258837,	-0.0103570956850938,	-0.0026850746858333,	0.0125656798579506,	-0.0071588000680409,	-0.0013861871934365,	0.0091566836530580,	0.0045424440620943,	-0.0052875229273217,	-0.0022868201888208,	0.0040186871970804,	0.0009950847973535,	
  0.0092871525475707,	-0.0072325466902224,	-0.0120615405134951,	-0.0115020010407679,	-0.0038055587159036,	0.0024560573756116,	-0.0132627348683459,	-0.0010764111969111,	-0.0055166297046089,	-0.0053459298993151,	-0.0030712296588478,	-0.0006930939866059,	
  0.0002512707317823,	0.0005900137366961,	-0.0020305840784125,	0.0015321962044952,	0.0046252301868573,	-0.0057426492779255,	-0.0019699962062897,	0.0106294348807271,	0.0058654967887524,	0.0061922490551194,	0.0057416643115298,	-0.0008650596043192,	
};

const PROGMEM tinytype Pinf_data[12*12] = {
  6.3265507392362492,	0.0495207187630561,	-0.1333809484630006,	-0.2476095362292213,	-0.0092813696273295,	0.0610744761818332,	-0.2115045703381147,	-0.0756314814223812,	-0.2085406125263781,	-0.0981246100398976,	-0.1342980807287733,	0.0299842266187542,	
  0.0495207187630561,	9.5657629440778749,	0.0475649565330947,	0.0610828289411171,	0.0706784936540747,	-0.0790700682002172,	0.0263501491211826,	0.0152991209796735,	-0.0292271457818224,	0.0575090041030075,	0.0518313378479345,	-0.0410121835988094,	
  -0.1333809484630006,	0.0475649565330947,	8.7437865336609075,	0.1802418038414924,	0.0115132141134701,	0.0289465257078527,	0.0611210302587994,	0.0178173073092892,	0.1456562589322200,	0.0513801749043277,	0.0273767175165491,	-0.0150440416774012,	
  -0.2476095362292214,	0.0610828289411171,	0.1802418038414924,	1.7003562539464232,	-0.1171905097935218,	-0.0681994555779735,	0.2455449634646333,	0.0359658879993004,	0.0030041919643705,	0.0888838170219244,	0.1746795910878157,	-0.0710721077808569,	
  -0.0092813696273294,	0.0706784936540747,	0.0115132141134701,	-0.1171905097935218,	3.2822226827370993,	-0.1178946601710969,	0.0171703136851866,	0.0978036272019789,	0.2894211279209205,	0.1450474846288247,	0.0126974062888732,	-0.1111158907393488,	
  0.0610744761818332,	-0.0790700682002172,	0.0289465257078527,	-0.0681994555779734,	-0.1178946601710970,	3.5017344269913009,	-0.1683590746736356,	-0.1965913005222134,	-0.1101123013757189,	-0.1950697321098145,	-0.1978909621209336,	-0.0396739448738372,	
  -0.2115045703381147,	0.0263501491211825,	0.0611210302587995,	0.2455449634646333,	0.0171703136851866,	-0.1683590746736356,	2.7937780356729540,	0.0727930996410069,	0.1473365458152054,	0.1087053622516295,	0.2428954813426600,	0.0069980017521878,	
  -0.0756314814223812,	0.0152991209796735,	0.0178173073092892,	0.0359658879993003,	0.0978036272019789,	-0.1965913005222134,	0.0727930996410068,	1.0562513735208428,	0.1935518600023314,	0.3405034286884390,	0.0820676750555689,	0.1199089592252297,	
  -0.2085406125263781,	-0.0292271457818224,	0.1456562589322199,	0.0030041919643705,	0.2894211279209205,	-0.1101123013757189,	0.1473365458152054,	0.1935518600023315,	6.7360397613858449,	0.2469797301695779,	0.1336847023055344,	-0.0224678564144344,	
  -0.0981246100398976,	0.0575090041030075,	0.0513801749043277,	0.0888838170219244,	0.1450474846288248,	-0.1950697321098145,	0.1087053622516296,	0.3405034286884391,	0.2469797301695779,	3.0180955589816141,	0.0865740181985536,	0.0613808881287978,	
  -0.1342980807287733,	0.0518313378479345,	0.0273767175165491,	0.1746795910878158,	0.0126974062888733,	-0.1978909621209336,	0.2428954813426600,	0.0820676750555689,	0.1336847023055344,	0.0865740181985536,	4.3493961299561086,	0.0200473180647758,	
  0.0299842266187542,	-0.0410121835988094,	-0.0150440416774012,	-0.0710721077808569,	-0.1111158907393488,	-0.0396739448738372,	0.0069980017521878,	0.1199089592252297,	-0.0224678564144344,	0.0613808881287978,	0.0200473180647758,	5.0881783458370453,	
};

const PROGMEM tinytype Quu_inv_data[4*4] = {
  0.0103429402370815,	-0.0005410683048279,	0.0014061467696016,	0.0003579907618743,	
  -0.0005410683048279,	0.0089760614507651,	0.0008301915739917,	-0.0001920949828736,	
  0.0014061467696016,	0.0008301915739917,	0.0090378914223047,	-0.0012276259268003,	
  0.0003579907618743,	-0.0001920949828736,	-0.0012276259268003,	0.0099470759426384,	
};

const PROGMEM tinytype AmBKt_data[12*12] = {
  0.0785201423556549,	-0.0755368261241427,	-0.0964527147946454,	-0.1260187788885714,	-0.0426368678883697,	0.1119860304731149,	-0.1248716503039498,	-0.0720401087003786,	-0.1198106375667778,	-0.1232728898036163,	-0.1250080186835988,	-0.0066959142216478,	
  -0.0808837692773544,	0.0037333222898952,	0.0229852518298636,	0.0854913737443549,	0.0813605129595898,	-0.0410151527980801,	0.0636264280991429,	0.0843484389385982,	0.1047898355030144,	0.1063884427721543,	0.0299000236502385,	-0.0423246478253305,	
  -0.0302741265924537,	-0.0114641538704552,	0.0176625713259520,	0.0881846627311006,	-0.0827963423945238,	-0.0066055061431369,	0.0790564901583115,	-0.0845094102576507,	-0.0999373876856120,	-0.0966103750354343,	0.0583843816830557,	0.0047169160955995,	
  -0.0225564637515284,	0.0188444996325615,	-0.1262692131144821,	-0.0599461273792796,	-0.1172561007171521,	0.0371981530190679,	0.0868461376426841,	-0.0060293085808170,	0.0524763846654352,	-0.0094175143127546,	0.0633350249171105,	0.1239514156242627,	
  0.0451631156080882,	-0.0031783584654581,	-0.0624964388616184,	-0.0799218028599031,	0.0349041252120352,	-0.0514061578715665,	-0.0240663390566149,	0.1140608738673532,	-0.0376491107200660,	0.0317541103134764,	-0.0831039220062717,	0.0847676740390880,	
  -0.0128363149951836,	-0.0718320902800806,	-0.0398821821944471,	0.0824524075289641,	-0.1170518622843776,	0.1124919599491137,	-0.0397333152348962,	-0.0824919141209156,	-0.0761947220531442,	-0.0488500951342540,	-0.0563549183798463,	-0.0581926198812283,	
  0.0155562183864103,	0.0485525591810717,	0.1264756983195849,	0.0488876567304484,	-0.0178878802738476,	0.0601974604444544,	-0.0550568118604455,	-0.0285341162151082,	0.0228292270487451,	-0.1135036560264713,	0.0478207719811259,	-0.0254385827510477,	
  -0.0409762384031981,	0.0357920108255711,	-0.0699781014406027,	-0.0894322365221265,	-0.0288292469407811,	-0.1202147782785167,	-0.0043013083609827,	0.1131446954911150,	-0.0315331850448233,	0.0681524159235970,	0.1090798139229807,	0.0323330840764003,	
  0.0970275481979886,	0.1010920774734188,	-0.0395030907254525,	-0.0657593902243179,	0.0984059983229982,	0.0227862529017244,	-0.0485887831697775,	-0.1075492316346543,	-0.0502231453302568,	-0.0583407368701906,	-0.0467045365064148,	-0.0932222136396017,	
  0.0585615299936356,	-0.0983547066641619,	0.0913372050545547,	-0.1398736905878751,	0.0090657211418947,	0.0877656861046808,	-0.0736452220992471,	0.0135276352095222,	0.1021706601773036,	0.0386228846704850,	-0.0818676430063875,	0.0931937301658112,	
  -0.0137665541644441,	-0.0922794580097065,	-0.1112010210030002,	-0.1010503352351251,	0.1204400716863413,	-0.0663367888753599,	0.0578193967184102,	-0.0247316071251526,	0.1310306371574217,	-0.0374440530476634,	0.0959460257313034,	-0.0349113184574690,	
  -0.1113369251306591,	-0.0413088354289895,	0.0998297758481469,	0.0034055793359864,	0.0538445553540267,	0.0862337325992654,	0.0077615686505848,	-0.0882955205690989,	0.1229365680923988,	-0.0787090899926333,	-0.0664627998694830,	-0.0631616602412505,	
};

const PROGMEM tinytype coeff_d2p_data[12*4] = {
  -0.0003569895023850,	0.0577316222798333,	0.0236432333674255,	0.0103107504818760,	
  0.0685923708258147,	0.0731844315699176,	-0.0638441736065066,	0.0221187046544787,	
  0.0156582773295201,	0.0648201185150715,	-0.0602163927197909,	-0.0488468996775993,	
  0.0039591351215754,	-0.0016772526579247,	-0.0138296677594749,	-0.0063366534109599,	
  -0.0081993252358591,	0.0055650753411008,	-0.0116883930361460,	-0.0149240103925634,	
  0.0071886166969972,	-0.0022133482162556,	0.0213023366496949,	-0.0230033375600946,	
  0.0119810163747066,	-0.0001254364057813,	0.0020747445149481,	0.0223762865206301,	
  -0.0036655648246192,	0.0035159708989951,	-0.0060263153617866,	-0.0105385862527060,	
  0.0309859078191079,	-0.0494180182903984,	-0.0320863531807018,	-0.0327342700913109,	
  0.0230270950012095,	-0.0125229713426842,	-0.0231041120174317,	-0.0256362889968162,	
  -0.0142590219822005,	0.0045094154084215,	0.0278789668718901,	0.0108254381201531,	
  -0.0093138315475985,	-0.0045635149518907,	-0.0195782280162461,	-0.0281825810638011,	
};

const PROGMEM tinytype dKinf_drho_data[4*12] = {
  0.0000079629406509,	-0.0000316308036880,	-0.0000576328417741,	-0.0000627841906169,	-0.0000428082105964,	-0.0000286890660250,	-0.0000132988090009,	-0.0000040429466727,	-0.0000446020851387,	-0.0000462557935412,	0.0000045504383452,	0.0000416329291226,	
  0.0000972591096721,	0.0001008438069711,	0.0000375684706333,	-0.0000985415104123,	0.0000707938308898,	0.0000107824747922,	-0.0000698232269300,	-0.0000376099397711,	0.0000553499216381,	0.0000288297055928,	-0.0000329523463632,	-0.0000107580260884,	
  -0.0000700317818430,	0.0000693446266351,	0.0000985780291613,	0.0000839270736955,	0.0000402512553938,	-0.0000315405579782,	0.0001039878455253,	0.0000183389605910,	0.0000543571673502,	0.0000511524202615,	0.0000306158516944,	0.0000091641150203,	
  0.0000074151652685,	-0.0000181018946418,	0.0000025213985822,	-0.0000294220795064,	-0.0000536733712026,	0.0000591522224647,	0.0000036434452832,	-0.0001065600972165,	-0.0000679300235090,	-0.0000704532387361,	-0.0000602850098873,	0.0000089773796380,	
};

const PROGMEM tinytype dPinf_drho_data[12*12] = {
  0.0002371713380839,	0.0000436940549440,	-0.0001028768894971,	-0.0002816292302093,	0.0000434813543770,	0.0000306775990812,	-0.0002469050237244,	-0.0000602354886907,	-0.0000044797372348,	-0.0000313731317304,	-0.0000826980663208,	-0.0000097370883770,	
  0.0000436940549440,	0.0001756409022242,	0.0001402542716963,	-0.0000165155987896,	0.0001163574776021,	0.0000005880161019,	0.0000188050490896,	-0.0000314899862068,	0.0001204659883924,	0.0000813652025207,	-0.0000065315585855,	-0.0000151203151584,	
  -0.0001028768894971,	0.0001402542716963,	0.0002131966912559,	0.0001687392769249,	0.0000823516322801,	0.0000067041712725,	0.0001689756596869,	-0.0000210835863056,	0.0001036561773826,	0.0000894763022813,	0.0000176228343974,	-0.0000209643983805,	
  -0.0002816292302093,	-0.0000165155987896,	0.0001687392769249,	0.0003781662522736,	-0.0000141423081518,	-0.0000254611534339,	0.0002989593363392,	0.0000811656458447,	0.0000418993109018,	0.0000758766186871,	0.0000956834656924,	-0.0000156669241454,	
  0.0000434813543770,	0.0001163574776021,	0.0000823516322801,	-0.0000141423081518,	0.0001152198329673,	-0.0000186516762350,	-0.0000151689738425,	0.0000256195246412,	0.0001035193209306,	0.0000886483217522,	0.0000018061245843,	-0.0000280655121210,	
  0.0000306775990812,	0.0000005880161019,	0.0000067041712725,	-0.0000254611534339,	-0.0000186516762350,	0.0000525240722456,	-0.0000258679613608,	-0.0000727732188869,	-0.0000331200564147,	-0.0000352353282660,	-0.0000513468963802,	-0.0000112111070887,	
  -0.0002469050237244,	0.0000188050490896,	0.0001689756596869,	0.0002989593363392,	-0.0000151689738425,	-0.0000258679613608,	0.0002884324790120,	0.0000349753818167,	0.0000406625967942,	0.0000516158601125,	0.0000830861252423,	0.0000124827826499,	
  -0.0000602354886907,	-0.0000314899862068,	-0.0000210835863056,	0.0000811656458447,	0.0000256195246412,	-0.0000727732188869,	0.0000349753818167,	0.0001392002289893,	0.0000472922648293,	0.0000663488316391,	0.0000829247500836,	-0.0000028928928542,	
  -0.0000044797372348,	0.0001204659883924,	0.0001036561773826,	0.0000418993109018,	0.0001035193209306,	-0.0000331200564147,	0.0000406625967942,	0.0000472922648293,	0.0001280802429970,	0.0000980929151549,	0.0000481532492688,	-0.0000174949715585,	
  -0.0000313731317304,	0.0000813652025207,	0.0000894763022813,	0.0000758766186871,	0.0000886483217522,	-0.0000352353282660,	0.0000516158601125,	0.0000663488316391,	0.0000980929151549,	0.0000989543637098,	0.0000387793215425,	-0.0000223510710035,	
  -0.0000826980663208,	-0.0000065315585855,	0.0000176228343974,	0.0000956834656924,	0.0000018061245843,	-0.0000513468963802,	0.0000830861252423,	0.0000829247500836,	0.0000481532492688,	0.0000387793215425,	0.0000869359406513,	0.0000123218633106,	
  -0.0000097370883770,	-0.0000151203151584,	-0.0000209643983805,	-0.0000156669241454,	-0.0000280655121210,	-0.0000112111070887,	0.0000124827826499,	-0.0000028928928542,	-0.0000174949715585,	-0.0000223510710035,	0.0000123218633106,	0.0000246955464715,	
};

const PROGMEM tinytype dC1_drho_data[4*4] = {
  -0.0001094291377327,	0.0000093367498479,	-0.0000262953349147,	-0.0000056173047838,	
  0.0000093367498479,	-0.0000816095513135,	-0.0000144163703628,	0.0000048580711216,	
  -0.0000262953349147,	-0.0000144163703628,	-0.0000859723958968,	0.0000229115464309,	
  -0.0000056173047838,	0.0000048580711216,	0.0000229115464309,	-0.0001006534405915,	
};

const PROGMEM tinytype dC2_drho_data[12*12] = {
  -0.0000766002628568,	-0.0001154159832386,	-0.0000651705422366,	0.0000794132571913,	-0.0000700428344518,	-0.0000120500732490,	0.0000375432051465,	0.0000523954339587,	-0.0000562064215045,	-0.0000286346937001,	0.0000349646817094,	0.0000050743168859,	
  -0.0001688027683552,	-0.0000043861732473,	0.0001055275324044,	0.0002330448119113,	0.0000112023091390,	-0.0000214583783953,	0.0001772601906119,	0.0000687762886005,	0.0000426408594323,	0.0000673349226602,	0.0000634182437152,	-0.0000179628410376,	
  -0.0001575826488230,	-0.0000295859785166,	0.0000813550428943,	0.0001773092299496,	-0.0000483687333939,	0.0000084693432069,	0.0001733491170312,	-0.0000150937737873,	-0.0000288603708738,	-0.0000078428234080,	0.0000195537699698,	0.0000100333224592,	
  -0.0000652436367364,	0.0000638972453861,	0.0001117887022948,	0.0000799419933365,	0.0000172795152169,	0.0000134872611411,	0.0001060237699308,	-0.0000462491476112,	0.0000226660671301,	0.0000185594900553,	-0.0000085055674868,	0.0000031106944988,	
  -0.0000448588731202,	-0.0000142246267185,	0.0000159481688384,	0.0000276883628479,	-0.0000369223993067,	0.0000065480777061,	0.0000548515408897,	-0.0000344718158182,	-0.0000348911139332,	-0.0000311585868603,	-0.0000074830699725,	0.0000197181026132,	
  0.0000517411807699,	-0.0000297362656840,	-0.0000343249810584,	-0.0000643553338132,	-0.0000404941915444,	0.0000622281480213,	-0.0000574179234657,	-0.0000849772994435,	-0.0000589355749003,	-0.0000620096599207,	-0.0000611152413486,	-0.0000072123023217,	
  0.0000022718772089,	-0.0000023888211492,	-0.0000150869746075,	0.0000322474435906,	0.0000448631533906,	-0.0000356069739193,	-0.0000229249053706,	0.0000959204509791,	0.0000556521837292,	0.0000618457571929,	0.0000470833225009,	-0.0000239202040144,	
  -0.0000692605905405,	-0.0000815824885109,	-0.0000313655778773,	0.0000288086924982,	-0.0001001864049878,	0.0000161728993253,	0.0000638714443835,	-0.0000533455966993,	-0.0000986451206770,	-0.0000845451699722,	-0.0000147816619903,	0.0000367872460099,	
  0.0000339629981498,	0.0001201404073754,	0.0001132445428008,	-0.0000115434368320,	0.0000678308346333,	0.0000370500472272,	0.0000141170690648,	-0.0000736879787755,	0.0000572751612127,	0.0000350989137342,	-0.0000426333536934,	-0.0000190554462155,	
  -0.0000300837999443,	0.0001140342222875,	0.0001608354365973,	0.0000726500917619,	0.0000535024194046,	0.0000551509863512,	0.0000868405218109,	-0.0000907809094319,	0.0000495459256989,	0.0000360292853955,	-0.0000430481342475,	-0.0000253524192076,	
  0.0000632225861962,	-0.0000782437450242,	-0.0001238916502230,	-0.0000953061872251,	-0.0000419307589588,	-0.0000071515413450,	-0.0001030599854478,	0.0000220787981846,	-0.0000501514566425,	-0.0000459599058664,	-0.0000026882105247,	0.0000091710595777,	
  -0.0000226899223483,	0.0000294749115460,	0.0000499789428016,	0.0000116405815778,	-0.0000105553190694,	0.0000190470122173,	0.0000485137706748,	-0.0000597939860374,	-0.0000135563468592,	-0.0000189707884133,	-0.0000239119754830,	0.0000127072401880,	
};

