#pragma once

typedef float tinytype;

const PROGMEM tinytype Adyn_data[12*12] = {
  -0.0831757162760817,	-0.0130736040048497,	0.1279533904274709,	0.0281577260445418,	-0.0558943609479470,	-0.0586125835713635,	-0.0305406452081373,	-0.0854074875167434,	-0.1260550569903533,	-0.0428658257266874,	-0.1300767061946063,	0.0492316087719263,	
  0.1385906205824167,	0.0623869430467319,	0.1004814824952799,	0.0718111188413129,	-0.0256211499794487,	0.0442078717277062,	-0.0958595685273611,	-0.0543090138185367,	0.0176585145683038,	-0.0515008475156911,	-0.0847087592621297,	0.0499424916233131,	
  -0.0029102308769956,	0.0930119640281569,	-0.0690391431536778,	0.0047600272432092,	0.0740699640044903,	-0.1309836846615914,	0.0498315490576610,	0.0375936519468583,	-0.1053933925574103,	0.0024827908972046,	0.0534693709478294,	0.0858361647556460,	
  -0.0201386601720259,	0.1259150780182771,	-0.0582958236429012,	0.0677126618908336,	-0.1216348200360428,	0.0616069712953152,	-0.1385150557693040,	0.0341587544563280,	-0.0642283356377277,	-0.0277148883128908,	0.1232539341285323,	-0.0697405061267875,	
  -0.0495496934817481,	-0.0259898238676487,	-0.0339695512194950,	0.0345080473319811,	0.0260568857468418,	0.1151592552635213,	-0.0244304880550561,	-0.0166556819320597,	0.0691069894623413,	0.1362150530204040,	-0.0272378341191255,	0.1004439417033564,	
  -0.1249736140252928,	0.0239881109190325,	-0.0770932289688115,	-0.1275159234973270,	0.0047221916669252,	0.1226441628948894,	-0.0079461425519424,	0.0557712126561246,	0.0926858639882555,	-0.1066995053570990,	-0.0988200465820332,	0.0239611745306127,	
  0.0006191567539868,	-0.1277424530467925,	-0.1020494975057223,	0.0920692059274702,	-0.1287925604835393,	0.1162035683550949,	0.0710458869995446,	-0.1086998308872056,	0.1030100772370979,	-0.0036146882551911,	0.0334485048522731,	-0.0174141567196560,	
  -0.0328994595141866,	0.0310087225758210,	-0.1380398669780082,	-0.0697162451626683,	0.0750497411371464,	-0.0741865395610821,	-0.0668760975754944,	-0.0116750800268740,	-0.0961236031729222,	0.0929375460363002,	-0.1034335232253527,	0.0932429967365295,	
  -0.0844165632764510,	-0.1137383873991242,	-0.0727206521452779,	0.0581929350795844,	-0.0273554737361866,	-0.0551364039066964,	0.0353228098755269,	-0.0186000703851126,	0.0816606510331141,	-0.0964872554173875,	-0.0216704706920996,	-0.1042007711932349,	
  -0.0404176725984280,	0.1194472038271530,	0.0708488518839895,	-0.0636905571485916,	-0.0264085922153024,	-0.1372582096448878,	-0.0695693241639122,	-0.0532069832052835,	-0.1127977163497399,	0.0662537438185586,	-0.0574557131220230,	0.0787217786968123,	
  -0.0178949021094721,	0.0903658649002656,	0.0132385992865997,	-0.0818896625075549,	0.0105529193921091,	-0.0628237792524827,	-0.0492673373865942,	-0.0358214722453371,	0.0672403689406411,	-0.0161330334356561,	0.0351027153634864,	-0.0200394157160664,	
  -0.0609733907786779,	0.0568188791716289,	0.0661153006516321,	-0.0338395266890153,	0.0120094087044283,	-0.0875638846379743,	0.0520793591687672,	0.0440504878529090,	0.0556873211199278,	0.0809680789539708,	0.1298827097583427,	0.1165545285348204,	
};

const PROGMEM tinytype Bdyn_data[12*4] = {
  0.7953589585268457,	-0.0636953545793231,	0.5864115692608229,	-0.4226135488763123,	
  -0.0288098432028649,	-0.7344078969520573,	-0.7691802723067431,	0.5733735828881599,	
  0.2932947971536517,	-0.3838869243184604,	-0.7015615494809255,	0.6351484222992509,	
  -0.1445249917823701,	0.6540423710628611,	-0.6748635925678337,	-0.4713155535421254,	
  0.2030554670938798,	-0.3040271899931575,	-0.7379333866444913,	-0.2853301721418460,	
  -0.5193266907056480,	0.3562715065940991,	0.9299460442995873,	0.1443678129686561,	
  0.5053247057984205,	0.5607583380611789,	-0.9877334977234680,	0.8629701791775795,	
  0.4426265729184342,	0.5082422066268690,	0.6520980630315718,	0.3053947296420099,	
  -0.8111557401466143,	-0.3816842505004496,	0.0480642072778614,	-0.0536919682412218,	
  -0.3701393077055342,	-0.1943315632240334,	-0.2691011507469290,	0.1329345675505276,	
  0.4358601572344052,	0.4327501184072817,	0.7690904374682099,	-0.2503705157225227,	
  -0.3641316144325613,	-0.7841520820504877,	-0.0101311072152099,	-0.4841135749259973,	
};

const PROGMEM tinytype Q_data[12] = {
  6.6560085318076556,7.3727886500559094,1.4016928851285593,9.3717093320257874,7.9062762867443865,7.6898119183903511,3.5400757957305191,4.1878134544136376,1.5953894948171075,2.4480214746643107,
  6.2229032674042548,0.9290542676653416,
};

const PROGMEM tinytype Qf_data[12] = {
  59.9040767862689023,66.3550978505031850,12.6152359661570337,84.3453839882320864,71.1564865806994788,69.2083072655131559,31.8606821615746725,37.6903210897227368,14.3585054533539669,22.0321932719787981,
  56.0061294066382942,8.3614884089880750,
};

const PROGMEM tinytype R_data[4] = {
  0.1000000000000000,0.1000000000000000,0.1000000000000000,0.1000000000000000,
};

const PROGMEM tinytype umin[4] = {
  -3.0,	
  -3.0,	
  -3.0,	
  -3.0,	
};

const PROGMEM tinytype umax[4] = {
  3.0,	
  3.0,	
  3.0,	
  3.0,	
};

const PROGMEM tinytype xmin[12] = {
  -10000.0,	
  -10000.0,	
  -10000.0,	
  -10000.0,	
  -10000.0,	
  -10000.0,	
  -10000.0,	
  -10000.0,	
  -10000.0,	
  -10000.0,	
  -10000.0,	
  -10000.0,	
};

const PROGMEM tinytype xmax[12] = {
  10000.0,	
  10000.0,	
  10000.0,	
  10000.0,	
  10000.0,	
  10000.0,	
  10000.0,	
  10000.0,	
  10000.0,	
  10000.0,	
  10000.0,	
  10000.0,	
};

const PROGMEM tinytype rho_value = 85.0;

const PROGMEM tinytype Kinf_data[4*12] = {
  0.0016154728356685,	-0.0019925117544219,	0.0066844673143125,	0.0050895683519733,	-0.0007697228040987,	-0.0072743014254440,	-0.0011873459189231,	-0.0108326427474702,	-0.0088683051253467,	0.0070611187739945,	-0.0047522895599127,	0.0062957484299122,	
  -0.0100120708425464,	0.0046848092946619,	-0.0170242002068741,	-0.0046301361638396,	-0.0086303374610465,	0.0054425135852487,	-0.0051297629532169,	0.0032560857629388,	-0.0004765030003014,	-0.0042418601383956,	0.0099785721518620,	-0.0104893143474617,	
  -0.0144886419938845,	-0.0015054705088614,	0.0001834999925447,	-0.0234839550794468,	0.0107836965643198,	-0.0107961026385609,	0.0057988875392549,	0.0034358545743092,	0.0009427062690080,	-0.0108705543057051,	-0.0155390742087706,	-0.0004465985540255,	
  0.0087221825975007,	-0.0061363620129421,	-0.0035808066114465,	-0.0006092200530736,	0.0032698813189256,	0.0018384922089520,	0.0061323692864336,	-0.0033271179883807,	0.0062811894272123,	-0.0031431268622866,	-0.0074470574238119,	0.0032561617619833,	
};

const PROGMEM tinytype Pinf_data[12*12] = {
  6.9992894486022355,	0.0473229643940873,	0.1516948818384532,	0.1308487680990682,	0.0247912120821756,	-0.0774649143819554,	-0.0333012256223004,	-0.0352580013732993,	-0.0348555902457382,	0.0012615445591172,	0.0743454122741319,	-0.0446328817835939,	
  0.0473229643940873,	7.7870167432769186,	0.0632662057220748,	-0.0521884177006151,	-0.0627648314383749,	-0.0800033100581791,	-0.3078827411118158,	0.0569235262185949,	-0.1664904636540678,	-0.0512164418953180,	0.0892641057119702,	0.0128702145937629,	
  0.1516948818384533,	0.0632662057220747,	1.8255282354134283,	0.0766177414844277,	-0.0200396509567065,	-0.1772573094162382,	-0.0415339490315644,	-0.1147902960291906,	-0.1471665184977998,	-0.0612290185273455,	-0.1121122479578609,	0.0515271994717179,	
  0.1308487680990683,	-0.0521884177006150,	0.0766177414844277,	9.6427017760480886,	-0.1420519052446097,	0.0446001010234776,	-0.0414568497166100,	-0.0764890442549364,	-0.0792905057950394,	0.0159429625834675,	0.0980320973735419,	-0.0606842337300665,	
  0.0247912120821755,	-0.0627648314383749,	-0.0200396509567065,	-0.1420519052446097,	8.1603958821747362,	-0.0984724277568418,	0.1213119101343659,	0.0563365279872200,	0.0493504961302312,	0.1287705544058548,	-0.0948733450948157,	0.1203150206302612,	
  -0.0774649143819555,	-0.0800033100581790,	-0.1772573094162382,	0.0446001010234775,	-0.0984724277568418,	8.1612980110935638,	-0.0366618302611614,	0.0547024905676258,	0.2764319457417743,	-0.0543277444633004,	-0.0213756301637454,	-0.0088370485323316,	
  -0.0333012256223005,	-0.3078827411118159,	-0.0415339490315645,	-0.0414568497166100,	0.1213119101343660,	-0.0366618302611614,	3.8853298816247639,	0.0136548621353771,	0.1387357064413295,	0.0394072639619874,	0.0100225007629978,	-0.0157688908400051,	
  -0.0352580013732993,	0.0569235262185949,	-0.1147902960291906,	-0.0764890442549363,	0.0563365279872200,	0.0547024905676258,	0.0136548621353771,	4.3535220393810317,	0.0274371371233352,	-0.0238185561266442,	0.1088615226917528,	-0.0547319175210503,	
  -0.0348555902457382,	-0.1664904636540678,	-0.1471665184977998,	-0.0792905057950394,	0.0493504961302312,	0.2764319457417743,	0.1387357064413295,	0.0274371371233352,	2.0401102460341396,	-0.0281397181485884,	0.0131251081038419,	-0.0301431508874194,	
  0.0012615445591173,	-0.0512164418953180,	-0.0612290185273455,	0.0159429625834675,	0.1287705544058548,	-0.0543277444633004,	0.0394072639619874,	-0.0238185561266442,	-0.0281397181485884,	2.8043950382497762,	0.0424810028083192,	0.1669075804046251,	
  0.0743454122741319,	0.0892641057119702,	-0.1121122479578609,	0.0980320973735419,	-0.0948733450948158,	-0.0213756301637454,	0.0100225007629979,	0.1088615226917528,	0.0131251081038418,	0.0424810028083192,	6.6761640854190052,	-0.2135029656812316,	
  -0.0446328817835939,	0.0128702145937628,	0.0515271994717180,	-0.0606842337300665,	0.1203150206302612,	-0.0088370485323316,	-0.0157688908400050,	-0.0547319175210503,	-0.0301431508874194,	0.1669075804046252,	-0.2135029656812317,	1.2051873896644996,	
};

const PROGMEM tinytype Quu_inv_data[4*4] = {
  0.0102232973137602,	-0.0001090410621851,	-0.0000038769907347,	0.0000850294055988,	
  -0.0001090410621851,	0.0099657513678642,	-0.0005813715380991,	0.0003023735909619,	
  -0.0000038769907347,	-0.0005813715380991,	0.0084720982379344,	0.0002906789879517,	
  0.0000850294055988,	0.0003023735909619,	0.0002906789879517,	0.0104210537016493,	
};

const PROGMEM tinytype AmBKt_data[12*12] = {
  -0.0729158996410077,	-0.0129009257457422,	0.1199315730889557,	0.0373285723979717,	-0.0607736557009652,	-0.0453723087258108,	-0.0307319334595662,	-0.0800051605390835,	-0.1169302201970840,	-0.0437058457750929,	-0.1196962759031452,	0.0451940968977516,	
  0.1151387715291565,	0.0681305496945250,	0.0903656383699472,	0.0508432556665663,	-0.0255617704651328,	0.0386370331681656,	-0.0987168628522829,	-0.0476793323413455,	0.0141767154998456,	-0.0609719033848656,	-0.0851997331248040,	0.0402099239247062,	
  -0.0229320983793565,	0.0982361148184253,	-0.0751319502861895,	-0.0145986601632288,	0.0764712129044064,	-0.1355027060211680,	0.0483838543655802,	0.0465444556530342,	-0.1063034091598553,	-0.0068466039979690,	0.0525222059168894,	0.0775814814944749,	
  -0.0190238220890034,	0.1186548963993052,	-0.0477590551764742,	0.0553409357708595,	-0.1072827877134796,	0.0505766318124973,	-0.1285278355011682,	0.0312141595046573,	-0.0616017537997279,	-0.0327375698263753,	0.1020440310912398,	-0.0607368705313864,	
  -0.0611246166296734,	-0.0270227502377295,	-0.0413889899989563,	0.0145634719995881,	0.0324799704492537,	0.1108487867648962,	-0.0197200356861364,	-0.0118800113405509,	0.0732507447239167,	0.1245730395491331,	-0.0368307703241821,	0.0965760400118271,	
  -0.1083531874168480,	0.0235701818258190,	-0.0672102610961147,	-0.1012964263238299,	-0.0031031241776222,	0.1267017853369585,	-0.0130131438735932,	0.0462706509434263,	0.0864666133309064,	-0.0909584286823276,	-0.0893175023408078,	0.0309129961603998,	
  -0.0164207298880730,	-0.1255541397305276,	-0.0926094833573703,	0.0694235584049568,	-0.1157344585842667,	0.1045772815379138,	0.0749581432251557,	-0.0987867938559016,	0.1032693173409880,	-0.0128289734558147,	0.0213325109996624,	-0.0179646743129142,	
  -0.0217416469572430,	0.0323653704323430,	-0.1313722732806300,	-0.0541158985260151,	0.0717461104958907,	-0.0672542037771319,	-0.0693976212700985,	-0.0097595745192505,	-0.0944890558103390,	0.1000165613745061,	-0.0939942728319635,	0.0950842548660589,	
  -0.0857629167252544,	-0.1138236209293894,	-0.0739974575463181,	0.0616501450726470,	-0.0316166461553992,	-0.0583420551645702,	0.0324522777341121,	-0.0264880152164913,	0.0745771397285135,	-0.0920249156919494,	-0.0213696277016270,	-0.1029012496613838,	
  -0.0468237737843685,	0.1200307140035881,	0.0705400895867791,	-0.0689450623726011,	-0.0259034189554015,	-0.1420427051760144,	-0.0702603989633034,	-0.0552169284454294,	-0.1167541281006897,	0.0655355656587916,	-0.0604671821576939,	0.0784606411673437,	
  -0.0009394441464613,	0.0888284484602741,	0.0166546744797172,	-0.0641955560498988,	0.0071482344166868,	-0.0532449659441182,	-0.0494544195758240,	-0.0359845215178698,	0.0721595147961858,	-0.0098015352245776,	0.0429422505312989,	-0.0170855080138490,	
  -0.0641603912307832,	0.0567809973778740,	0.0534681064572622,	-0.0361498350258556,	0.0066538759291865,	-0.0851642668380179,	0.0506520070516402,	0.0410833526185575,	0.0551347997642440,	0.0785812309406483,	0.1322143193984593,	0.1121936194631195,	
};

const PROGMEM tinytype coeff_d2p_data[12*4] = {
  0.0578558288228699,	-0.0081805482914366,	0.0319843850755090,	-0.0292635665082405,	
  0.0002620189764316,	-0.0535774594688927,	-0.0426813831219148,	0.0408057312888198,	
  0.0076877415411494,	-0.0075061075549725,	-0.0123664817321995,	0.0098497032692954,	
  -0.0138359189497442,	0.0663724243402096,	-0.0579187025831802,	-0.0477301771134884,	
  0.0170689886677745,	-0.0235953026204350,	-0.0510568418132701,	-0.0257092161040734,	
  -0.0471000813084220,	0.0262258152085952,	0.0651259244510262,	0.0135605924870474,	
  0.0191709718798517,	0.0258942850635114,	-0.0315605551334006,	0.0326240524876129,	
  0.0194696134268334,	0.0209904420478106,	0.0244360741283599,	0.0156651796359457,	
  -0.0176847887102146,	-0.0044971612064937,	0.0043204087101664,	-0.0010247073915901,	
  -0.0102535243313373,	-0.0055533995965668,	-0.0068028002984508,	0.0014441587705268,	
  0.0303311551602428,	0.0276661882119438,	0.0419494379881615,	-0.0138900925556958,	
  -0.0058832511840672,	-0.0118342863258071,	-0.0025849762135495,	-0.0055701411251314,	
};

const PROGMEM tinytype dKinf_drho_data[4*12] = {
  -0.0000185005703959,	0.0000215549534631,	-0.0000698142371692,	-0.0000524595880380,	0.0000067463373121,	0.0000744485061001,	0.0000112196912581,	0.0001114030975462,	0.0000897682259453,	-0.0000721649307769,	0.0000504339304537,	-0.0000654035428525,	
  0.0000887327474111,	-0.0000451969940590,	0.0001716503018665,	0.0000327057534380,	0.0000906112907336,	-0.0000615344661695,	0.0000513019036742,	-0.0000307814028091,	0.0000026052147745,	0.0000366461360672,	-0.0001072517906569,	0.0001031202150710,	
  0.0001146121982080,	0.0000175978000505,	-0.0000104933494082,	0.0001957837208832,	-0.0000977075625579,	0.0000948930706951,	-0.0000552960631251,	-0.0000264815928449,	-0.0000094004141298,	0.0000891971314195,	0.0001385073303849,	-0.0000045332233550,	
  -0.0000831439520612,	0.0000618924808848,	0.0000411857071286,	0.0000142698760295,	-0.0000336430097188,	-0.0000166059706563,	-0.0000630640470036,	0.0000337077613319,	-0.0000640288401164,	0.0000371997439544,	0.0000792768624994,	-0.0000310633612764,	
};

const PROGMEM tinytype dPinf_drho_data[12*12] = {
  0.0004100015540609,	-0.0000853975497712,	0.0001468097993677,	0.0003856654326042,	-0.0000288237747349,	0.0001111118214493,	0.0000205782026321,	-0.0001253474156614,	0.0000407696512113,	0.0001879699222914,	0.0000504424312142,	0.0001466691174672,	
  -0.0000853975497712,	0.0001335617688273,	-0.0000435447613616,	-0.0000050242109713,	-0.0000938198864531,	0.0000171563428358,	-0.0001088375172536,	0.0000538388298863,	-0.0000621435933364,	-0.0000136331231294,	0.0001385031073903,	-0.0000776499507034,	
  0.0001468097993677,	-0.0000435447613616,	0.0003641320159191,	0.0001077359533408,	0.0001228923853918,	-0.0001620611848393,	0.0000438378310840,	-0.0001142942257365,	-0.0000909096345647,	0.0001232718804994,	-0.0001693949387889,	0.0002110464227035,	
  0.0003856654326042,	-0.0000050242109713,	0.0001077359533408,	0.0006052839906657,	-0.0002173557262860,	0.0001907700747466,	-0.0001099060035466,	-0.0001490091846049,	-0.0000675089312945,	0.0003195021703293,	0.0003015249860705,	0.0000942629677707,	
  -0.0000288237747349,	-0.0000938198864531,	0.0001228923853918,	-0.0002173557262860,	0.0002187289112923,	-0.0001457902483214,	0.0001422238039568,	0.0000090165531912,	0.0000535881353513,	-0.0000850986548264,	-0.0002771995824740,	0.0000942746513588,	
  0.0001111118214493,	0.0000171563428358,	-0.0001620611848393,	0.0001907700747466,	-0.0001457902483214,	0.0002211345445240,	-0.0000617581930622,	0.0000516919708962,	0.0000857181871136,	0.0000348228147518,	0.0002306164957585,	-0.0001033438308001,	
  0.0000205782026321,	-0.0001088375172536,	0.0000438378310840,	-0.0001099060035466,	0.0001422238039568,	-0.0000617581930622,	0.0001337168405651,	-0.0000032410911917,	0.0000723662481655,	-0.0000486946687266,	-0.0001793627242465,	0.0000723098940509,	
  -0.0001253474156614,	0.0000538388298863,	-0.0001142942257365,	-0.0001490091846049,	0.0000090165531912,	0.0000516919708962,	-0.0000032410911917,	0.0001524322833093,	0.0000755412911673,	-0.0001151464794060,	0.0000576534962808,	-0.0001134295062255,	
  0.0000407696512113,	-0.0000621435933364,	-0.0000909096345647,	-0.0000675089312945,	0.0000535881353513,	0.0000857181871136,	0.0000723662481655,	0.0000755412911673,	0.0001485193598029,	-0.0000882519778758,	-0.0000379106036402,	-0.0000417241620571,	
  0.0001879699222914,	-0.0000136331231294,	0.0001232718804994,	0.0003195021703293,	-0.0000850986548264,	0.0000348228147518,	-0.0000486946687266,	-0.0001151464794060,	-0.0000882519778758,	0.0002140772667604,	0.0001235066386803,	0.0000954413958985,	
  0.0000504424312142,	0.0001385031073903,	-0.0001693949387889,	0.0003015249860705,	-0.0002771995824740,	0.0002306164957585,	-0.0001793627242465,	0.0000576534962808,	-0.0000379106036402,	0.0001235066386803,	0.0004330370510915,	-0.0001424905646646,	
  0.0001466691174672,	-0.0000776499507034,	0.0002110464227035,	0.0000942629677707,	0.0000942746513588,	-0.0001033438308001,	0.0000723098940509,	-0.0001134295062255,	-0.0000417241620571,	0.0000954413958985,	-0.0001424905646646,	0.0001748024671605,	
};

const PROGMEM tinytype dC1_drho_data[4*4] = {
  -0.0001045474238677,	0.0000021940315439,	0.0000000138007910,	-0.0000017235662875,	
  0.0000021940315439,	-0.0000998342796341,	0.0000105364209275,	-0.0000059580002126,	
  0.0000000138007910,	0.0000105364209275,	-0.0000723431901333,	-0.0000052992487968,	
  -0.0000017235662875,	-0.0000059580002126,	-0.0000052992487968,	-0.0001088323660492,	
};

const PROGMEM tinytype dC2_drho_data[12*12] = {
  -0.0000819812214444,	-0.0000041857164477,	0.0000900197651521,	-0.0000649717881793,	0.0000434846118298,	-0.0001257970486070,	0.0000001185414316,	-0.0000607916149495,	-0.0000927789663683,	0.0000231460988162,	-0.0000946633439957,	0.0000481181096627,	
  0.0002004630194008,	-0.0000545236674098,	0.0000923639261635,	0.0001649190168905,	0.0000108752918348,	0.0000394647547476,	0.0000316263784228,	-0.0000590928582112,	0.0000339813311833,	0.0000721134747406,	-0.0000162317209817,	0.0000881720792460,	
  0.0001727057238711,	-0.0000506374624566,	0.0000528496915968,	0.0001562322766666,	-0.0000143737403651,	0.0000316629493225,	0.0000176648911734,	-0.0000844784256859,	0.0000087444019464,	0.0000741834902421,	-0.0000091457262671,	0.0000753185307377,	
  -0.0000225482092468,	0.0000737229820831,	-0.0001100265876060,	0.0001098802497052,	-0.0001400843595292,	0.0001072190442350,	-0.0000989724589698,	0.0000342484027419,	-0.0000252519542046,	0.0000433309527188,	0.0002082741517589,	-0.0000945973891770,	
  0.0000915864992392,	0.0000125278301704,	0.0000703706535149,	0.0001691426148521,	-0.0000555226228643,	0.0000314612535433,	-0.0000454799325512,	-0.0000419032015565,	-0.0000426421123294,	0.0001022306561128,	0.0000819809183690,	0.0000324233650800,	
  -0.0001358006394356,	0.0000019961771673,	-0.0000935981500966,	-0.0002230241998705,	0.0000669410610003,	-0.0000252619947878,	0.0000480760523300,	0.0000885812754662,	0.0000636764534673,	-0.0001388521139970,	-0.0000758469280119,	-0.0000620043971958,	
  0.0001445482259481,	-0.0000215770879662,	-0.0001068821489184,	0.0001892367638999,	-0.0001216962461131,	0.0001049448176405,	-0.0000346329393265,	-0.0000942793583724,	-0.0000008531225738,	0.0000719178209546,	0.0001030515864797,	-0.0000024463564875,	
  -0.0000862555509630,	-0.0000169469039806,	-0.0000620734967195,	-0.0001254305667198,	0.0000249507196330,	-0.0000584866859207,	0.0000242779570236,	-0.0000266911404513,	-0.0000153738201505,	-0.0000562088794388,	-0.0000823446088969,	-0.0000110180066382,	
  0.0000088881414331,	0.0000027107482367,	0.0000116016937925,	-0.0000387136365863,	0.0000429471099563,	0.0000314500290004,	0.0000279537742506,	0.0000816991382026,	0.0000708243702101,	-0.0000468396068006,	-0.0000024272613996,	-0.0000151430644300,	
  0.0000522907649342,	-0.0000042969288929,	-0.0000007826984915,	0.0000377270693813,	-0.0000017151801767,	0.0000433415715546,	0.0000076255854900,	0.0000236457134920,	0.0000397150083768,	-0.0000005316577776,	0.0000245590185264,	-0.0000012594106016,	
  -0.0001392993852428,	0.0000121258117442,	-0.0000254704226466,	-0.0001382910057046,	0.0000245702279023,	-0.0000829590887445,	-0.0000003528258781,	-0.0000064293464880,	-0.0000490549651829,	-0.0000436917433927,	-0.0000622449901208,	-0.0000204093778604,	
  0.0000237533586647,	0.0000025487983910,	0.0001290106213684,	0.0000154358367343,	0.0000562326634848,	-0.0000282211289927,	0.0000132235672823,	0.0000324781856459,	0.0000036378663373,	0.0000213711778808,	-0.0000259548885012,	0.0000419623122524,	
};

