#pragma once

typedef float tinytype;

const PROGMEM tinytype Adyn_data[12*12] = {
  -0.1274809857135352,	-0.0800192707759510,	-0.0373537081222343,	-0.0226715092054537,	0.0029872072689690,	0.1008157438249904,	-0.0284482868932522,	0.0004938473010945,	-0.0807555656160873,	0.0847868424927775,	-0.0737073194702069,	-0.1337499907136215,	
  -0.0878973752752996,	-0.0565439438426467,	0.0008603086111637,	0.0943112283704278,	-0.0498083424029929,	0.0356737212840544,	0.1254734995179131,	-0.0629482205388300,	-0.0193468498541269,	-0.0869150405770115,	0.0320486026089870,	0.0889383484406765,	
  0.0446141736497733,	-0.1301158100373143,	-0.0735836077261613,	-0.0127503489532630,	0.0402020107059637,	0.0795536396710313,	-0.0482411433851773,	0.0368396318967651,	-0.0403069982012033,	0.1264079830963964,	-0.0755304811858662,	-0.0854243325176743,	
  0.1176162575373562,	0.0301783682262385,	0.1061332792390146,	0.0460484743025496,	-0.0473406358328374,	0.1176444695051802,	-0.0811972895171412,	0.0756193103188517,	-0.0918425624385835,	0.0429104036973103,	-0.1330102112545414,	-0.1011026634552452,	
  0.1037087112563831,	0.1153686378303680,	0.1185734445815957,	-0.0596753760110819,	0.1176026820013726,	0.1299946126681472,	0.0298744476536547,	0.1258894729819886,	-0.0022144654755969,	0.0549755058751675,	0.0077043911002782,	-0.0313218718792192,	
  -0.0553603302515930,	-0.0969578706092511,	-0.1324815266961243,	-0.0494910307663157,	-0.1117620352040748,	-0.0009690838221955,	0.0309515608273350,	0.0393741001288524,	-0.1269785483802193,	0.1056275913688624,	0.0796256311828399,	0.0777250193185263,	
  0.0334520851845395,	0.1114195460472185,	0.0182629124902103,	0.0041443399898221,	0.0358041432828608,	0.0458430317619231,	0.1329056024314416,	-0.0440533173082979,	0.0471847775177140,	0.0333072899745160,	-0.0280521538224491,	-0.0248797828150669,	
  0.0088636762851986,	0.0222665382179081,	-0.1265435091833429,	0.0598569074155631,	0.0293071618585788,	-0.0873698266670753,	0.0628209910058046,	-0.1281290435523249,	-0.0649579945534962,	0.1289708770637357,	-0.0207392183982805,	-0.0374015067776788,	
  0.0963363717225911,	0.1051890253363057,	-0.1035119151026330,	-0.1144273636588033,	-0.0001811944038094,	0.0978667793290477,	-0.0234949475779554,	0.1017377379230345,	0.0011950140630425,	0.0749605998316414,	-0.0458045072791225,	0.0641533578688094,	
  -0.1278142845202302,	-0.0003625321317022,	0.0091071761471391,	0.0585751367800091,	0.0096747871271099,	0.1236472879618319,	-0.1058237204261666,	0.0075773421035573,	0.0556833723803720,	-0.1016330923242401,	-0.0957998859011674,	0.1281616739775578,	
  -0.0363195091528857,	0.0741400519271058,	-0.0920462959524983,	0.0079289900844786,	-0.1116892715495439,	0.0825659325159251,	0.0619561651855368,	0.0592417446637459,	0.1062336401344281,	-0.0255012591683113,	0.0405933802441471,	-0.0252093487590767,	
  -0.1089059373795572,	-0.0761851864938631,	-0.0533503400243495,	0.0907802378621491,	-0.1161480685667538,	-0.0980534740178690,	0.0382459221142403,	0.0957040357803028,	-0.1058540471784413,	-0.1232516349003805,	-0.0218389433438415,	-0.0382353820064271,	
};

const PROGMEM tinytype Bdyn_data[12*4] = {
  -0.6442656154843207,	-0.9331028737322504,	-0.2070159352696690,	0.1454381856395199,	
  0.4431008904402505,	-0.7958976622290750,	-0.1417584368973848,	0.7999452095323678,	
  0.2077122546151577,	0.4356221340880273,	0.3859215102691371,	-0.3966733407491296,	
  -0.5395792651873128,	0.4830536692814209,	0.6225657409155738,	-0.2899460251819084,	
  0.3322423721196019,	-0.2042093445376094,	-0.5249836004666335,	-0.9580581258588567,	
  0.1983959017237904,	0.9650518481993069,	-0.8170880057551000,	-0.2209927161212422,	
  -0.6478352368948157,	0.8723802252177408,	-0.8423751984139776,	0.4279678814022934,	
  -0.0782907853158901,	-0.6408843130321937,	-0.6070937815733171,	0.1245774977689906,	
  -0.4339667394524007,	0.1234319800793149,	-0.4636172592847505,	0.3639432078641467,	
  -0.1259892178499298,	0.2180601689104082,	0.0449492702192993,	0.4623362483762938,	
  -0.0401278486012795,	-0.7325143217085672,	-0.9619732806171257,	0.5974164151106240,	
  -0.0534516938640732,	0.0910975608942621,	0.5355647276874116,	-0.2982103259194659,	
};

const PROGMEM tinytype Q_data[12] = {
  7.3356998598109158,1.8136624151102179,2.6076547189002666,3.9595835626946485,5.9212198236815947,6.2845303718984606,7.4034740680398743,9.8289095364621009,1.8905970110546177,9.0293335995149526,
  4.4148833150750129,2.0606505300431648,
};

const PROGMEM tinytype Qf_data[12] = {
  66.0212987382982419,16.3229617359919601,23.4688924701024000,35.6362520642518348,53.2909784131343542,56.5607733470861476,66.6312666123588713,88.4601858281589131,17.0153730994915584,81.2640023956345772,
  39.7339498356751193,18.5458547703884840,
};

const PROGMEM tinytype R_data[4] = {
  0.1000000000000000,0.1000000000000000,0.1000000000000000,0.1000000000000000,
};

const PROGMEM tinytype umin[4] = {
  -3.0,	
  -3.0,	
  -3.0,	
  -3.0,	
};

const PROGMEM tinytype umax[4] = {
  3.0,	
  3.0,	
  3.0,	
  3.0,	
};

const PROGMEM tinytype xmin[12] = {
  -10000.0,	
  -10000.0,	
  -10000.0,	
  -10000.0,	
  -10000.0,	
  -10000.0,	
  -10000.0,	
  -10000.0,	
  -10000.0,	
  -10000.0,	
  -10000.0,	
  -10000.0,	
};

const PROGMEM tinytype xmax[12] = {
  10000.0,	
  10000.0,	
  10000.0,	
  10000.0,	
  10000.0,	
  10000.0,	
  10000.0,	
  10000.0,	
  10000.0,	
  10000.0,	
  10000.0,	
  10000.0,	
};

const PROGMEM tinytype rho_value = 85.0;

const PROGMEM tinytype Kinf_data[4*12] = {
  0.0032627125877656,	-0.0040278715885633,	-0.0007101153464685,	-0.0015734485576550,	-0.0005578037502208,	-0.0085939363610087,	-0.0003758571655472,	0.0026314806757773,	0.0009436365319136,	-0.0038656759481882,	0.0111757465161077,	0.0098496859389234,	
  0.0079151604301330,	0.0014487188112384,	0.0055204394800576,	-0.0035895405855903,	-0.0040142313047946,	0.0012242577081506,	-0.0001696174725695,	0.0065169446690062,	0.0002579605939560,	-0.0034543117358834,	0.0022241958032771,	0.0134369961034770,	
  0.0015027841640523,	-0.0099165718932418,	0.0160123447299325,	0.0039039281662041,	0.0004917166197592,	-0.0049900937542068,	-0.0188114613747672,	0.0041115196460912,	0.0011171143071503,	-0.0171175249692698,	-0.0063409774845716,	-0.0005891658232475,	
  -0.0140482066755448,	0.0014852602501047,	-0.0081484870062389,	0.0074811151955056,	-0.0062246165851807,	0.0012019038305750,	0.0025252362665412,	-0.0111683412535254,	0.0102623826513655,	-0.0098877521558943,	-0.0036988597623015,	0.0078600198242376,	
};

const PROGMEM tinytype Pinf_data[12*12] = {
  7.8203265088508624,	0.2492155656274014,	0.1691255240730306,	-0.0937992444088897,	0.1385798506442024,	-0.0693584019292600,	0.1148257542676988,	0.0594241239179170,	0.0286700277713647,	0.1543948221671226,	0.0538981526039412,	-0.1379624975626691,	
  0.2492155656274014,	2.2239977199434127,	0.2102478080239153,	-0.0090321736417478,	0.1555931754051162,	0.0910377207102245,	0.1254784403594497,	0.0321375379792629,	0.2360061133390594,	-0.0717045367279424,	-0.0177025033392837,	0.0023779609932947,	
  0.1691255240730306,	0.2102478080239153,	3.1103450135626725,	-0.0242365893676405,	0.1858108693150976,	0.2061335912664559,	-0.0987172794978749,	0.1605791232976436,	0.1954586269397919,	-0.2498530830056366,	-0.0780070542939995,	-0.0186622787753687,	
  -0.0937992444088897,	-0.0090321736417478,	-0.0242365893676405,	4.1342420204406496,	-0.0299425487924760,	-0.0661210231567689,	-0.0019685306986083,	-0.1264736209424019,	0.0113341198382412,	-0.0994764617008827,	-0.0803650333998028,	0.0341797910866691,	
  0.1385798506442024,	0.1555931754051162,	0.1858108693150975,	-0.0299425487924759,	6.2140300602521670,	0.0803360409817752,	-0.0037285695888694,	-0.0523504453587023,	0.0875916109124322,	0.0579717648251558,	-0.0828122353301584,	-0.0527223254291792,	
  -0.0693584019292600,	0.0910377207102245,	0.2061335912664559,	-0.0661210231567689,	0.0803360409817753,	6.8743558257638950,	-0.1623400991134644,	0.2713046797570303,	0.0896008264493278,	-0.0388348013959298,	-0.2236837487140079,	-0.0044742868942096,	
  0.1148257542676988,	0.1254784403594497,	-0.0987172794978749,	-0.0019685306986083,	-0.0037285695888694,	-0.1623400991134644,	7.7555758094788105,	-0.1102330275180222,	-0.0109346181094389,	0.1285450743133001,	0.1460687020452612,	-0.0868040840303544,	
  0.0594241239179170,	0.0321375379792629,	0.1605791232976436,	-0.1264736209424018,	-0.0523504453587023,	0.2713046797570302,	-0.1102330275180222,	10.1981685474616501,	0.0165092459688034,	-0.0932136604286251,	-0.0066624776786069,	0.0001863983231925,	
  0.0286700277713647,	0.2360061133390594,	0.1954586269397919,	0.0113341198382412,	0.0875916109124322,	0.0896008264493277,	-0.0109346181094389,	0.0165092459688035,	2.2716935591064056,	-0.2947902418415688,	0.0130246561560902,	0.1322345746830716,	
  0.1543948221671226,	-0.0717045367279424,	-0.2498530830056366,	-0.0994764617008828,	0.0579717648251559,	-0.0388348013959297,	0.1285450743133000,	-0.0932136604286251,	-0.2947902418415688,	9.5617455176059547,	-0.0024747409544586,	-0.2453608839636660,	
  0.0538981526039412,	-0.0177025033392837,	-0.0780070542939995,	-0.0803650333998028,	-0.0828122353301584,	-0.2236837487140080,	0.1460687020452613,	-0.0066624776786069,	0.0130246561560902,	-0.0024747409544586,	4.6781892433184353,	0.0746178116225635,	
  -0.1379624975626691,	0.0023779609932946,	-0.0186622787753687,	0.0341797910866691,	-0.0527223254291793,	-0.0044742868942096,	-0.0868040840303543,	0.0001863983231925,	0.1322345746830716,	-0.2453608839636660,	0.0746178116225635,	2.4772709119016101,	
};

const PROGMEM tinytype Quu_inv_data[4*4] = {
  0.0105860344136221,	-0.0000030023088337,	-0.0002421970143274,	0.0005680627677549,	
  -0.0000030023088337,	0.0087587051350000,	-0.0000712231112736,	0.0002691599688643,	
  -0.0002421970143274,	-0.0000712231112736,	0.0092190200042367,	0.0004066336895312,	
  0.0005680627677549,	0.0002691599688643,	0.0004066336895312,	0.0100962119692183,	
};

const PROGMEM tinytype AmBKt_data[12*12] = {
  -0.1156390272770110,	-0.0835313882191781,	-0.0281601613938630,	-0.0273145031247193,	-0.0001107671554389,	0.0952134928735538,	-0.0331102473436411,	0.0107456529903440,	-0.0811681911235857,	0.0769675484838265,	-0.0652064946984573,	-0.1161311907976266,	
  -0.0715926004789653,	-0.0562000429930299,	0.0143568943357089,	0.0867204503588352,	-0.0477070391778074,	0.0387872408837323,	0.1208183099981546,	-0.0494105072600218,	-0.0276106492703236,	-0.0824683283704605,	0.0309268497075038,	0.0888973131853160,	
  0.0343359433760614,	-0.1254940841815754,	-0.0852527295178572,	-0.0093988919722945,	0.0394076579120245,	0.0832079395388388,	-0.0398277426303794,	0.0274372086611941,	-0.0369756812474297,	0.1313995194214293,	-0.0778408490656338,	-0.0899784538232870,	
  0.1105444986862157,	0.0339095665306241,	0.0907520884959897,	0.0466720825204949,	-0.0478134547682303,	0.1158711261140244,	-0.0688746063012282,	0.0680932612642823,	-0.0891779445811893,	0.0502830532481439,	-0.1251792104454069,	-0.0996329914627389,	
  0.0915709880919450,	0.1132196373952354,	0.1205361945150174,	-0.0506687859918557,	0.1112628631606110,	0.1316316636803339,	0.0225083002593277,	0.1178045648962167,	0.0079431222293440,	0.0370949832977482,	-0.0024270957073439,	-0.0246293412664925,	
  -0.0655228236935776,	-0.1053313264150757,	-0.1263854144976794,	-0.0408716473979878,	-0.1087512470600100,	-0.0042572879945397,	0.0163772583653464,	0.0334541869699378,	-0.1242340148313969,	0.0935564700134774,	0.0692633868918014,	0.0640590908732188,	
  0.0359388452848818,	0.0985571973609099,	0.0299626452992388,	0.0063433440380705,	0.0420228602255831,	0.0344896512961444,	0.1158830513214235,	-0.0397906715366926,	0.0441201180175485,	0.0236287039806293,	-0.0265109448571295,	-0.0340811135877020,	
  0.0168542401275842,	0.0166743350117996,	-0.1123250285718796,	0.0588713125418667,	0.0277647983537014,	-0.0904372301928898,	0.0509479508374723,	-0.1198590132388569,	-0.0653190624129905,	0.1172942645114962,	-0.0218275815338047,	-0.0293556676231397,	
  0.1025847626192080,	0.0981242005420534,	-0.0941122944414027,	-0.1155798964828038,	0.0025655970792327,	0.0912352659088120,	-0.0332774816192628,	0.1080461270394166,	-0.0016443306439477,	0.0693719978081886,	-0.0428227536099151,	0.0636354906520368,	
  -0.1227017530142614,	-0.0014268553736450,	0.0108615190068705,	0.0555253655980873,	0.0133356174016352,	0.1219662001634675,	-0.1061560343629407,	0.0114665134285394,	0.0509511245109799,	-0.0960259915208576,	-0.0928817315950854,	0.1228650650611893,	
  -0.0205523476592510,	0.0646128333324340,	-0.0677595026862750,	0.0045225946558845,	-0.1104604305597944,	0.0775994887063328,	0.0422120948086813,	0.0747484180624153,	0.1014041843286260,	-0.0387462094499396,	0.0387810028145747,	-0.0202337766123217,	
  -0.1144467501573132,	-0.0707785717342086,	-0.0648968054749590,	0.0911632723390612,	-0.1179317884594658,	-0.0955934230287975,	0.0490690903687753,	0.0897185155311305,	-0.1033650463328654,	-0.1169246696482041,	-0.0191512338704396,	-0.0362735016725253,	
};

const PROGMEM tinytype coeff_d2p_data[12*4] = {
  -0.0507572887982679,	-0.0652963947236212,	-0.0154861018568302,	0.0084455866246917,	
  0.0092274496090964,	-0.0147798833717767,	-0.0055333645095914,	0.0165002119497105,	
  0.0069465756400753,	0.0084641965409138,	0.0065973229149230,	-0.0127585960069264,	
  -0.0245194612078834,	0.0182437907005380,	0.0258447248452145,	-0.0124727891575538,	
  0.0195031414700900,	-0.0124644265687019,	-0.0330157528961118,	-0.0598039013687026,	
  0.0173908531568127,	0.0570068484767272,	-0.0520657929653680,	-0.0172181456706608,	
  -0.0503233687268420,	0.0570145760358361,	-0.0584646672237109,	0.0331864856103054,	
  -0.0042153351344050,	-0.0556800572953874,	-0.0572845874980779,	0.0072554895878789,	
  -0.0076493026402842,	0.0015120524891802,	-0.0095535390671719,	0.0058626579573258,	
  -0.0108250646293103,	0.0178943820137129,	0.0038955885176396,	0.0450599382781319,	
  -0.0012058629811438,	-0.0303603003016379,	-0.0394328516362334,	0.0274441172839206,	
  -0.0013550962171729,	0.0014481203649134,	0.0119425941733047,	-0.0071692753440613,	
};

const PROGMEM tinytype dKinf_drho_data[4*12] = {
  -0.0000258660677661,	0.0000391854087259,	0.0000161016115149,	0.0000131396437921,	0.0000098437842123,	0.0000891559764408,	-0.0000023239686826,	-0.0000205383785726,	-0.0000156988785259,	0.0000428377420654,	-0.0001177909140235,	-0.0001089717946842,	
  -0.0000646552080939,	-0.0000129982629416,	-0.0000441745802650,	0.0000294886935014,	0.0000365767832537,	-0.0000114925503766,	-0.0000003352194094,	-0.0000535293040294,	-0.0000046894465525,	0.0000308944927498,	-0.0000184927548140,	-0.0001185473972499,	
  -0.0000054310424647,	0.0000893770765475,	-0.0001443249147662,	-0.0000401998829120,	-0.0000023314039251,	0.0000427502630731,	0.0001716595265684,	-0.0000318200065695,	-0.0000150103762274,	0.0001616773415380,	0.0000627557149906,	0.0000045176464829,	
  0.0001360677521923,	-0.0000081168987838,	0.0000750571375260,	-0.0000746661815163,	0.0000635130303753,	-0.0000050701470139,	-0.0000166373382619,	0.0001076033391252,	-0.0001038103765024,	0.0001083116254966,	0.0000332320038962,	-0.0000869328943181,	
};

const PROGMEM tinytype dPinf_drho_data[12*12] = {
  0.0003028573139588,	-0.0000352089107159,	0.0001874959509400,	-0.0001441552434745,	0.0000586813062208,	-0.0000506194766015,	-0.0000769777716400,	0.0002308544570103,	-0.0001418317894833,	0.0000838425607771,	0.0000981521950966,	0.0000207825357507,	
  -0.0000352089107159,	0.0001405115805605,	-0.0001446643261812,	-0.0000252156223499,	-0.0000212682297094,	0.0000928065731804,	0.0001979154496194,	-0.0000566631135265,	0.0000167932687902,	0.0001443456699802,	0.0000208637779006,	0.0000168768388427,	
  0.0001874959509400,	-0.0001446643261812,	0.0003710747108479,	-0.0000203839006083,	0.0000421366165173,	-0.0000690919925542,	-0.0003246214760321,	0.0001894293740179,	-0.0000523360892985,	-0.0002192885632674,	-0.0000637104432674,	0.0000104995649497,	
  -0.0001441552434745,	-0.0000252156223499,	-0.0000203839006083,	0.0000920841776353,	-0.0000342211849939,	-0.0000005676284274,	-0.0000464630831780,	-0.0000967477234407,	0.0000809041693225,	-0.0001299829629526,	-0.0000776688996438,	-0.0000040519815964,	
  0.0000586813062208,	-0.0000212682297094,	0.0000421366165173,	-0.0000342211849939,	0.0000699676929841,	-0.0000021789090602,	-0.0000353907380308,	0.0000376780897894,	-0.0000628521208025,	0.0000822564188643,	0.0000015687209145,	-0.0001116662920777,	
  -0.0000506194766015,	0.0000928065731804,	-0.0000690919925542,	-0.0000005676284274,	-0.0000021789090602,	0.0001148042428562,	0.0000986688181725,	-0.0000547999500264,	0.0000084382471306,	0.0000993948730119,	-0.0000666850255467,	-0.0000451261530029,	
  -0.0000769777716400,	0.0001979154496194,	-0.0003246214760321,	-0.0000464630831780,	-0.0000353907380308,	0.0000986688181725,	0.0003732052286582,	-0.0001062604464542,	0.0000077906472012,	0.0002832315232951,	0.0001083480728984,	0.0000339815660943,	
  0.0002308544570103,	-0.0000566631135265,	0.0001894293740179,	-0.0000967477234407,	0.0000376780897894,	-0.0000547999500264,	-0.0001062604464542,	0.0001988136312462,	-0.0001087125338026,	0.0000048713302140,	0.0000607144619437,	0.0000202821947901,	
  -0.0001418317894833,	0.0000167932687902,	-0.0000523360892985,	0.0000809041693225,	-0.0000628521208025,	0.0000084382471306,	0.0000077906472012,	-0.0001087125338026,	0.0001232756849036,	-0.0001401051218122,	-0.0000315537777517,	0.0001081482788853,	
  0.0000838425607771,	0.0001443456699802,	-0.0002192885632674,	-0.0001299829629526,	0.0000822564188643,	0.0000993948730119,	0.0002832315232951,	0.0000048713302140,	-0.0001401051218122,	0.0004491472592466,	0.0000877790882619,	-0.0001761291888186,	
  0.0000981521950966,	0.0000208637779006,	-0.0000637104432674,	-0.0000776688996438,	0.0000015687209145,	-0.0000666850255467,	0.0001083480728984,	0.0000607144619437,	-0.0000315537777517,	0.0000877790882619,	0.0001859166558072,	0.0001208592750460,	
  0.0000207825357507,	0.0000168768388427,	0.0000104995649497,	-0.0000040519815964,	-0.0001116662920777,	-0.0000451261530029,	0.0000339815660943,	0.0000202821947901,	0.0001081482788853,	-0.0001761291888186,	0.0001208592750460,	0.0003714236786126,	
};

const PROGMEM tinytype dC1_drho_data[4*4] = {
  -0.0001124567694704,	-0.0000001157201542,	0.0000045500863641,	-0.0000116245712375,	
  -0.0000001157201542,	-0.0000768971606471,	0.0000011612535651,	-0.0000050661537033,	
  0.0000045500863641,	0.0000011612535651,	-0.0000853110567944,	-0.0000076112063178,	
  -0.0000116245712375,	-0.0000050661537033,	-0.0000076112063178,	-0.0001025997397686,	
};

const PROGMEM tinytype dC2_drho_data[12*12] = {
  -0.0000979083378819,	0.0000328000810917,	-0.0000716394442524,	0.0000385187029534,	0.0000307520555938,	0.0000563037769286,	0.0000361459144233,	-0.0000854174013623,	-0.0000024993779547,	0.0000741437639996,	-0.0000849860477015,	-0.0001672451101862,	
  -0.0001496142939422,	-0.0000085453476228,	-0.0001227939554903,	0.0000716779760085,	-0.0000263878538341,	-0.0000385359362412,	0.0000384060974553,	-0.0001240908041603,	0.0000841386334171,	-0.0000581168258328,	0.0000197872883085,	0.0000241158697873,	
  0.0000896083449242,	-0.0000401892522742,	0.0001013701774623,	-0.0000296792767684,	0.0000081153338722,	-0.0000320218178014,	-0.0000722179465257,	0.0000825480235757,	-0.0000300823056198,	-0.0000417866783452,	0.0000214859393404,	0.0000380492287802,	
  0.0000601086265490,	-0.0000305740757662,	0.0001416410549766,	-0.0000037768349123,	0.0000075097554073,	0.0000255733167056,	-0.0001127853067903,	0.0000657846499487,	-0.0000269599950173,	-0.0000610595893276,	-0.0000840586125278,	-0.0000295525447714,	
  0.0001229002134740,	0.0000234716187055,	-0.0000182296125663,	-0.0000909825008491,	0.0000638240247384,	-0.0000143825877978,	0.0000748825651298,	0.0000822778073298,	-0.0001030783722785,	0.0001807232168807,	0.0001001426519270,	-0.0000689185142187,	
  0.0000931596923821,	0.0000760049349043,	-0.0000619028095085,	-0.0000804124940589,	-0.0000251205038173,	0.0000272129882815,	0.0001373687796341,	0.0000535130923893,	-0.0000275659832184,	0.0001177270770868,	0.0000998366746287,	0.0001205037206038,	
  -0.0000231606282470,	0.0001154879206637,	-0.0001047295512528,	-0.0000191216856577,	-0.0000546771660306,	0.0001059658782184,	0.0001505088641427,	-0.0000394627364678,	0.0000257038319973,	0.0000906391399980,	-0.0000215347635164,	0.0000738326766456,	
  -0.0000637097155846,	0.0000500089239335,	-0.0001240193763796,	0.0000048241812335,	0.0000148844889798,	0.0000261997412587,	0.0001058892869036,	-0.0000686367398853,	-0.0000004147393803,	0.0001078137136153,	0.0000128849848107,	-0.0000709341370963,	
  -0.0000552833519757,	0.0000630004108445,	-0.0000817879370744,	0.0000105992106260,	-0.0000244388849574,	0.0000617742820161,	0.0000846722171788,	-0.0000562195538485,	0.0000245880484930,	0.0000503139123760,	-0.0000318346710654,	0.0000010755008523,	
  -0.0000518250527271,	0.0000075066445761,	-0.0000165529899094,	0.0000315529816009,	-0.0000359953101426,	0.0000141612788371,	-0.0000002436228861,	-0.0000392336432242,	0.0000477146975525,	-0.0000586834337909,	-0.0000289930354876,	0.0000521103575952,	
  -0.0001349124420169,	0.0000828785404983,	-0.0002153894674321,	0.0000280637452011,	-0.0000129984477440,	0.0000393127796495,	0.0001747324880219,	-0.0001349291400016,	0.0000435133931373,	0.0001151717844510,	0.0000222430726787,	-0.0000349294766792,	
  0.0000479928301278,	-0.0000470091161734,	0.0001045630020445,	-0.0000027205988147,	0.0000173829703970,	-0.0000185950219281,	-0.0000969898960591,	0.0000529086778935,	-0.0000233302326600,	-0.0000548136993137,	-0.0000283110997155,	-0.0000233691271256,	
};

