#pragma once

typedef float tinytype;

const PROGMEM tinytype Adyn_data[12*12] = {
  0.1504266559870513,	0.0755795539441378,	-0.1376006918464867,	-0.0843166982337056,	-0.0743626355239368,	-0.0743122718333643,	0.0675753516119989,	-0.0140659113660255,	-0.1365706932933267,	-0.1417088805204549,	0.0596957826032092,	0.0551059264109658,	
  0.1203836132509375,	0.0071619808718019,	-0.1453352415906979,	-0.0181712209475690,	-0.1515072333773968,	-0.1323181726704316,	0.1502531913357154,	-0.1506197879174829,	0.0359981897008573,	-0.0292512263835353,	0.0057037802391194,	-0.0302004458069670,	
  -0.1285604570037159,	0.0853075678793290,	0.0759154019807983,	-0.1086645502214755,	-0.0583060033955860,	0.0191919499467203,	-0.0265156296521321,	-0.0095070212467925,	-0.1029936874027022,	-0.0523885039095372,	-0.0067415725830099,	-0.0204014698393144,	
  0.1146012725279580,	-0.0278942169483293,	0.0247304007912677,	-0.1269026851411839,	-0.1205821760376641,	-0.0460333523031252,	-0.0501081757561601,	0.1221841115873857,	-0.0847167640080145,	-0.0353638000055876,	-0.0455609744548671,	-0.0514947241886013,	
  -0.0582917230458144,	0.1430835306309791,	-0.1190082992766269,	0.0123930248647887,	0.0772895605186891,	-0.0057999834983845,	0.0257692255193835,	-0.0060955571296258,	-0.0896783834229203,	0.0986678010467944,	-0.0760716907406737,	0.1472152432066136,	
  -0.0286057372804397,	0.0573739182474163,	-0.0305022180403633,	-0.1179988574804494,	-0.1212407882905682,	0.0112032723092893,	-0.0466786268597869,	0.1228645755502771,	-0.0557139576847402,	-0.1071271397660434,	0.0270495077564588,	0.0031753247022002,	
  -0.1124633965283580,	0.1061945777383793,	0.0059636609290626,	0.0378198793538664,	0.0337748103843924,	0.0710851496070355,	0.0744618562749507,	0.0297834166414864,	-0.1532991049158187,	0.0629157308777067,	-0.0396054447347771,	-0.0226731440153322,	
  -0.0846428895725384,	-0.1289870371218733,	0.0724680261206540,	-0.0778744691701472,	-0.0114487512019591,	0.0740764773054696,	0.0486777725042636,	-0.1370470723607665,	0.0386643427800865,	0.0281388725338662,	-0.1008096654745114,	-0.0782398508355307,	
  -0.0327871986083693,	0.1244302248125270,	0.0938376175524660,	-0.0907821619054822,	-0.0501826194701019,	0.1204411066618167,	-0.1342322239541723,	0.1029771892895346,	-0.0817348020300883,	-0.0058426351509432,	0.0811833522366938,	0.0966257219112159,	
  0.1080186320811309,	-0.0651440829516985,	-0.1436519789652035,	0.0414766427024870,	0.1029310156201669,	0.1098694109930804,	0.0319372580834180,	0.0417162706524581,	0.1065059677336008,	-0.1100184704744209,	0.0385146883029202,	0.0956877658819080,	
  -0.0552512455764036,	0.0537186667143358,	0.0505328238555664,	-0.1172378582907232,	-0.0860235922205456,	0.0258065862624323,	0.0309253442177055,	-0.1342874163371618,	0.1357132047296505,	-0.1227300251018891,	-0.0253117608623220,	0.0627695181133664,	
  0.0469624922003670,	-0.0949787738232946,	0.0097793010453749,	-0.1459423192991880,	-0.0703867620952387,	0.1287168763572049,	-0.1289506145426120,	-0.0614818610538408,	0.0401097021755079,	-0.0146017746685273,	-0.1438480031005995,	0.0403973011797016,	
};

const PROGMEM tinytype Bdyn_data[12*4] = {
  0.2605216950863030,	-0.2504056299578146,	0.6566445405189758,	0.1142840791540771,	
  -0.3779717298842757,	-0.7762363332852515,	-0.0014200556831956,	0.1986055951469099,	
  0.7012465486762021,	0.0837031565116240,	0.4177819002164633,	-0.2789763040877140,	
  -0.2373851275715031,	-0.8657919966867191,	-0.0323625890260031,	-0.8195803765952789,	
  0.1426717893817568,	0.1585863502243885,	0.9448258605319491,	0.9516783280028578,	
  0.6601854559079852,	-0.2238823065714859,	0.1543789658786199,	0.3617785367025708,	
  -0.1224927174332635,	-0.0797678969697411,	0.5691711220786693,	0.8658629608381612,	
  0.0614952086917522,	0.9672581161171174,	0.9352181779658102,	-0.4323741582140153,	
  0.2818055195426128,	0.8091208664986640,	-0.4808972991329574,	-0.9956763775870794,	
  -0.4872471968303747,	-0.5349393508884044,	0.4075080165791742,	-0.5492539686309630,	
  0.9311302602762248,	-0.7460233236667415,	0.1821088693967019,	-0.0446598812842274,	
  -0.5747556457169056,	0.3646077303622668,	-0.5286618485902495,	0.5392664722564031,	
};

const PROGMEM tinytype Q_data[12] = {
  1.6338481361722412,2.5067500989504028,4.2661588748526356,4.2813115002285711,1.1419468022189225,6.8171271890468192,8.8035308976367759,8.5672236083387379,4.5715626770189219,2.2469328654053178,
  5.1120542583792448,6.1374794835264197,
};

const PROGMEM tinytype Qf_data[12] = {
  14.7046332255501717,22.5607508905536243,38.3954298736737201,38.5318035020571372,10.2775212199703034,61.3541447014213759,79.2317780787309829,77.1050124750486390,41.1440640931703001,20.2223957886478587,
  46.0084883254132038,55.2373153517377773,
};

const PROGMEM tinytype R_data[4] = {
  0.1000000000000000,0.1000000000000000,0.1000000000000000,0.1000000000000000,
};

const PROGMEM tinytype umin[4] = {
  -3.0,	
  -3.0,	
  -3.0,	
  -3.0,	
};

const PROGMEM tinytype umax[4] = {
  3.0,	
  3.0,	
  3.0,	
  3.0,	
};

const PROGMEM tinytype xmin[12] = {
  -10000.0,	
  -10000.0,	
  -10000.0,	
  -10000.0,	
  -10000.0,	
  -10000.0,	
  -10000.0,	
  -10000.0,	
  -10000.0,	
  -10000.0,	
  -10000.0,	
  -10000.0,	
};

const PROGMEM tinytype xmax[12] = {
  10000.0,	
  10000.0,	
  10000.0,	
  10000.0,	
  10000.0,	
  10000.0,	
  10000.0,	
  10000.0,	
  10000.0,	
  10000.0,	
  10000.0,	
  10000.0,	
};

const PROGMEM tinytype rho_value = 85.0;

const PROGMEM tinytype Kinf_data[4*12] = {
  -0.0127508909290822,	0.0128804807344402,	0.0073199650128568,	-0.0106440929480643,	-0.0087352968265800,	-0.0004335645226757,	-0.0014614970575142,	0.0014924989405329,	-0.0011885143090925,	-0.0110545717958239,	0.0064851245012687,	0.0027783127036255,	
  -0.0129247717813834,	-0.0085691625544687,	0.0126758734811550,	-0.0021548763250956,	0.0066807321383656,	0.0146541315064723,	-0.0078339767003528,	-0.0064098755069812,	-0.0014325941729535,	0.0105907099744321,	-0.0053866348087475,	-0.0024888776869055,	
  -0.0126419381724403,	-0.0018015280229244,	-0.0004831470305480,	-0.0023907291525987,	0.0019965152842802,	0.0026989942279876,	0.0168197483535277,	-0.0110391272980322,	-0.0054359401722741,	0.0012422220669326,	-0.0084349386641319,	-0.0075963033509887,	
  -0.0066782954285886,	0.0070242957361315,	-0.0086591021304859,	0.0070728489418364,	0.0032694489156163,	0.0008586972329059,	0.0069278599190146,	-0.0021408811691551,	-0.0070692739569318,	0.0050834510986818,	-0.0064659650902369,	0.0000856668792527,	
};

const PROGMEM tinytype Pinf_data[12*12] = {
  2.0461554497353069,	-0.1502208753395857,	-0.2089629290339208,	0.0036321572124658,	-0.0654308848753384,	-0.1605039577502879,	-0.0412716002378171,	0.0409581416794734,	0.1306397193884619,	-0.0974118614332150,	0.0488486214857141,	0.0562933023020457,	
  -0.1502208753395857,	3.0036315206872484,	0.0020093794451684,	0.0518639090438547,	-0.0033234446035134,	0.0044241855189812,	-0.0281148344251408,	0.3047199209056864,	-0.3500837155157150,	-0.0136350200315445,	0.2129419003787714,	0.1487822584962452,	
  -0.2089629290339207,	0.0020093794451684,	4.5378856905213265,	-0.1180640057215866,	-0.0289662142024119,	0.1326732920911685,	-0.1106882327994091,	-0.0314724219626094,	-0.0264897490010177,	0.0523579494121266,	-0.0632574752673187,	-0.0535262344872953,	
  0.0036321572124658,	0.0518639090438547,	-0.1180640057215866,	4.8335112125127280,	0.3899128053113334,	-0.1715356727435481,	0.2063842900084405,	0.0702474477193367,	-0.0053854735948359,	0.2333985764836317,	0.1918082681647119,	-0.0351912527829428,	
  -0.0654308848753383,	-0.0033234446035134,	-0.0289662142024119,	0.3899128053113335,	1.5239363949134628,	0.0083218937716252,	0.0943830535447417,	0.0395670994180549,	0.0090682128590610,	0.2005167862021944,	0.0806704406842487,	0.0151615610652306,	
  -0.1605039577502878,	0.0044241855189813,	0.1326732920911685,	-0.1715356727435481,	0.0083218937716252,	7.1598644911377596,	-0.1543606685376575,	0.0099299278047039,	-0.0424723656065037,	0.0034534675537577,	-0.1287761158663546,	0.0841742054426748,	
  -0.0412716002378170,	-0.0281148344251408,	-0.1106882327994091,	0.2063842900084405,	0.0943830535447417,	-0.1543606685376575,	9.1611985465396852,	-0.2282612858825850,	0.0480955785970117,	0.0652674108154587,	-0.0062108291041150,	-0.1221672381284589,	
  0.0409581416794734,	0.3047199209056864,	-0.0314724219626095,	0.0702474477193368,	0.0395670994180549,	0.0099299278047039,	-0.2282612858825851,	9.2111304326885826,	-0.3866233061183078,	-0.0068670028701695,	0.2413722056841975,	0.0925000238457789,	
  0.1306397193884618,	-0.3500837155157150,	-0.0264897490010177,	-0.0053854735948358,	0.0090682128590610,	-0.0424723656065037,	0.0480955785970117,	-0.3866233061183077,	5.1253198982468771,	-0.0974937569114453,	-0.0814956955081818,	0.0118763252947320,	
  -0.0974118614332150,	-0.0136350200315445,	0.0523579494121267,	0.2333985764836317,	0.2005167862021943,	0.0034534675537577,	0.0652674108154587,	-0.0068670028701694,	-0.0974937569114453,	2.5191221514398840,	-0.0417096160060344,	-0.0774784157825812,	
  0.0488486214857141,	0.2129419003787714,	-0.0632574752673187,	0.1918082681647119,	0.0806704406842487,	-0.1287761158663546,	-0.0062108291041150,	0.2413722056841974,	-0.0814956955081818,	-0.0417096160060344,	5.4145210828528780,	0.0776276890409827,	
  0.0562933023020457,	0.1487822584962452,	-0.0535262344872954,	-0.0351912527829428,	0.0151615610652306,	0.0841742054426748,	-0.1221672381284589,	0.0925000238457789,	0.0118763252947321,	-0.0774784157825812,	0.0776276890409826,	6.3499541734366804,	
};

const PROGMEM tinytype Quu_inv_data[4*4] = {
  0.0101266062241145,	0.0001360893715474,	-0.0003697514726252,	0.0002581418482986,	
  0.0001360893715474,	0.0093482347980287,	-0.0002142679298888,	0.0003619294991261,	
  -0.0003697514726252,	-0.0002142679298888,	0.0097330740798676,	-0.0001963392116286,	
  0.0002581418482986,	0.0003619294991261,	-0.0001963392116286,	0.0094290056084890,	
};

const PROGMEM tinytype AmBKt_data[12*12] = {
  0.1595765866116645,	0.0704583410929479,	-0.1350267380821334,	-0.0813217290422866,	-0.0720986550680551,	-0.0724002570848598,	0.0541580914114594,	-0.0085663573288624,	-0.1322424032760725,	-0.1375736072010065,	0.0629351365822506,	0.0587371674540032,	
  0.1068398540747902,	0.0039811204308636,	-0.1310099681635200,	-0.0252751828114710,	-0.1502695972960584,	-0.1212736878479197,	0.1422677426526710,	-0.1546217289681515,	0.0358332112672960,	-0.0262164859372400,	0.0052458710750482,	-0.0311100805331804,	
  -0.1151186077760286,	0.0797046990374783,	0.0675074569326125,	-0.0980480862021142,	-0.0526616141864701,	0.0173813537519714,	-0.0299293089796473,	-0.0060024117017218,	-0.1017414556975751,	-0.0446238149412746,	-0.0091182517607167,	-0.0189439280373563,	
  0.0945017109588394,	-0.0265570219102579,	0.0303302553567917,	-0.1255757111653467,	-0.1141274925946629,	-0.0326577264534424,	-0.0510154391060879,	0.1148769107902680,	-0.0922089875079848,	-0.0246121407184016,	-0.0542575622114591,	-0.0531656696053778,	
  -0.0361228190965019,	0.1376220618534647,	-0.1133657026480578,	0.0097811162973359,	0.0724785450720282,	-0.0114293543943433,	0.0047352743359886,	0.0071755072983221,	-0.0774179344078988,	0.0925539407691844,	-0.0620196212754481,	0.1543092149282937,	
  -0.0187136989679318,	0.0446888069237521,	-0.0292895836499688,	-0.1136439474530651,	-0.1154692110613609,	0.0140429798976080,	-0.0525706229130037,	0.1229229256565438,	-0.0518533439014984,	-0.0994888561258091,	0.0252035751522620,	0.0019256244035895,	
  -0.1020783548837645,	0.1020320989720003,	0.0156440202512586,	0.0315807815993942,	0.0292704545284285,	0.0699212666608847,	0.0580860413373498,	0.0375917967823663,	-0.1443439616409045,	0.0572978160531645,	-0.0288411815603241,	-0.0182819327570684,	
  -0.0624217324499985,	-0.1167685872324413,	0.0564649177320918,	-0.0698416163687898,	-0.0178271168467947,	0.0577759418409895,	0.0436104183073854,	-0.1215405189625103,	0.0421503377435813,	0.0196109297867853,	-0.0909054115659984,	-0.0688620754883781,	
  -0.0314651195461435,	0.1338614978515541,	0.0726644897297712,	-0.0801464689416492,	-0.0489110525252736,	0.1108592475400007,	-0.1124952539767470,	0.1003026475647808,	-0.0898935683318731,	-0.0056377068215607,	0.0732198990606961,	0.0942888356500854,	
  0.0963754380742571,	-0.0588598276532181,	-0.1378636829216554,	0.0399966417541338,	0.1032307150500626,	0.1168690105690873,	0.0239854175917380,	0.0423372373259855,	0.1034928788927987,	-0.1074535018352804,	0.0386788722473406,	0.0988526997296988,	
  -0.0510167292022910,	0.0359742446507905,	0.0528747510790325,	-0.1081831636746291,	-0.0731234809591486,	0.0366894537302995,	0.0236882310630755,	-0.1385443324016176,	0.1364253376844442,	-0.1045350554668524,	-0.0341215038202752,	0.0597129663658259,	
  0.0412643877680721,	-0.0891916282081328,	0.0137789128591461,	-0.1563524248394770,	-0.0785508925674769,	0.1240884617213863,	-0.1217782930846052,	-0.0629684087096283,	0.0408873800241407,	-0.0269015262724726,	-0.1391289845713907,	0.0388395430884995,	
};

const PROGMEM tinytype coeff_d2p_data[12*4] = {
  0.0039652260842661,	-0.0020811960158989,	0.0102060209403585,	0.0001789175981418,	
  -0.0117713503009288,	-0.0225826973192320,	0.0035633878818090,	0.0063667813889723,	
  0.0313904767918899,	0.0038572078015413,	0.0156575547830820,	-0.0114451059462785,	
  -0.0142974921526162,	-0.0424225068139548,	0.0067076361858957,	-0.0360418767069022,	
  0.0002503432013205,	-0.0018488716354351,	0.0148791578955439,	0.0098546755592175,	
  0.0473041573792957,	-0.0106993845532839,	0.0072264148969926,	0.0254214035902808,	
  -0.0132295723007835,	-0.0086736587231847,	0.0483741605352744,	0.0715111793968649,	
  0.0022963148199909,	0.0732061874635982,	0.0835807305537376,	-0.0334569086947585,	
  0.0155402290345877,	0.0377257442987233,	-0.0275652826763456,	-0.0435842930267942,	
  -0.0138368041834480,	-0.0155645557875792,	0.0134958450765429,	-0.0133521868428648,	
  0.0473021061692073,	-0.0383024061259796,	0.0112863435160030,	-0.0030236622246888,	
  -0.0333087788990454,	0.0228574796914935,	-0.0321757091234543,	0.0329146292779863,	
};

const PROGMEM tinytype dKinf_drho_data[4*12] = {
  0.0001271613083432,	-0.0001315779577566,	-0.0000729310133090,	0.0001044974659635,	0.0000869766108928,	0.0000035119154184,	0.0000195709409456,	-0.0000181865831383,	0.0000124906881157,	0.0001090040125055,	-0.0000661858483845,	-0.0000304342701494,	
  0.0001219813750361,	0.0000754615721845,	-0.0001159191334696,	0.0000178621109342,	-0.0000624790726654,	-0.0001365506714066,	0.0000742003445666,	0.0000575619923132,	0.0000152168714242,	-0.0000995101000438,	0.0000500879688008,	0.0000213030366852,	
  0.0001149726140323,	0.0000218286082663,	0.0000077346073594,	0.0000201966564491,	-0.0000202144991219,	-0.0000229881464670,	-0.0001646401395010,	0.0001069278650275,	0.0000503132217396,	-0.0000130746174431,	0.0000820121648963,	0.0000749258449763,	
  0.0000678503548786,	-0.0000666094199913,	0.0000749951554735,	-0.0000623887455201,	-0.0000299769520083,	-0.0000129667946489,	-0.0000582827291689,	0.0000203261647153,	0.0000661823361200,	-0.0000476815947518,	0.0000595541013262,	-0.0000026242183716,	
};

const PROGMEM tinytype dPinf_drho_data[12*12] = {
  0.0005665866200668,	-0.0000857783449191,	-0.0002092013809251,	0.0001342612746594,	-0.0000292083724542,	-0.0002280645331007,	-0.0001339191242667,	0.0002121972461574,	0.0001445777015291,	-0.0000560409956304,	0.0001331391323387,	0.0000994743134483,	
  -0.0000857783449191,	0.0003017394894153,	-0.0000732375330139,	-0.0000546241720233,	-0.0001383376317185,	-0.0001259950469882,	0.0000620177366947,	0.0000967012228472,	-0.0000522407647208,	-0.0001960086422550,	0.0001062384116298,	0.0000748557371508,	
  -0.0002092013809251,	-0.0000732375330139,	0.0003058747439583,	-0.0001704676236745,	-0.0000179144596057,	0.0001734274823223,	-0.0001795984274478,	-0.0000629558256123,	0.0000464167667165,	0.0000079841910433,	0.0000400228838343,	-0.0000151169913304,	
  0.0001342612746594,	-0.0000546241720233,	-0.0001704676236745,	0.0002052945027410,	0.0001196537276882,	-0.0000276334698799,	0.0000471197925117,	0.0000348373774581,	-0.0000339592110129,	0.0001485417904672,	-0.0000784516134936,	-0.0000103764318993,	
  -0.0000292083724542,	-0.0001383376317185,	-0.0000179144596057,	0.0001196537276882,	0.0001619768603571,	0.0001165545440557,	0.0000113165821813,	-0.0000458182020015,	-0.0000497127125948,	0.0001970926131687,	-0.0001234087252538,	-0.0000489663099899,	
  -0.0002280645331007,	-0.0001259950469882,	0.0001734274823223,	-0.0000276334698799,	0.0001165545440557,	0.0002290105088069,	-0.0000716694465167,	-0.0001120607228904,	-0.0000439721686877,	0.0001649038666798,	-0.0001068308106452,	-0.0000516709408360,	
  -0.0001339191242667,	0.0000620177366947,	-0.0001795984274478,	0.0000471197925117,	0.0000113165821813,	-0.0000716694465167,	0.0004092357151274,	-0.0001685285476594,	-0.0001260202047441,	-0.0000024735230985,	-0.0001590031357380,	-0.0001218091218325,	
  0.0002121972461574,	0.0000967012228472,	-0.0000629558256123,	0.0000348373774581,	-0.0000458182020015,	-0.0001120607228904,	-0.0001685285476594,	0.0002347374173710,	0.0000575838585589,	-0.0001016257777627,	0.0001637060685245,	0.0001215404506977,	
  0.0001445777015291,	-0.0000522407647208,	0.0000464167667165,	-0.0000339592110129,	-0.0000497127125948,	-0.0000439721686877,	-0.0001260202047441,	0.0000575838585589,	0.0001000817955052,	-0.0000486763868230,	0.0000851801729777,	0.0000336052967956,	
  -0.0000560409956304,	-0.0001960086422550,	0.0000079841910433,	0.0001485417904672,	0.0001970926131687,	0.0001649038666798,	-0.0000024735230985,	-0.0001016257777627,	-0.0000486763868230,	0.0002782623017590,	-0.0001723054999787,	-0.0000743424349993,	
  0.0001331391323387,	0.0001062384116298,	0.0000400228838343,	-0.0000784516134936,	-0.0001234087252538,	-0.0001068308106452,	-0.0001590031357380,	0.0001637060685245,	0.0000851801729777,	-0.0001723054999787,	0.0001899015263071,	0.0000988501237423,	
  0.0000994743134483,	0.0000748557371508,	-0.0000151169913304,	-0.0000103764318993,	-0.0000489663099899,	-0.0000516709408360,	-0.0001218091218325,	0.0001215404506977,	0.0000336052967956,	-0.0000743424349993,	0.0000988501237423,	0.0000838168167846,	
};

const PROGMEM tinytype dC1_drho_data[4*4] = {
  -0.0001028525179131,	-0.0000028710624479,	0.0000074463562872,	-0.0000051312014086,	
  -0.0000028710624479,	-0.0000876204306241,	0.0000042242723140,	-0.0000068485495073,	
  0.0000074463562872,	0.0000042242723140,	-0.0000949980351478,	0.0000039446554389,	
  -0.0000051312014086,	-0.0000068485495073,	0.0000039446554389,	-0.0000892086355933,	
};

const PROGMEM tinytype dC2_drho_data[12*12] = {
  -0.0000858338111810,	0.0000464536748927,	-0.0000236763324089,	-0.0000288830676869,	-0.0000216047768088,	-0.0000185310479923,	0.0001282523661020,	-0.0000533847094030,	-0.0000400451946767,	-0.0000392811760856,	-0.0000308737671725,	-0.0000356365526981,	
  0.0001294375623783,	0.0000221032671275,	-0.0001324299782974,	0.0000657817417863,	-0.0000096989415143,	-0.0001021255542141,	0.0000763357437472,	0.0000339226490424,	0.0000034602807961,	-0.0000265916551934,	0.0000021524057394,	0.0000056604806717,	
  -0.0001284864906551,	0.0000582501697243,	0.0000785359110843,	-0.0001006163815707,	-0.0000556799600301,	0.0000149536067205,	0.0000325893121100,	-0.0000310668501225,	-0.0000125894019599,	-0.0000759490746398,	0.0000245710616490,	-0.0000124759611421,	
  0.0001951263325150,	-0.0000197859682758,	-0.0000559597262341,	-0.0000102079584769,	-0.0000586696423452,	-0.0001287620883346,	0.0000157923524971,	0.0000656388761831,	0.0000720097591644,	-0.0000997811446473,	0.0000791177252362,	0.0000114933920123,	
  -0.0002106877237398,	0.0000495717952185,	-0.0000498907307552,	0.0000225501662782,	0.0000451268164829,	0.0000552140340609,	0.0001964632887342,	-0.0001269060164539,	-0.0001147167849333,	0.0000579599231092,	-0.0001326639765896,	-0.0000673307232594,	
  -0.0000989367300820,	0.0001244883453915,	-0.0000061299469983,	-0.0000455357264880,	-0.0000574429411138,	-0.0000246498004872,	0.0000501941086713,	0.0000010326459365,	-0.0000365500342142,	-0.0000749727909196,	0.0000207023956384,	0.0000142440469213,	
  -0.0000988816689388,	0.0000351524854682,	-0.0000875179860172,	0.0000567497519011,	0.0000431316187605,	0.0000138494805015,	0.0001524893725626,	-0.0000760960509992,	-0.0000831978302191,	0.0000541419077853,	-0.0001023565189121,	-0.0000424020917870,	
  -0.0002039950247489,	-0.0001141141073272,	0.0001418010523612,	-0.0000695669268209,	0.0000610284529318,	0.0001477562047403,	0.0000558001007228,	-0.0001457712912656,	-0.0000339250675537,	0.0000811600579153,	-0.0000953274947798,	-0.0000899406297682,	
  -0.0000116854193033,	-0.0000798022451783,	0.0001927354083404,	-0.0000963070519671,	-0.0000135258086254,	0.0000855306517475,	-0.0002027579813410,	0.0000302100739599,	0.0000742594480874,	-0.0000039652197592,	0.0000768603571468,	0.0000247585780517,	
  0.0001176264434027,	-0.0000692244477779,	-0.0000595056655427,	0.0000179736779094,	0.0000007292058569,	-0.0000690893660323,	0.0000843087266719,	-0.0000104789224077,	0.0000300740256615,	-0.0000209812625140,	-0.0000061651317282,	-0.0000354074250335,	
  -0.0000453101352638,	0.0001718623589816,	-0.0000166293696840,	-0.0000904394655539,	-0.0001252549273255,	-0.0001015327865964,	0.0000645116222305,	0.0000413119182095,	-0.0000064851053330,	-0.0001754822406692,	0.0000867189756625,	0.0000304689739194,	
  0.0000528035407434,	-0.0000556788673003,	-0.0000360058805910,	0.0000978692052373,	0.0000782495817200,	0.0000466455251950,	-0.0000714145491724,	0.0000141270749433,	-0.0000074603295515,	0.0001177338572848,	-0.0000450619780781,	0.0000157660682488,	
};

