#pragma once

typedef float tinytype;

const PROGMEM tinytype Adyn_data[12*12] = {
  0.0546928458567634,	0.0733774491311959,	0.1141112377843978,	-0.0098128290830470,	-0.1391654802330940,	0.0950897672654282,	-0.0033581083273661,	-0.0570454666213602,	-0.1402811380947036,	0.0176356004891814,	0.0052838037658394,	0.1142779999093918,	
  0.0580439020448712,	0.0806232921049366,	0.1224967095637959,	0.0998939275188516,	0.1147573814950337,	0.0033981560615569,	-0.0410419040085216,	0.0530246450528023,	0.0551451879620373,	-0.0657071732589201,	0.0812064908778143,	0.0825079973576522,	
  0.0326373231262459,	0.0739701623572055,	-0.1095749282598507,	-0.0596313303975911,	0.0370211762040398,	0.1233793894333341,	0.0918107715212989,	0.0936577992819714,	-0.1174877973160138,	0.0578427903685609,	0.0830204137044284,	-0.1084655974157213,	
  0.0513605414999051,	0.1229767800901949,	0.1217433914868808,	0.0905481748365505,	0.0287301729136750,	-0.0059338021931792,	0.0176646758588528,	0.0727928904625607,	-0.1356733283586264,	0.1034244859150442,	-0.0597033090900830,	-0.0298465270704358,	
  -0.0349020814787688,	0.0260605750589666,	0.1189293220743501,	-0.0138723395818891,	-0.0275553770341024,	0.0388587287397675,	-0.0968127206165432,	0.0188295223798379,	-0.0875929347858627,	0.0235579688172673,	-0.0967563723455328,	0.0614307383724983,	
  -0.0059618750030271,	-0.0362093757781726,	-0.1386042716409508,	0.0223627127619927,	-0.0535201401049052,	0.0398571783848657,	0.0872180392675271,	-0.0764146212773482,	-0.0519239020746210,	-0.0970132851283432,	0.1107713131920969,	0.0653469409645324,	
  0.0388306039180941,	-0.1336216821650106,	-0.1351288071863940,	-0.0443137708722058,	-0.0107247645921188,	0.1374943201013325,	0.0135294665091316,	0.1394066779967406,	-0.1370649349505133,	-0.1055514831420918,	-0.1047934270249570,	-0.0564004066962397,	
  0.0075082630624069,	0.0028684936060003,	0.0665043301284499,	-0.0479352184438366,	-0.0027807204519722,	-0.0933072577877438,	-0.0529757585057589,	0.0610626674273360,	-0.1235116696198777,	0.0320128967564096,	0.1350780910938453,	-0.1211062476007620,	
  -0.0939105414091916,	-0.1024694141653178,	0.1159354384296568,	-0.1203631512360834,	-0.1305244619573039,	-0.0428858521136537,	0.0783000400135502,	0.0040428927746247,	-0.0532986349980845,	0.1288012753417667,	0.0384113354211880,	-0.0930403205190020,	
  -0.0423568945922381,	-0.1115051055902569,	0.0351699253043192,	-0.1432133226009572,	0.1063134568283261,	0.0090773594656635,	-0.1049448632250189,	0.0870486551291270,	-0.1067811645683256,	-0.0473925108864631,	0.0181155648002331,	-0.0697241179413084,	
  -0.0026303253474845,	-0.1016436709481435,	-0.0229166753217135,	-0.0136611979733377,	-0.0974743885675707,	-0.0799541625311904,	0.0591689435080255,	-0.0148656204429855,	-0.0506609232479600,	-0.0928324226817695,	-0.0200723281620115,	-0.0517214091298848,	
  -0.1050798602040342,	0.0901157381511536,	0.1038892878859838,	0.1142352605003275,	-0.0070170321826936,	-0.1216298249935609,	0.0818619885978375,	0.0407977037129781,	0.0901228450813485,	-0.0347973680158238,	-0.1253591255853443,	-0.0325172735974828,	
};

const PROGMEM tinytype Bdyn_data[12*4] = {
  -0.7364430524259924,	-0.7555795646664631,	-0.6650727156688236,	-0.7656854128595962,	
  -0.1848633243626852,	0.0585389558359062,	0.4450984446990469,	0.7697690771426220,	
  0.7541695528033399,	-0.8177553653630052,	-0.4598569596892779,	-0.6754974008541597,	
  0.8577403155114514,	0.6280373717614052,	-0.6990071400117173,	-0.3067475809518032,	
  0.5556210237271235,	0.3385674628970312,	0.6876856329071606,	0.0637293904884446,	
  0.3214941487470551,	-0.7268101503816313,	0.2910585412672817,	-0.0889582091295573,	
  0.6795254679924412,	0.3442471090174588,	-0.9761421612212191,	0.2843950134453881,	
  0.3187292081406747,	-0.6756872775156659,	-0.6176309535344504,	-0.1193554246253237,	
  -0.4888114591730111,	-0.9450563403357479,	-0.6176490479150749,	-0.3405295547305369,	
  0.8864735206544159,	-0.6691857074805412,	0.9960154861611803,	-0.3902842826000967,	
  -0.3948680397598303,	-0.0989133035900049,	0.1593622010948494,	-0.4906904616340053,	
  -0.9602039132103777,	-0.7507947130104937,	-0.8600241683544707,	0.2714213559166281,	
};

const PROGMEM tinytype Q_data[12] = {
  2.5263621002643895,4.2767184501322140,2.3495484441707477,0.8164825393611197,4.0275733865199808,9.3997861118296413,9.9513102399296258,3.0535012890666149,2.2667704205932302,6.8303049494431329,
  2.6900528877683954,6.8116673862819344,
};

const PROGMEM tinytype Qf_data[12] = {
  22.7372589023795051,38.4904660511899266,21.1459359975367285,7.3483428542500775,36.2481604786798286,84.5980750064667717,89.5617921593666324,27.4815116015995358,20.4009337853390704,61.4727445449881955,
  24.2104759899155582,61.3050064765374074,
};

const PROGMEM tinytype R_data[4] = {
  0.1000000000000000,0.1000000000000000,0.1000000000000000,0.1000000000000000,
};

const PROGMEM tinytype umin[4] = {
  -3.0,	
  -3.0,	
  -3.0,	
  -3.0,	
};

const PROGMEM tinytype umax[4] = {
  3.0,	
  3.0,	
  3.0,	
  3.0,	
};

const PROGMEM tinytype xmin[12] = {
  -10000.0,	
  -10000.0,	
  -10000.0,	
  -10000.0,	
  -10000.0,	
  -10000.0,	
  -10000.0,	
  -10000.0,	
  -10000.0,	
  -10000.0,	
  -10000.0,	
  -10000.0,	
};

const PROGMEM tinytype xmax[12] = {
  10000.0,	
  10000.0,	
  10000.0,	
  10000.0,	
  10000.0,	
  10000.0,	
  10000.0,	
  10000.0,	
  10000.0,	
  10000.0,	
  10000.0,	
  10000.0,	
};

const PROGMEM tinytype rho_value = 85.0;

const PROGMEM tinytype Kinf_data[4*12] = {
  0.0063043690171399,	-0.0176073533583815,	-0.0184228969927787,	-0.0177986630529265,	0.0090432845089814,	0.0197906269548442,	-0.0091630650995699,	0.0146473408279771,	-0.0253127512932657,	-0.0068589547354748,	0.0049456147475263,	-0.0082691680694259,	
  0.0086176852367155,	-0.0012808942874382,	-0.0035963551711120,	0.0031710625049267,	0.0025333664267209,	0.0061107799183260,	-0.0079806597851294,	0.0013196523547850,	0.0064023706140847,	0.0029218877591237,	-0.0120883561742734,	0.0040498731068074,	
  -0.0011600758623269,	0.0001164289568812,	0.0063370993914196,	-0.0059316706339086,	0.0101573999982434,	-0.0048835471702926,	-0.0135835095641693,	-0.0120135126991877,	0.0062950369663629,	0.0009975998092718,	0.0151490642858391,	0.0098172202908196,	
  0.0008516226358894,	0.0028808986664718,	0.0008798641552159,	0.0103599419521954,	0.0057891226055993,	-0.0010248191152654,	-0.0002656082850367,	0.0041031043146541,	0.0093162113621683,	-0.0059654455985037,	-0.0054914178867060,	0.0038881401671200,	
};

const PROGMEM tinytype Pinf_data[12*12] = {
  2.6744586567979232,	-0.0065704319538963,	-0.1157610207555884,	-0.0004392034526974,	0.0140438525659165,	0.1444434704595262,	-0.0262905177591159,	0.0052778203701639,	-0.0758165556403524,	-0.0318208997818049,	0.0865306852872870,	0.0568966539079277,	
  -0.0065704319538963,	4.7253849989512631,	0.2976869432677931,	0.2664156966627890,	0.0525037679670774,	-0.1620321661280368,	0.0251135388954171,	-0.1264789789865243,	0.2558655050649112,	0.1934575318524195,	0.0539852604860730,	0.1368828970106561,	
  -0.1157610207555884,	0.2976869432677930,	3.0493362452681039,	0.0758041272010178,	0.0926750587947477,	-0.2881270763380596,	-0.1917398385208483,	0.0417758440416679,	0.1486303897366713,	0.2709220557218889,	-0.0906236150672021,	0.0044566818813571,	
  -0.0004392034526975,	0.2664156966627890,	0.0758041272010178,	1.1452527341931296,	-0.0171350118063644,	-0.1204937714437158,	0.1270465415829293,	-0.1199303630097460,	0.2503817166014150,	-0.0393777369164732,	-0.0345787447004448,	0.1712132378750363,	
  0.0140438525659165,	0.0525037679670774,	0.0926750587947477,	-0.0171350118063645,	4.3128048743073659,	-0.0186746039343695,	-0.1400282349400063,	0.1621296710196617,	0.0649396233872610,	0.0012436067962874,	0.0204928641115454,	-0.0754749960807810,	
  0.1444434704595262,	-0.1620321661280368,	-0.2881270763380595,	-0.1204937714437158,	-0.0186746039343695,	9.7751491014821248,	-0.0030332879595754,	0.1086169635933921,	-0.2710865098660913,	-0.1167183719885635,	-0.0106013029797929,	0.0437267586497677,	
  -0.0262905177591159,	0.0251135388954171,	-0.1917398385208483,	0.1270465415829293,	-0.1400282349400063,	-0.0030332879595755,	10.2195317918764896,	-0.0903915075859624,	0.0625129844117183,	-0.0661080679143834,	0.0201560798960436,	0.0212697684654463,	
  0.0052778203701640,	-0.1264789789865243,	0.0417758440416678,	-0.1199303630097460,	0.1621296710196617,	0.1086169635933921,	-0.0903915075859623,	3.4215556159052798,	-0.1968191210347273,	-0.0650494127808741,	-0.1776344546011370,	-0.2185860703659616,	
  -0.0758165556403524,	0.2558655050649112,	0.1486303897366713,	0.2503817166014150,	0.0649396233872610,	-0.2710865098660915,	0.0625129844117183,	-0.1968191210347272,	2.7518111066517448,	0.1057485204320589,	-0.0124481015392292,	0.1070725087220044,	
  -0.0318208997818049,	0.1934575318524194,	0.2709220557218889,	-0.0393777369164732,	0.0012436067962874,	-0.1167183719885635,	-0.0661080679143834,	-0.0650494127808741,	0.1057485204320589,	7.1819490027465873,	0.0450999013276614,	-0.0516850296804146,	
  0.0865306852872870,	0.0539852604860730,	-0.0906236150672022,	-0.0345787447004448,	0.0204928641115454,	-0.0106013029797929,	0.0201560798960437,	-0.1776344546011369,	-0.0124481015392293,	0.0450999013276614,	3.1482614855529651,	0.0668329362073881,	
  0.0568966539079277,	0.1368828970106561,	0.0044566818813571,	0.1712132378750363,	-0.0754749960807809,	0.0437267586497677,	0.0212697684654463,	-0.2185860703659617,	0.1070725087220045,	-0.0516850296804146,	0.0668329362073881,	7.1055097403065002,	
};

const PROGMEM tinytype Quu_inv_data[4*4] = {
  0.0091500952124303,	-0.0002095629893523,	-0.0005780720118107,	0.0002210989344889,	
  -0.0002095629893523,	0.0094320873981457,	0.0000391360800866,	-0.0006497313887030,	
  -0.0005780720118107,	0.0000391360800866,	0.0086839359410122,	0.0002913452286466,	
  0.0002210989344889,	-0.0006497313887030,	0.0002913452286466,	0.0106913605563791,	
};

const PROGMEM tinytype AmBKt_data[12*12] = {
  0.0657275417043778,	0.0617261143380996,	0.1027148218645930,	-0.0165370766699216,	-0.1194033999501712,	0.1102490143939174,	-0.0253736013886134,	-0.0501096042747401,	-0.1427650930474089,	0.0108879113467009,	0.0056627832435975,	0.1207544874625679,	
  0.0585656735554613,	0.0751738713885434,	0.1158035931560560,	0.0910833912275746,	0.1073035220001697,	0.0096615317905970,	-0.0360181831684561,	0.0578439030964894,	0.0401177579328023,	-0.0629982012618962,	0.0803126921358550,	0.0733796565647271,	
  0.0349717182212092,	0.0882012142169881,	-0.0951133738010526,	-0.0393445734270423,	0.0408541687127579,	0.1105130284149277,	0.0857691597550463,	0.0809375124684625,	-0.0839742249508033,	0.0618341048046763,	0.0726622276571672,	-0.0917764915160332,	
  0.0399911335160301,	0.1398488597659930,	0.1445036723384323,	0.1028548669453015,	0.0282582288911631,	-0.0304748140860540,	0.0209599139340969,	0.0522615708923894,	-0.1107244880062838,	0.1063400765880220,	-0.0474485978558624,	-0.0172422152344993,	
  -0.0405790951605724,	0.0360135954492382,	0.1259690743953487,	-0.0016377548944618,	-0.0407917667761227,	0.0292173854018570,	-0.0796614258438960,	0.0182443922713472,	-0.0806189953264453,	0.0260738312993709,	-0.1054793649405153,	0.0576551565857122,	
  -0.0013118628379498,	-0.0312572897245051,	-0.1370614812627514,	0.0330377044898412,	-0.0570276347735523,	0.0392662165326546,	0.0882934549847231,	-0.0763028786283891,	-0.0401361634943271,	-0.0935055489351181,	0.0954976157665357,	0.0684374151646102,	
  0.0302054151917468,	-0.1219217549800279,	-0.1154362636973830,	-0.0420472247543849,	-0.0094733420133364,	0.1174668838940823,	0.0093194229571016,	0.1161053517009444,	-0.1185729064228287,	-0.0992261579144305,	-0.0876433443188310,	-0.0436982185461012,	
  0.0107068838141364,	0.0080307484368026,	0.0739652393636909,	-0.0425466861911040,	0.0030131719344553,	-0.0986246800152426,	-0.0638689500595312,	0.0503556148448001,	-0.1061178060273359,	0.0360774685820465,	0.1340349312549175,	-0.1092066847262631,	
  -0.0831112125936602,	-0.1112336641457615,	0.1077450801665165,	-0.1262023332679953,	-0.1154647510754128,	-0.0308022350248775,	0.0577985664410423,	0.0064269202471943,	-0.0525606280556101,	0.1267946442605962,	0.0368914459808535,	-0.0858674029663848,	
  -0.0406908905448971,	-0.0957454047939969,	0.0431262542020369,	-0.1153618910728917,	0.0921345930415688,	0.0000868571117612,	-0.0887368689673380,	0.0885142896472531,	-0.0826916893394156,	-0.0426787881216577,	-0.0115898636154822,	-0.0679442256546750,	
  0.0013142275514985,	-0.1073278744179143,	-0.0311251690738823,	-0.0143468521077262,	-0.0924309392753713,	-0.0712596551692325,	0.0567957150605321,	-0.0050234685316323,	-0.0564546549967639,	-0.0983379580779934,	-0.0244239368123902,	-0.0542426735284652,	
  -0.0937851097386278,	0.0715655941907258,	0.0887106703641213,	0.0916124419545570,	0.0107327210893592,	-0.1019606570914989,	0.0554616857038261,	0.0444073443004267,	0.0735095734550536,	-0.0367125160324871,	-0.1151671513536790,	-0.0300290153797743,	
};

const PROGMEM tinytype coeff_d2p_data[12*4] = {
  -0.0182485118556991,	-0.0171819462411420,	-0.0139801768880374,	-0.0208582771095403,	
  -0.0054847290009038,	-0.0023399536531237,	0.0164923181924914,	0.0351361267555876,	
  0.0229396704126346,	-0.0229915031469992,	-0.0102652773921630,	-0.0184610643688720,	
  0.0067685482845581,	0.0050391427587785,	-0.0104878880649482,	-0.0020747155883924,	
  0.0201396870449356,	0.0109766638939330,	0.0248265845657578,	0.0020814993615141,	
  0.0248816429235188,	-0.0645215380526057,	0.0224870442940525,	-0.0019616787073875,	
  0.0670185279513994,	0.0316817134967867,	-0.0906218536184980,	0.0285838030502484,	
  0.0143061618667319,	-0.0196868181952896,	-0.0154418322250705,	-0.0031611059065408,	
  -0.0086236570993436,	-0.0207254951172883,	-0.0148134415946455,	-0.0077816177804060,	
  0.0548161391486337,	-0.0461273098995547,	0.0579776823006744,	-0.0239678071097756,	
  -0.0140674299717805,	-0.0010579204552908,	0.0058851219184073,	-0.0156290170711077,	
  -0.0584405278892555,	-0.0494661954232204,	-0.0498331381595621,	0.0204631434272362,	
};

const PROGMEM tinytype dKinf_drho_data[4*12] = {
  -0.0000560172624151,	0.0001603604176979,	0.0001711043256872,	0.0001575148771302,	-0.0000765174027460,	-0.0001816144017321,	0.0000741012775570,	-0.0001402674646300,	0.0002335147683314,	0.0000656675326838,	-0.0000371149861403,	0.0000805203212122,	
  -0.0000789161463635,	0.0000097037311293,	0.0000290291757821,	-0.0000265516396202,	-0.0000186691996681,	-0.0000539116632446,	0.0000735014190568,	-0.0000065774418878,	-0.0000597592091635,	-0.0000338112641468,	0.0001110726480756,	-0.0000376026604950,	
  0.0000130400166661,	-0.0000130653808457,	-0.0000681331034102,	0.0000380742107511,	-0.0000860604706607,	0.0000533486960669,	0.0001124025953351,	0.0001091166797381,	-0.0000713944084405,	-0.0000133401736842,	-0.0001263847141642,	-0.0000897687152155,	
  -0.0000042893625079,	-0.0000278894094563,	-0.0000099458570207,	-0.0001029823340332,	-0.0000650673746344,	0.0000121135894841,	0.0000035231720412,	-0.0000427122379462,	-0.0000917713979239,	0.0000667274713388,	0.0000455295396791,	-0.0000399585121481,	
};

const PROGMEM tinytype dPinf_drho_data[12*12] = {
  0.0001242454416812,	-0.0001237825226596,	-0.0001681386200808,	-0.0000695110907816,	0.0000758289777505,	0.0001869867263488,	-0.0001168439381822,	0.0001206579750974,	-0.0001084903009972,	-0.0000320843547137,	-0.0000873353874453,	-0.0000236497776807,	
  -0.0001237825226596,	0.0003340342567652,	0.0003602631832347,	0.0003403235613579,	-0.0001415778055289,	-0.0003596581469970,	0.0001735355270211,	-0.0002380620720443,	0.0004588913660836,	0.0001216937716772,	-0.0000879998606509,	0.0001471486306600,	
  -0.0001681386200808,	0.0003602631832347,	0.0004606448839180,	0.0002887717842416,	-0.0000973567200866,	-0.0004194526356321,	0.0001279114436906,	-0.0003143897690991,	0.0004827362911177,	0.0001683162278876,	0.0000292699443480,	0.0001821050676069,	
  -0.0000695110907816,	0.0003403235613579,	0.0002887717842416,	0.0004731049889043,	-0.0001579243749739,	-0.0003173601290618,	0.0002151895747136,	-0.0001489870469787,	0.0005318087220305,	0.0000628498579414,	-0.0002736635357352,	0.0001472081356422,	
  0.0000758289777505,	-0.0001415778055289,	-0.0000973567200866,	-0.0001579243749739,	0.0002445637490401,	0.0001484454782839,	-0.0002368530656270,	0.0000660402120496,	-0.0001024088526535,	-0.0000655861277039,	0.0001356453161017,	0.0000375713646504,	
  0.0001869867263488,	-0.0003596581469970,	-0.0004194526356321,	-0.0003173601290618,	0.0001484454782839,	0.0004604198681732,	-0.0001645358441069,	0.0003633228081697,	-0.0005081963618143,	-0.0001132622170058,	-0.0000400711038205,	-0.0001975150104519,	
  -0.0001168439381822,	0.0001735355270211,	0.0001279114436906,	0.0002151895747136,	-0.0002368530656270,	-0.0001645358441069,	0.0003426563551596,	0.0000324067314761,	0.0000960161762081,	0.0000405654020590,	-0.0001636923942600,	-0.0001035069586170,	
  0.0001206579750974,	-0.0002380620720443,	-0.0003143897690991,	-0.0001489870469787,	0.0000660402120496,	0.0003633228081697,	0.0000324067314761,	0.0004278001947124,	-0.0004112952221569,	-0.0000995873702316,	-0.0001564586273616,	-0.0002543783991131,	
  -0.0001084903009972,	0.0004588913660836,	0.0004827362911177,	0.0005318087220305,	-0.0001024088526535,	-0.0005081963618143,	0.0000960161762081,	-0.0004112952221569,	0.0008207653605888,	0.0001327048289635,	-0.0001653643384191,	0.0003390136952426,	
  -0.0000320843547137,	0.0001216937716772,	0.0001683162278876,	0.0000628498579414,	-0.0000655861277039,	-0.0001132622170058,	0.0000405654020590,	-0.0000995873702316,	0.0001327048289635,	0.0001351424817485,	-0.0000302631281192,	0.0000332167975692,	
  -0.0000873353874453,	-0.0000879998606509,	0.0000292699443480,	-0.0002736635357352,	0.0001356453161017,	-0.0000400711038205,	-0.0001636923942600,	-0.0001564586273616,	-0.0001653643384191,	-0.0000302631281192,	0.0004429321077313,	0.0000461974805053,	
  -0.0000236497776807,	0.0001471486306600,	0.0001821050676069,	0.0001472081356422,	0.0000375713646504,	-0.0001975150104519,	-0.0001035069586170,	-0.0002543783991131,	0.0003390136952426,	0.0000332167975692,	0.0000461974805053,	0.0002243890890454,	
};

const PROGMEM tinytype dC1_drho_data[4*4] = {
  -0.0000842676759151,	0.0000040445271000,	0.0000103280911526,	-0.0000043754691108,	
  0.0000040445271000,	-0.0000894863752743,	-0.0000006516590481,	0.0000130875206980,	
  0.0000103280911526,	-0.0000006516590481,	-0.0000760119748274,	-0.0000054760568947,	
  -0.0000043754691108,	0.0000130875206980,	-0.0000054760568947,	-0.0001148747357777,	
};

const PROGMEM tinytype dC2_drho_data[12*12] = {
  -0.0000954926942423,	0.0000953843141259,	0.0000950135781413,	0.0000424089084005,	-0.0001775143859445,	-0.0001297272544849,	0.0001875610820127,	-0.0000684023915142,	0.0000090669977188,	0.0000650333638715,	0.0000073974287137,	-0.0000594115437931,	
  -0.0000082381410627,	0.0000563604992969,	0.0000679135283610,	0.0000929988733242,	0.0000753398485772,	-0.0000634879978268,	-0.0000433463370699,	-0.0000412343776868,	0.0001490868825126,	-0.0000313082589804,	0.0000078431314049,	0.0000878012172854,	
  -0.0000191884991648,	-0.0001378510962195,	-0.0001433527908935,	-0.0001925612783785,	-0.0000410880916184,	0.0001255969676513,	0.0000582902617468,	0.0001217327715571,	-0.0003198006987034,	-0.0000382341346808,	0.0000914574417171,	-0.0001597483915642,	
  0.0001054098666721,	-0.0001613297044495,	-0.0002156708788993,	-0.0001234068751245,	-0.0000027591269667,	0.0002306434672665,	-0.0000300703500407,	0.0001876154012481,	-0.0002408198699741,	-0.0000239473389704,	-0.0001123004954806,	-0.0001204557994783,	
  0.0000491487344894,	-0.0000816227373140,	-0.0000574094952506,	-0.0000981491423601,	0.0001121647145733,	0.0000817023913653,	-0.0001435795961853,	0.0000078465120299,	-0.0000545677465961,	-0.0000201175231100,	0.0000670276642755,	0.0000322714414214,	
  -0.0000435248163467,	-0.0000431803669280,	-0.0000149643838564,	-0.0000901810607719,	0.0000302912913729,	0.0000047544329859,	-0.0000028038700689,	0.0000047556717824,	-0.0001058910982967,	-0.0000358673696568,	0.0001334965557815,	-0.0000306434938322,	
  0.0000791805950577,	-0.0001171315293902,	-0.0001899419995006,	-0.0000314415407774,	-0.0000070800750185,	0.0001906014125783,	0.0000330625834475,	0.0002162401189712,	-0.0001816990614496,	-0.0000649821970238,	-0.0001493336817432,	-0.0001180340278688,	
  -0.0000279263391525,	-0.0000559531972197,	-0.0000781895070975,	-0.0000569208862628,	-0.0000491459641954,	0.0000558540181252,	0.0000958895640497,	0.0001025589457836,	-0.0001698553252754,	-0.0000440510202306,	0.0000142550913473,	-0.0001112850198774,	
  -0.0000953685850820,	0.0000699895941734,	0.0000656027570220,	0.0000403502532291,	-0.0001303585606821,	-0.0001026489533184,	0.0001763096359109,	-0.0000219293632370,	-0.0000176786865386,	0.0000146286234430,	0.0000242704352688,	-0.0000652299928444,	
  -0.0000178138667139,	-0.0001335331423762,	-0.0000682736300132,	-0.0002355156353192,	0.0001156602777100,	0.0000765110597276,	-0.0001270824082544,	-0.0000054099548621,	-0.0002117016652400,	-0.0000415088407511,	0.0002508802772694,	-0.0000227264443158,	
  -0.0000341081183733,	0.0000526780925435,	0.0000764125055096,	0.0000029712413177,	-0.0000502740631093,	-0.0000796040463324,	0.0000203465563040,	-0.0000943852973213,	0.0000526427584906,	0.0000574540792276,	0.0000388128978138,	0.0000227739772986,	
  -0.0001006588659626,	0.0001575974486603,	0.0001301933971928,	0.0001920079169363,	-0.0001438424556113,	-0.0001722701698872,	0.0002220494979521,	-0.0000341876817453,	0.0001428626965653,	0.0000080847709661,	-0.0000732967960811,	-0.0000172736222736,	
};

