#pragma once

typedef float tinytype;

const PROGMEM tinytype Adyn_data[12*12] = {
  0.0562407544828566,	0.0212588012392263,	-0.0022005628272529,	0.0127763780051603,	0.0612680571640333,	-0.0323976108983435,	-0.0076804873996181,	0.0901701121023206,	-0.0273260910946356,	-0.0527360558406304,	-0.1240522806129273,	-0.1186543723470988,	
  -0.1008782510269507,	0.0212155902080787,	-0.1159776028843255,	0.1251793004813103,	-0.0837171974411327,	-0.1119711994276303,	0.0799917264496968,	-0.0537787615716583,	0.1235772811296890,	0.0627182627082739,	-0.0123197778604795,	0.1225247607062668,	
  -0.0971852425995017,	-0.0217730453871480,	0.0662120651414478,	0.0827229457413933,	-0.0194199118332119,	-0.1039740785484337,	-0.0674004948586739,	-0.0157649016796506,	-0.0137859613149021,	0.0208841184656137,	-0.0864186660552638,	-0.0282885808663118,	
  -0.1216566891690583,	0.0655432605681560,	-0.0972738491260840,	-0.0094155415474950,	-0.0839230353623742,	-0.0187330793343944,	-0.1026319223618223,	0.0896161298879040,	0.1006480802385336,	0.0430673739733467,	-0.0472961928641152,	-0.1213544910276375,	
  -0.0856326688457882,	-0.0523270736505947,	-0.1234198725360601,	0.1037476949955927,	-0.0500822282547537,	-0.0858624042956663,	0.0478109096238015,	-0.0570038909462382,	0.0386571229356328,	-0.1097003412852989,	0.1133009910335864,	0.0891231971094938,	
  -0.0527217193280345,	0.0485373370985456,	0.0611653093093546,	-0.1212809512737916,	-0.0760230986316688,	0.0753507651820180,	0.0230379779978348,	-0.0616788763002437,	0.1254343768419855,	0.0296607061456802,	0.0711306222450326,	-0.0320327319789833,	
  -0.0862874367213127,	-0.0779659313249020,	0.1002906263765038,	-0.0608946960314113,	-0.0467200393515671,	0.1202281480672075,	-0.0440307934376675,	-0.0000660142952385,	-0.1166234652700485,	-0.0107986696176823,	0.0804208278956310,	-0.0571379753759249,	
  0.0262214071836068,	-0.0786794634155199,	0.0407035260962943,	-0.0094385013697022,	0.0560985257305526,	0.1162467328527069,	0.0643751149712642,	-0.0939454700102504,	0.0535828569350239,	0.1116001683016399,	-0.0587447118077398,	-0.0677881895099324,	
  0.1079650730039993,	-0.0662753690722759,	0.0143113344575963,	0.1241989865011481,	0.1111401671637254,	-0.0975633741628144,	0.1229753439972094,	-0.0754078651991872,	0.0637999975599672,	0.1159028984101724,	0.0042407657083622,	0.1069754015407639,	
  0.0843906471968837,	0.0197154100817217,	-0.0155893619870535,	-0.0411622794568836,	0.1168083700631609,	-0.0035143160237565,	-0.0836202733271462,	-0.1036919986651697,	0.0662009089463088,	0.1106487484868501,	-0.0690479751750928,	-0.0614211201176249,	
  0.0047245639188271,	-0.0211238250578880,	0.0669759319612099,	0.0518381736980133,	-0.0761158919634121,	-0.0050944864625328,	0.1224961742722158,	0.0947817738156166,	0.0044928574625047,	0.0960802079639527,	0.0517415090424543,	-0.0283128530407513,	
  -0.0123313364522256,	0.1204103133201277,	-0.0243047859098138,	0.1051328706747515,	-0.0735370730147680,	0.0482111800642849,	0.0469480878806106,	-0.0290227248932264,	0.1075340502770550,	-0.0163656278721820,	0.0612718082660363,	0.0860703293060100,	
};

const PROGMEM tinytype Bdyn_data[12*4] = {
  -0.6860548338195580,	0.9187477151173149,	-0.4062803226642719,	0.3325475766434900,	
  -0.3719831603947823,	-0.7887782281968501,	-0.3695612644578210,	-0.8026606576080395,	
  0.4930888439653502,	0.0447898255532690,	0.2090867295703311,	-0.6358342641641457,	
  -0.7438851161140194,	-0.9501002030037320,	-0.5190775312067530,	0.5393325475494970,	
  0.9106560266262556,	-0.6500140902651714,	-0.2697524818224710,	-0.0360466161712512,	
  0.9657017754658999,	-0.5998446287571826,	0.8363104781363508,	-0.9583195650550740,	
  -0.6402921079563602,	0.9954395250563168,	-0.4980607911909147,	0.5367619448982592,	
  0.5720389282394036,	0.8337293144205333,	-0.2081397799831195,	-0.9551348584214558,	
  0.3749448851917152,	0.3780666961845149,	0.7417484985332918,	-0.7981056825450654,	
  -0.1975320026744884,	0.5397360325956109,	-0.5791260818418900,	-0.7915581976001105,	
  0.5831679466312139,	0.5467444731717306,	-0.6434434740337798,	0.6587716028071726,	
  -0.4092435477734095,	-0.4649943509809327,	-0.1689417131519979,	0.3640445036692279,	
};

const PROGMEM tinytype Q_data[12] = {
  2.3994179438817977,2.3363264412712863,6.5713946490740405,6.9049973794917285,4.7080587171287576,0.5883038611719080,2.2780456806407998,7.3338163671572270,9.8648360737060337,6.1585773509433661,
  4.7010623376473717,5.7684169293670635,
};

const PROGMEM tinytype Qf_data[12] = {
  21.5947614949361792,21.0269379714415763,59.1425518416663607,62.1449764154255604,42.3725284541588181,5.2947347505471720,20.5024111257671997,66.0043473044150488,88.7835246633542994,55.4271961584902968,
  42.3095610388263452,51.9157523643035717,
};

const PROGMEM tinytype R_data[4] = {
  0.1000000000000000,0.1000000000000000,0.1000000000000000,0.1000000000000000,
};

const PROGMEM tinytype umin[4] = {
  -3.0,	
  -3.0,	
  -3.0,	
  -3.0,	
};

const PROGMEM tinytype umax[4] = {
  3.0,	
  3.0,	
  3.0,	
  3.0,	
};

const PROGMEM tinytype xmin[12] = {
  -10000.0,	
  -10000.0,	
  -10000.0,	
  -10000.0,	
  -10000.0,	
  -10000.0,	
  -10000.0,	
  -10000.0,	
  -10000.0,	
  -10000.0,	
  -10000.0,	
  -10000.0,	
};

const PROGMEM tinytype xmax[12] = {
  10000.0,	
  10000.0,	
  10000.0,	
  10000.0,	
  10000.0,	
  10000.0,	
  10000.0,	
  10000.0,	
  10000.0,	
  10000.0,	
  10000.0,	
  10000.0,	
};

const PROGMEM tinytype rho_value = 85.0;

const PROGMEM tinytype Kinf_data[4*12] = {
  0.0021563297088347,	-0.0123545031260145,	0.0055169210283095,	0.0074133166537225,	0.0024860353012578,	-0.0047496789216957,	0.0137710733100550,	-0.0079412784954810,	-0.0015497843398887,	0.0017276835748122,	0.0055267329945335,	0.0082839056308895,	
  0.0173738558531072,	-0.0122039001666649,	0.0175699420006200,	-0.0050782176582970,	0.0168093185955944,	0.0098247107880379,	0.0073602467177989,	-0.0062514600309448,	-0.0090653499993603,	0.0125395933973151,	-0.0062429210458210,	-0.0074644478902487,	
  0.0089617310321850,	-0.0046771397344333,	0.0050674320653537,	0.0050850440634057,	0.0082999472502608,	-0.0077446040205298,	0.0079388126262585,	-0.0046812352685466,	-0.0035034600875514,	-0.0011571910258800,	0.0018461482294575,	0.0140813202145618,	
  -0.0099157454859961,	0.0097153244575602,	-0.0018490547406985,	-0.0065014807333054,	-0.0186338075775065,	0.0066194351803327,	-0.0047556177732108,	0.0225925357346626,	-0.0104049838647287,	-0.0175197455896729,	0.0111686170982322,	-0.0050443146392102,	
};

const PROGMEM tinytype Pinf_data[12*12] = {
  2.7650855683934612,	-0.0471303614504855,	0.0615466987299863,	-0.0059335529194168,	0.2788316174203163,	0.0195402381096718,	0.1627699054513092,	-0.1191574979879883,	0.0104075732753925,	0.1332534310142550,	-0.0079306238388646,	0.1093902155471836,	
  -0.0471303614504855,	2.5275372429682479,	-0.0650128319348603,	-0.0170002527114107,	-0.0983852474356926,	0.0235861961183153,	-0.0973889662991813,	0.0671909432910810,	0.0761307067662095,	-0.0563097379594803,	-0.0069981054306652,	-0.0184722957374894,	
  0.0615466987299862,	-0.0650128319348603,	6.8126996694167126,	-0.0670095402379983,	0.0360909830091706,	0.0991517030628917,	0.0266277642072842,	0.0162157823449293,	-0.1363320272231565,	0.0683574425676404,	-0.0326639168294291,	-0.0618151491708952,	
  -0.0059335529194168,	-0.0170002527114108,	-0.0670095402379983,	7.2975891951327387,	-0.0198594229675599,	-0.2426459463346335,	0.2320527576571667,	-0.0717222476640293,	0.1688758723783585,	0.0790395612930157,	0.0665479623958262,	0.2585923000280919,	
  0.2788316174203163,	-0.0983852474356926,	0.0360909830091706,	-0.0198594229675599,	5.0257879251260480,	-0.0399682667456901,	0.0294048890370353,	-0.1657343785254316,	0.0045996559033561,	0.1376966662991255,	-0.1069936540590133,	0.0219882013149311,	
  0.0195402381096718,	0.0235861961183153,	0.0991517030628917,	-0.2426459463346336,	-0.0399682667456901,	0.9670571475400660,	-0.0281292171219486,	-0.0026978650274334,	-0.0556858043057538,	-0.0078191653001958,	0.0287400791722997,	-0.1561894878048322,	
  0.1627699054513092,	-0.0973889662991813,	0.0266277642072842,	0.2320527576571667,	0.0294048890370354,	-0.0281292171219486,	2.6947537533500006,	-0.0729934080563081,	0.0922324448535119,	0.1133189635896865,	0.1616273210209045,	0.2730248703778936,	
  -0.1191574979879884,	0.0671909432910811,	0.0162157823449293,	-0.0717222476640293,	-0.1657343785254317,	-0.0026978650274334,	-0.0729934080563081,	7.6027225585021148,	-0.1037019172360413,	-0.0990666004315199,	-0.0051300679403134,	-0.1320667346463888,	
  0.0104075732753925,	0.0761307067662095,	-0.1363320272231565,	0.1688758723783585,	0.0045996559033561,	-0.0556858043057538,	0.0922324448535119,	-0.1037019172360413,	10.1676135262373819,	0.1923747891234499,	-0.0186036680938076,	0.0588580274663913,	
  0.1332534310142550,	-0.0563097379594804,	0.0683574425676404,	0.0790395612930157,	0.1376966662991256,	-0.0078191653001958,	0.1133189635896866,	-0.0990666004315199,	0.1923747891234499,	6.5608106060776725,	-0.1161023365216310,	-0.0517964110564640,	
  -0.0079306238388646,	-0.0069981054306652,	-0.0326639168294291,	0.0665479623958262,	-0.1069936540590133,	0.0287400791722997,	0.1616273210209045,	-0.0051300679403134,	-0.0186036680938076,	-0.1161023365216310,	4.9609998481985906,	0.2050762844623975,	
  0.1093902155471836,	-0.0184722957374895,	-0.0618151491708953,	0.2585923000280919,	0.0219882013149311,	-0.1561894878048321,	0.2730248703778936,	-0.1320667346463888,	0.0588580274663913,	-0.0517964110564640,	0.2050762844623976,	6.1850463059108876,	
};

const PROGMEM tinytype Quu_inv_data[4*4] = {
  0.0096347253785563,	-0.0004531179179851,	-0.0005735211270058,	0.0009882301261223,	
  -0.0004531179179851,	0.0090852965479508,	0.0000491883765093,	0.0007854981147432,	
  -0.0005735211270058,	0.0000491883765093,	0.0100564501361148,	0.0007086197253113,	
  0.0009882301261223,	0.0007854981147432,	0.0007086197253113,	0.0089103471735591,	
};

const PROGMEM tinytype AmBKt_data[12*12] = {
  0.0486963566424597,	0.0188642025987100,	-0.0118842999481022,	0.0267559256058079,	0.0570988234475991,	-0.0500303390181982,	-0.0001881333217574,	0.0810504874392003,	-0.0180237932593247,	-0.0577154879592258,	-0.1174890121324177,	-0.0987147764729360,	
  -0.0910190835907222,	0.0130633713832811,	-0.0996780503362921,	0.1205920944253349,	-0.0814228948770519,	-0.1035374274955606,	0.0900366665300323,	-0.0452596626460858,	0.1062038224113300,	0.0587618266719619,	-0.0055413320371160,	0.1208734777201577,	
  -0.1072052264632232,	-0.0079793031350360,	0.0604695531338459,	0.0740978950347197,	-0.0349820567093155,	-0.0962439543184968,	-0.0792042067399816,	0.0037747484646333,	-0.0184990627486833,	0.0085728695099337,	-0.0821488327550721,	-0.0381905162770395,	
  -0.0935460061268866,	0.0370904127135196,	-0.0728490426948942,	-0.0025797089705480,	-0.0517450386544704,	-0.0205219618506946,	-0.0787091352852705,	0.0631544036681553,	0.0946754069022597,	0.0651147394628264,	-0.0541816436487222,	-0.1122543303832488,	
  -0.0742430722680042,	-0.0499205434669314,	-0.1157228798437881,	0.0948331473520071,	-0.0398526116891589,	-0.0770013980321338,	0.0420245532754139,	-0.0542840452977773,	0.0328557066387310,	-0.1040664370462166,	0.1051106456007756,	0.0803440528195776,	
  -0.0613797191078508,	0.0663695852136264,	0.0603669123454895,	-0.1419693177349381,	-0.0931393630896968,	0.0986512662792025,	0.0029575187729504,	-0.0321940391547009,	0.1144518855949850,	0.0196923428029973,	0.0712078148939510,	-0.0611204443806090,	
  -0.0924154969648983,	-0.0812724939562716,	0.0898496440934016,	-0.0450705407977555,	-0.0477251135969196,	0.0999967161902102,	-0.0360333184333218,	-0.0133861550015903,	-0.1047517089813260,	-0.0133472731165802,	0.0850986071879772,	-0.0346824998912358,	
  0.0028972282831787,	-0.0531315111541591,	0.0221876943626849,	-0.0145967390834405,	0.0245917451248209,	0.1154830778097718,	0.0474711979091121,	-0.0635861569436538,	0.0513600697454471,	0.0831826622260146,	-0.0456495195459052,	-0.0681906948440225,	
  0.0860269285700880,	-0.0458061060667210,	0.0003656819899132,	0.1143786137948915,	0.0828247762707177,	-0.0884693450567984,	0.1053451984218268,	-0.0485633242205326,	0.0621027977057560,	0.0973900458374477,	0.0120731450695750,	0.0922207583431422,	
  0.0727803778480859,	0.0288434761034377,	-0.0225116766768871,	-0.0391584338468210,	0.0982838194555756,	-0.0090007140367062,	-0.0840394107819393,	-0.0867142356490537,	0.0605225775972664,	0.0896838931466072,	-0.0546769760907689,	-0.0515939609595102,	
  0.0062665807804405,	-0.0166563147749414,	0.0586310826183867,	0.0578463817866440,	-0.0691400999279841,	-0.0170401431218919,	0.1186821946316855,	0.0849353928492608,	0.0149533013911137,	0.0990136487644680,	0.0457621023321048,	-0.0166790308105561,	
  0.0017536552317836,	0.1053525935229010,	-0.0123478589283147,	0.1090312845409253,	-0.0565176983788497,	0.0471176839623376,	0.0590787370416296,	-0.0441950798424365,	0.1058804711337186,	-0.0036452751699994,	0.0568766828408083,	0.0902048155133307,	
};

const PROGMEM tinytype coeff_d2p_data[12*4] = {
  -0.0168847524390074,	0.0240499639829729,	-0.0110749038439878,	0.0082214673838391,	
  -0.0090035013314796,	-0.0196368261979587,	-0.0086168317893184,	-0.0223288659033291,	
  0.0279425336824730,	-0.0010315265676920,	0.0090700522079706,	-0.0342991928899188,	
  -0.0473295843435236,	-0.0538466159613089,	-0.0350620522767094,	0.0249099702885752,	
  0.0426938919387312,	-0.0291475635258644,	-0.0170401428728092,	0.0007347030663209,	
  0.0098687032684488,	-0.0039856961471339,	0.0079112893844683,	-0.0084758537201596,	
  -0.0178101571925906,	0.0266461918011921,	-0.0140240958590541,	0.0152168770720265,	
  0.0330690080800779,	0.0489470480704653,	-0.0218168465378102,	-0.0570367275713260,	
  0.0185412805049260,	0.0264856806655558,	0.0651669211066470,	-0.0593697770849137,	
  -0.0179126161283700,	0.0292005148713497,	-0.0400530508440798,	-0.0474464601647557,	
  0.0291398623853809,	0.0259141756681633,	-0.0313560294027579,	0.0342550408776631,	
  -0.0243182433075434,	-0.0204950695488693,	-0.0116489515832345,	0.0208260944130678,	
};

const PROGMEM tinytype dKinf_drho_data[4*12] = {
  0.0000019018852426,	0.0001009871017673,	-0.0000398376366045,	-0.0000656544542524,	0.0000066302065067,	0.0000399206216214,	-0.0001198516891516,	0.0000485029695306,	0.0000191225935781,	0.0000060738435580,	-0.0000664752819455,	-0.0000706880458457,	
  -0.0001501501447312,	0.0000977967839272,	-0.0001553104605455,	0.0000540316406960,	-0.0001374966449587,	-0.0000960896169463,	-0.0000583938688818,	0.0000359421695993,	0.0000892662754684,	-0.0001001485487081,	0.0000503419554847,	0.0000737425533114,	
  -0.0000822995733832,	0.0000335738804725,	-0.0000472964521862,	-0.0000426502536574,	-0.0000696133553400,	0.0000703377599671,	-0.0000681444789552,	0.0000264913175183,	0.0000426476027050,	0.0000253129217099,	-0.0000231660861490,	-0.0001325307225719,	
  0.0000657154382560,	-0.0000612893627023,	-0.0000064990055623,	0.0000523122314327,	0.0001442953472724,	-0.0000570087501864,	0.0000164558156225,	-0.0001845067144741,	0.0001030853656335,	0.0001442728825406,	-0.0001008735191496,	0.0000324374678503,	
};

const PROGMEM tinytype dPinf_drho_data[12*12] = {
  0.0004939117634659,	-0.0003759262155903,	0.0003734975266021,	0.0000412685948621,	0.0005610979581619,	0.0000218044088606,	0.0002851817688116,	-0.0003961900990790,	-0.0000811610086420,	0.0003936124921819,	-0.0001896827951102,	0.0000766616157675,	
  -0.0003759262155903,	0.0004186979426192,	-0.0003268196628790,	-0.0001125715885280,	-0.0004551049771671,	0.0000372789390359,	-0.0003423033291635,	0.0004156463486950,	0.0000463356996360,	-0.0003392096256157,	0.0001086968385070,	-0.0001232123533868,	
  0.0003734975266021,	-0.0003268196628790,	0.0003849275222639,	-0.0000237427758228,	0.0003756030006051,	0.0001118898417133,	0.0002560312869737,	-0.0002149444059044,	-0.0001709001597042,	0.0002629854766508,	-0.0000911352768164,	-0.0000167736770244,	
  0.0000412685948621,	-0.0001125715885280,	-0.0000237427758228,	0.0001710537868989,	0.0000989020094907,	-0.0001792914994691,	0.0001383844887621,	-0.0001957655809941,	0.0000870916834162,	0.0000524247847254,	0.0000148299513563,	0.0002171873159727,	
  0.0005610979581619,	-0.0004551049771671,	0.0003756030006051,	0.0000989020094907,	0.0007171259702226,	-0.0000497372728659,	0.0002995585852531,	-0.0005901665677973,	0.0000074676858047,	0.0005206744526481,	-0.0002853949773439,	0.0001069171720213,	
  0.0000218044088606,	0.0000372789390359,	0.0001118898417133,	-0.0001792914994691,	-0.0000497372728659,	0.0002480684419970,	-0.0000661971365878,	0.0001663592357699,	-0.0001197085523244,	0.0000299641977796,	-0.0000272501442259,	-0.0002573024649531,	
  0.0002851817688116,	-0.0003423033291635,	0.0002560312869737,	0.0001383844887621,	0.0002995585852531,	-0.0000661971365878,	0.0003724327253374,	-0.0002999627382812,	-0.0000473928895810,	0.0002270225170025,	-0.0000050014530450,	0.0002182718961453,	
  -0.0003961900990790,	0.0004156463486950,	-0.0002149444059044,	-0.0001957655809941,	-0.0005901665677973,	0.0001663592357699,	-0.0002999627382812,	0.0006397513781205,	-0.0001534494708569,	-0.0004836688301175,	0.0002405470904690,	-0.0002021638099625,	
  -0.0000811610086420,	0.0000463356996360,	-0.0001709001597042,	0.0000870916834162,	0.0000074676858047,	-0.0001197085523244,	-0.0000473928895810,	-0.0001534494708569,	0.0002171328680461,	0.0000866854298133,	-0.0000738260122547,	0.0000723162967095,	
  0.0003936124921819,	-0.0003392096256157,	0.0002629854766508,	0.0000524247847254,	0.0005206744526481,	0.0000299641977796,	0.0002270225170025,	-0.0004836688301175,	0.0000866854298133,	0.0005060410705080,	-0.0002635260297836,	0.0000100462841317,	
  -0.0001896827951102,	0.0001086968385070,	-0.0000911352768164,	0.0000148299513563,	-0.0002853949773439,	-0.0000272501442259,	-0.0000050014530450,	0.0002405470904690,	-0.0000738260122547,	-0.0002635260297836,	0.0002007288534942,	0.0000661412868282,	
  0.0000766616157675,	-0.0001232123533868,	-0.0000167736770244,	0.0002171873159727,	0.0001069171720213,	-0.0002573024649531,	0.0002182718961453,	-0.0002021638099625,	0.0000723162967095,	0.0000100462841317,	0.0000661412868282,	0.0003726727353429,	
};

const PROGMEM tinytype dC1_drho_data[4*4] = {
  -0.0000944295815588,	0.0000077356018800,	0.0000105669696530,	-0.0000174632144624,	
  0.0000077356018800,	-0.0000834322339669,	-0.0000017211006675,	-0.0000137693493569,	
  0.0000105669696530,	-0.0000017211006675,	-0.0001020215451573,	-0.0000128217850666,	
  -0.0000174632144624,	-0.0000137693493569,	-0.0000128217850666,	-0.0000816741924671,	
};

const PROGMEM tinytype dC2_drho_data[12*12] = {
  0.0000839646929911,	0.0000134541535741,	0.0000983059382948,	-0.0001294082667446,	0.0000546058090896,	0.0001632048209852,	-0.0000617336995765,	0.0000723740723073,	-0.0000858479456051,	0.0000584847845664,	-0.0000677239256991,	-0.0001808783039629,	
  -0.0000953952333596,	0.0000779185207731,	-0.0001600198726090,	0.0000444237188395,	-0.0000158942361143,	-0.0000807081682088,	-0.0001026177465629,	-0.0000919134272251,	0.0001760280467467,	0.0000484212148452,	-0.0000745475403206,	0.0000089298157105,	
  0.0000647792763651,	-0.0001001656438595,	0.0000323565927024,	0.0000721329224197,	0.0001091923246379,	-0.0000663353849076,	0.0000864242597122,	-0.0001483807906540,	0.0000432008013630,	0.0000879317376204,	-0.0000287717061097,	0.0000798878395616,	
  -0.0002194052329646,	0.0002185223412991,	-0.0001982405254333,	-0.0000478563759515,	-0.0002396613842233,	0.0000056590169479,	-0.0001888833392429,	0.0001834908238070,	0.0000655770386500,	-0.0001553046070118,	0.0000407593065542,	-0.0000688092727741,	
  -0.0001191633679825,	-0.0000215478618515,	-0.0000776682063774,	0.0000852906193655,	-0.0001089896104730,	-0.0000818947468288,	0.0000533978596178,	-0.0000203113489084,	0.0000558304070346,	-0.0000586003773465,	0.0000833738382625,	0.0000777249632860,	
  0.0000399009739937,	-0.0001256735313655,	-0.0000213644747905,	0.0001816139013958,	0.0001076200067807,	-0.0002096470621341,	0.0001534736122525,	-0.0002242510471958,	0.0000982012590467,	0.0000511509738590,	0.0000170976229848,	0.0002544199379357,	
  0.0000744194137874,	0.0000169300911196,	0.0001090263572334,	-0.0001451448938293,	0.0000289909297751,	0.0001868448696308,	-0.0000613854742852,	0.0001075082818382,	-0.0001107063357064,	0.0000387480386419,	-0.0000500690235306,	-0.0002020868049987,	
  0.0001697339155491,	-0.0001908561457497,	0.0001362238628301,	0.0000335971622409,	0.0002341744549359,	0.0000174656221987,	0.0001187784583472,	-0.0002284265247329,	0.0000219743101707,	0.0002230909910903,	-0.0001051147134999,	-0.0000176477736054,	
  0.0001695471166961,	-0.0001486570683574,	0.0001035498099092,	0.0000775756887101,	0.0002162954787027,	-0.0000763116841984,	0.0001306940998221,	-0.0001986802299391,	0.0000097206963260,	0.0001319546600832,	-0.0000574323690661,	0.0001228175096314,	
  0.0000857728910014,	-0.0000619068513235,	0.0000434224934864,	-0.0000254233778818,	0.0001494248269017,	0.0000553573167514,	-0.0000185957784061,	-0.0001405243847525,	0.0000618935041142,	0.0001841133148681,	-0.0001335657086042,	-0.0001048405189192,	
  -0.0000152619447322,	-0.0000503837058896,	0.0000819959354730,	-0.0000531587675824,	-0.0000685409296028,	0.0001120701584187,	0.0000471324442328,	0.0000906568896696,	-0.0001004259162848,	-0.0000275418491635,	0.0000627886106835,	-0.0001057402421480,	
  -0.0001068678098571,	0.0001147873563862,	-0.0000941461989449,	-0.0000279936413345,	-0.0001255123215403,	0.0000042928315882,	-0.0000937044438843,	0.0001082065770135,	0.0000190114101597,	-0.0000923281696808,	0.0000290128766263,	-0.0000288374051508,	
};

