#pragma once

typedef float tinytype;

const PROGMEM tinytype Adyn_data[12*12] = {
  0.0945568670330988,	-0.0378134579404620,	0.0165001001994023,	-0.0002742658252729,	-0.0712021538700335,	0.0455792001120728,	-0.0100861487637736,	0.1367688703955987,	0.0297966627339259,	0.0049804003731229,	-0.1034828516345300,	-0.0586251751153973,	
  0.0791228762508832,	0.1223426890296575,	-0.1283438474445960,	0.0640904069959152,	0.1327286279025807,	0.1226062708374357,	0.1078950526672568,	0.0305117445260177,	-0.1116817478982815,	-0.0640269792503390,	-0.0503523135844927,	0.0191719398303812,	
  0.0811225525523455,	-0.1322105308399984,	-0.0458143987850333,	-0.0657374456588869,	-0.1157188222267709,	0.1357270827427713,	0.1067277355837695,	0.0481617261409969,	0.0662199492051676,	0.0314392822571141,	0.0541029570425456,	0.1249680115690922,	
  0.0232334177828686,	0.0139841339848487,	-0.0714291006480308,	0.1057746710892516,	0.1264102786106037,	-0.0612389092163841,	-0.0071328032796038,	-0.1121983015181513,	-0.0373584238949079,	-0.0625482389376690,	-0.0126629949761222,	0.0380787854164247,	
  0.1250725936642179,	0.0176834438880559,	0.0538493610433515,	0.1068768907016020,	-0.0728525688822423,	-0.1097223752674016,	-0.1126552845033396,	0.0414498758620493,	0.0067326044290278,	-0.0487737286010452,	-0.1122741337690100,	0.0346804989420454,	
  -0.1134425301156888,	0.0405916414441018,	0.1372343209751765,	-0.0265495562002405,	-0.1256204877679082,	0.1110665316066468,	-0.0842497521837453,	0.0685345016246749,	0.1156753096330211,	0.0438226530831605,	-0.0279876736632378,	-0.0736220159622246,	
  -0.0709291209220142,	0.0707320416188339,	-0.0990571870621194,	0.0890162380141621,	-0.0378875924192435,	-0.0065693857313898,	-0.0104047068734089,	-0.0780332320628729,	0.1249041106072725,	-0.1031693545426341,	0.1244321381066853,	0.0777968825759872,	
  0.1350023506692008,	-0.0936697502524180,	-0.0703943027233508,	-0.0092419427514948,	-0.0180381030301068,	0.0800925832089363,	0.0563517883700662,	-0.1243144759985992,	0.0854040600068768,	-0.1247060803496418,	-0.0279529646262285,	-0.0398686698868992,	
  -0.0377176125552904,	-0.0419442777164684,	0.0789470387946189,	0.1314613694521335,	0.0637522916229746,	-0.1359738543717574,	0.0204431808824441,	-0.0253601887661357,	0.0468947578012036,	0.0725275407092224,	-0.0433871644266857,	0.1123100012286371,	
  -0.0231473151861741,	0.0080871882603713,	-0.0999995008237523,	0.0345564433345437,	0.1324328658355283,	0.0106811524810461,	0.0795996051255728,	-0.0209524354041874,	-0.0298932379489008,	0.0806900983418422,	0.0719016433285871,	0.0133674938380767,	
  0.0915523315928544,	-0.0416966866928244,	-0.1123399811727666,	-0.0407905004131180,	-0.1089202977428804,	0.0239763467958480,	-0.0264536645146104,	0.0765768889666673,	-0.0436996649906054,	-0.1149774695736136,	0.1151122215865195,	0.1297979893918279,	
  -0.0345808347283911,	-0.1091239437636053,	-0.0577741994161398,	-0.1096659155660522,	-0.1120895480611203,	0.1230607423227136,	0.0962624709176330,	-0.0414680409385820,	0.0534660736819773,	0.0943890656929583,	-0.0143708043015655,	0.0592347598078242,	
};

const PROGMEM tinytype Bdyn_data[12*4] = {
  0.9584251324908608,	0.6122057544352832,	-0.9981440567778781,	-0.6683567346242205,	
  0.0014289248343042,	0.2092158741648535,	0.8468453120315396,	-0.9752979842200711,	
  0.9456598548844068,	0.0288815831866409,	0.2992075998704280,	0.0399750760876021,	
  -0.9856409033264770,	-0.0553032149118848,	0.1404042398206413,	0.9158972570083814,	
  0.2333448342289213,	0.6190117998788487,	0.5557999407872325,	0.6435780842697598,	
  -0.4369431166889013,	-0.0057377547077384,	-0.0954356241449916,	-0.6913174215572861,	
  0.7833254361141502,	-0.4851994271535387,	-0.2518847040442840,	0.4159133408505393,	
  0.5043911126821952,	0.1219383658589146,	0.6194135770447609,	-0.0561033898792489,	
  0.6709382565762820,	0.2605783778420747,	0.5836625511837279,	-0.4607439990471347,	
  0.2998745583798188,	0.5031673718141161,	0.4207650526933131,	-0.0164781252707209,	
  0.2874770379714062,	0.7256964492175562,	-0.2615487163508037,	-0.1347138716769929,	
  -0.4750004011341586,	-0.5942791964730372,	-0.0952245998854497,	-0.8794882861730915,	
};

const PROGMEM tinytype Q_data[12] = {
  5.9268112530064823,2.3338811373286745,5.2285130925644960,3.5456400729253108,8.3913209918280636,1.9645924758577396,9.0267376994432933,9.5892039762169627,7.7837058872183364,0.9627967606978696,
  6.6203095482223153,4.4730854892349363,
};

const PROGMEM tinytype Qf_data[12] = {
  53.3413012770583421,21.0049302359580707,47.0566178330804661,31.9107606563277955,75.5218889264525757,17.6813322827196551,81.2406392949896343,86.3028357859526665,70.0533529849650307,8.6651708462808266,
  59.5827859340008388,40.2577694031144233,
};

const PROGMEM tinytype R_data[4] = {
  0.1000000000000000,0.1000000000000000,0.1000000000000000,0.1000000000000000,
};

const PROGMEM tinytype umin[4] = {
  -3.0,	
  -3.0,	
  -3.0,	
  -3.0,	
};

const PROGMEM tinytype umax[4] = {
  3.0,	
  3.0,	
  3.0,	
  3.0,	
};

const PROGMEM tinytype xmin[12] = {
  -10000.0,	
  -10000.0,	
  -10000.0,	
  -10000.0,	
  -10000.0,	
  -10000.0,	
  -10000.0,	
  -10000.0,	
  -10000.0,	
  -10000.0,	
  -10000.0,	
  -10000.0,	
};

const PROGMEM tinytype xmax[12] = {
  10000.0,	
  10000.0,	
  10000.0,	
  10000.0,	
  10000.0,	
  10000.0,	
  10000.0,	
  10000.0,	
  10000.0,	
  10000.0,	
  10000.0,	
  10000.0,	
};

const PROGMEM tinytype rho_value = 85.0;

const PROGMEM tinytype Kinf_data[4*12] = {
  0.0108951766942197,	-0.0082942752894267,	-0.0052601024210556,	0.0081321582924291,	-0.0126059440344378,	0.0028014028232106,	0.0039590647343862,	0.0025441262468227,	0.0181055068839951,	-0.0089216830627863,	0.0037895994821670,	0.0110613057997533,	
  0.0194598990307324,	-0.0032203276756634,	0.0038134727740883,	0.0050121326019588,	-0.0040435480828557,	-0.0070501137596242,	-0.0080134052864361,	0.0140489022296220,	-0.0078342852437265,	-0.0054924473323993,	-0.0104913433169618,	0.0021093873589164,	
  0.0105781764313000,	-0.0045093268623461,	-0.0011642726577190,	0.0103313171985857,	0.0104106333920015,	-0.0049318788778541,	0.0064565008434918,	-0.0141798558031971,	-0.0000560259948185,	-0.0031978704226463,	-0.0065493077637696,	0.0072447648612322,	
  0.0034966358136469,	0.0084442975796670,	-0.0029600559006266,	0.0120507572176442,	0.0040011792029752,	-0.0148561254029886,	-0.0111477330013924,	-0.0081931713315571,	-0.0008401393039010,	-0.0121525511733522,	0.0048468437512061,	0.0027264836269315,	
};

const PROGMEM tinytype Pinf_data[12*12] = {
  6.4618533445698434,	-0.1925273874242860,	-0.1503995227490956,	-0.0368231738093317,	-0.1290283613071098,	0.1311017008306818,	0.0304054380537024,	0.0472427674964133,	-0.0544619042197854,	-0.2503062458949528,	-0.1852535177175572,	-0.0124142482258763,	
  -0.1925273874242860,	2.6913723898626860,	0.0482900608560667,	0.1901252477339785,	0.1626555968937623,	-0.1812303283223543,	-0.1775627174173098,	0.0402190879620210,	-0.0931496616943327,	-0.0521160108566217,	0.0341285023625991,	-0.0731230765893950,	
  -0.1503995227490957,	0.0482900608560667,	5.6907424914548397,	0.0808704101080052,	0.0357323629148548,	-0.2607925456037722,	-0.1872284523980179,	0.1683980108475873,	-0.0172540217789105,	0.2954571829293041,	-0.2719010982428371,	-0.1571750166383649,	
  -0.0368231738093318,	0.1901252477339785,	0.0808704101080053,	3.9774753773115696,	0.1918078382094155,	-0.3723095402717274,	-0.1494176664071856,	-0.0856920848654366,	0.0465838902919365,	-0.0737880825785727,	-0.0985118302104495,	0.1140387159567191,	
  -0.1290283613071097,	0.1626555968937623,	0.0357323629148548,	0.1918078382094154,	8.8802549218652800,	-0.2057296432283765,	0.0714574925800852,	-0.1611516786860105,	-0.1797602625913002,	0.0801245796419062,	-0.0646640560890359,	-0.0906959460689366,	
  0.1311017008306818,	-0.1812303283223543,	-0.2607925456037722,	-0.3723095402717274,	-0.2057296432283765,	2.5266268377643937,	0.2578987322804806,	-0.0089826274989911,	0.0795785413227606,	-0.0825234049556569,	0.1254338755878418,	-0.0866228541919212,	
  0.0304054380537024,	-0.1775627174173098,	-0.1872284523980179,	-0.1494176664071856,	0.0714574925800852,	0.2578987322804806,	9.3361899803451749,	-0.1319692683519504,	0.0256715567340870,	0.0553971011890835,	0.0853897778439659,	0.0575123294785699,	
  0.0472427674964133,	0.0402190879620210,	0.1683980108475873,	-0.0856920848654366,	-0.1611516786860105,	-0.0089826274989911,	-0.1319692683519504,	10.0081067146914364,	-0.1530175547331632,	0.1439329311941593,	-0.0953328921177551,	-0.0124331620408049,	
  -0.0544619042197854,	-0.0931496616943327,	-0.0172540217789105,	0.0465838902919365,	-0.1797602625913002,	0.0795785413227606,	0.0256715567340870,	-0.1530175547331632,	8.1233730783310172,	-0.0681206325773754,	0.0608372988574318,	0.0438103717098097,	
  -0.2503062458949528,	-0.0521160108566218,	0.2954571829293041,	-0.0737880825785727,	0.0801245796419062,	-0.0825234049556569,	0.0553971011890835,	0.1439329311941593,	-0.0681206325773755,	1.4255446424153080,	-0.1277275293203970,	-0.0265339316476063,	
  -0.1852535177175571,	0.0341285023625991,	-0.2719010982428371,	-0.0985118302104495,	-0.0646640560890359,	0.1254338755878418,	0.0853897778439659,	-0.0953328921177551,	0.0608372988574318,	-0.1277275293203970,	7.0760627891544905,	0.2117278369313723,	
  -0.0124142482258763,	-0.0731230765893951,	-0.1571750166383649,	0.1140387159567191,	-0.0906959460689366,	-0.0866228541919212,	0.0575123294785699,	-0.0124331620408049,	0.0438103717098097,	-0.0265339316476063,	0.2117278369313723,	4.9107766418146248,	
};

const PROGMEM tinytype Quu_inv_data[4*4] = {
  0.0088291854438372,	-0.0005695007445558,	-0.0000302397476252,	0.0002584675763371,	
  -0.0005695007445558,	0.0101434419701931,	-0.0002174703276668,	0.0000435308168908,	
  -0.0000302397476252,	-0.0002174703276668,	0.0094601599112798,	-0.0003695058872826,	
  0.0002584675763371,	0.0000435308168908,	-0.0003695058872826,	0.0094664754890270,	
};

const PROGMEM tinytype AmBKt_data[12*12] = {
  0.0850967377301151,	-0.0267496675642475,	0.0160663994527197,	0.0072295604691465,	-0.0435792899697285,	0.0323584683989544,	-0.0099809075601499,	0.1061001970386361,	0.0166226496323776,	0.0055794987311573,	-0.1039897702275390,	-0.0614644049886149,	
  0.0694881708153688,	0.1350826933167616,	-0.1310351479045944,	0.0660342207351863,	0.1286787612238232,	0.1137646529049149,	0.0932259080570559,	0.0315862167279985,	-0.1108405032894774,	-0.0720093807524937,	-0.0378894055569021,	0.0152387555614260,	
  0.0669525395843737,	-0.1232622960825147,	-0.0404835825366535,	-0.0771453981734659,	-0.1069559910235901,	0.1353510573877709,	0.1017290441869527,	0.0499203368139542,	0.0493749127896523,	0.0414774166337921,	0.0525881412599891,	0.1121701761889930,	
  0.0303605645889192,	-0.0014701178577632,	-0.0735281995480975,	0.1015794297629208,	0.1086353572123254,	-0.0445684847524328,	0.0056299037717981,	-0.0994187421431885,	-0.0191688093239375,	-0.0600660818350184,	-0.0130276760524003,	0.0455835421811011,	
  0.1023546453276466,	0.0186840097549847,	0.0552683239052196,	0.0883789756184023,	-0.0757693336536650,	-0.0937097498222888,	-0.1050328055154895,	0.0453138894146927,	0.0079291274243618,	-0.0336935184420598,	-0.1061433694710464,	0.0250123197178583,	
  -0.1051434814019122,	0.0423563771042384,	0.1328003848999290,	-0.0136506331105048,	-0.1273921389448699,	0.1015091582170659,	-0.0896562869003771,	0.0627094037629449,	0.1229552852200017,	0.0311864096618328,	-0.0236663607583827,	-0.0662004770969784,	
  -0.0688114747386428,	0.0710187308040399,	-0.0921486559687700,	0.0826682255212679,	-0.0290168275230996,	-0.0072479110802286,	-0.0111312579579606,	-0.0733736310724562,	0.1072557288724274,	-0.0945967920525701,	0.1127077172472412,	0.0708466184634851,	
  0.1207779191063439,	-0.0858266180147527,	-0.0676510653273762,	-0.0196781721911103,	-0.0174107211985119,	0.0817606536145383,	0.0507073429555948,	-0.1189872803275544,	0.0772146717832144,	-0.1182373176094153,	-0.0242564531521422,	-0.0500396502180874,	
  -0.0546614638087725,	-0.0290175986957744,	0.0807982485496177,	0.1242214510810496,	0.0690309853979644,	-0.1399826331113865,	0.0109703442050095,	-0.0262266842588143,	0.0364341370508208,	0.0762119143883556,	-0.0371401946228785,	0.1013666002916424,	
  -0.0405993966974368,	0.0142313075610000,	-0.0998998359321927,	0.0254473910310004,	0.1339331504218515,	0.0152188314385017,	0.0795441027555013,	-0.0229529236800182,	-0.0313709322538861,	0.0872744052556686,	0.0788797272258584,	0.0059856982229137,	
  0.0775359926551300,	-0.0370171372728579,	-0.1142985207705415,	-0.0424400491106578,	-0.0991000876632750,	0.0249959975711499,	-0.0215895697203867,	0.0608378157108114,	-0.0433471014424609,	-0.1109003571497819,	0.1205763033934678,	0.1273494971631954,	
  -0.0137584554114751,	-0.1079802396366160,	-0.0607206845291984,	-0.0912422356207946,	-0.1159700344005290,	0.1066662493846900,	0.0841913453173183,	-0.0404666789304638,	0.0566662162455556,	0.0758946731364099,	-0.0151664430109599,	0.0688302397719858,	
};

const PROGMEM tinytype coeff_d2p_data[12*4] = {
  0.0490658501229654,	0.0340184362866365,	-0.0638275958598881,	-0.0362216787145819,	
  -0.0041381272757629,	0.0061047112970709,	0.0253382547017422,	-0.0205566825618849,	
  0.0466762559908943,	-0.0009180427356938,	0.0213189340899764,	0.0066710366260375,	
  -0.0334463546014670,	0.0003420351091551,	0.0074757595098393,	0.0336845125575866,	
  0.0141399637947869,	0.0528139171388362,	0.0447023207788420,	0.0572290443890844,	
  -0.0057651567252604,	-0.0004810840699039,	-0.0072933857335950,	-0.0188687145721928,	
  0.0669740745575092,	-0.0485541855181679,	-0.0258283517616064,	0.0375956812251081,	
  0.0441276509833948,	0.0079068863696894,	0.0582005461456709,	-0.0081404297980623,	
  0.0435265485451862,	0.0152082622299072,	0.0430216818461233,	-0.0359215049026672,	
  0.0054201698724669,	0.0046223935041011,	0.0092754914633238,	0.0029809431987173,	
  0.0106843776068172,	0.0477427185935649,	-0.0185793814531499,	-0.0106512880068327,	
  -0.0212025004157382,	-0.0279022323821478,	-0.0039414874086277,	-0.0399340843473680,	
};

const PROGMEM tinytype dKinf_drho_data[4*12] = {
  -0.0000861280801442,	0.0000687171029488,	0.0000497192705800,	-0.0000721309157941,	0.0001078073992491,	-0.0000244533140825,	-0.0000363539624360,	-0.0000129936570200,	-0.0001630796694459,	0.0000789218162363,	-0.0000406861991922,	-0.0000975552531581,	
  -0.0001885913527264,	0.0000268464187975,	-0.0000420549023549,	-0.0000445663719265,	0.0000361915712478,	0.0000727918817967,	0.0000854821206536,	-0.0001435875645701,	0.0000892138690839,	0.0000502203532649,	0.0001068812352383,	-0.0000137399156230,	
  -0.0000945079415089,	0.0000457268061962,	0.0000101324394380,	-0.0000922125830183,	-0.0000978502579378,	0.0000401771928378,	-0.0000667302832625,	0.0001344354350794,	-0.0000016065305007,	0.0000240348786276,	0.0000627556333279,	-0.0000665989205026,	
  -0.0000324819713318,	-0.0000787139243452,	0.0000286295955417,	-0.0001122686640091,	-0.0000303092546917,	0.0001380156450692,	0.0001069751825222,	0.0000714739772999,	0.0000028570194496,	0.0001164054306576,	-0.0000490980327028,	-0.0000260524020724,	
};

const PROGMEM tinytype dPinf_drho_data[12*12] = {
  0.0006579213967680,	-0.0001793553845425,	-0.0000162249333745,	0.0003309192244910,	-0.0000831755731461,	-0.0002037961766244,	-0.0000748302202438,	0.0001262247376468,	0.0000204413915691,	-0.0002910471141809,	-0.0002398771655153,	0.0002346425355304,	
  -0.0001793553845425,	0.0001902690094860,	0.0000091526514494,	-0.0000233625507391,	0.0001088509690614,	-0.0001084281092717,	-0.0001372940511110,	-0.0000644903786638,	-0.0001422258118589,	0.0000025334620285,	0.0000857406898147,	-0.0001017843942912,	
  -0.0000162249333745,	0.0000091526514494,	0.0000601983812014,	-0.0000690391783977,	0.0000206802528479,	0.0000052967000880,	-0.0000295751165155,	0.0000792941640023,	-0.0001098160421337,	0.0000711941449089,	-0.0000656091506659,	-0.0000668729945221,	
  0.0003309192244910,	-0.0000233625507391,	-0.0000690391783977,	0.0003535386599256,	0.0000338050040014,	-0.0002568224987577,	-0.0000819932444379,	-0.0001521544392909,	0.0000948108389254,	-0.0002762646388083,	-0.0000315005122593,	0.0002197330471934,	
  -0.0000831755731461,	0.0001088509690614,	0.0000206802528479,	0.0000338050040014,	0.0003074257179830,	-0.0001196088927877,	0.0000068363334220,	-0.0002663943502500,	-0.0002150409235479,	0.0000485872114972,	-0.0000556943718460,	-0.0000588318177911,	
  -0.0002037961766244,	-0.0001084281092717,	0.0000052967000880,	-0.0002568224987577,	-0.0001196088927877,	0.0003235322867604,	0.0002091681169619,	0.0000975760592034,	0.0001235698481143,	0.0002058465608186,	0.0000476669993748,	-0.0000769732152602,	
  -0.0000748302202438,	-0.0001372940511110,	-0.0000295751165155,	-0.0000819932444379,	0.0000068363334220,	0.0002091681169619,	0.0002525702998350,	-0.0001054712636160,	0.0001420115840102,	0.0001205763895759,	-0.0000004028623573,	0.0000380102313038,	
  0.0001262247376468,	-0.0000644903786638,	0.0000792941640023,	-0.0001521544392909,	-0.0002663943502500,	0.0000975760592034,	-0.0001054712636160,	0.0004768784695259,	-0.0000644517251555,	0.0000432223689671,	-0.0000857494832793,	-0.0000676263939365,	
  0.0000204413915691,	-0.0001422258118589,	-0.0001098160421337,	0.0000948108389254,	-0.0002150409235479,	0.0001235698481143,	0.0001420115840102,	-0.0000644517251555,	0.0004210612264616,	-0.0000983763123030,	0.0001537058499810,	0.0001766937743078,	
  -0.0002910471141809,	0.0000025334620285,	0.0000711941449089,	-0.0002762646388083,	0.0000485872114972,	0.0002058465608186,	0.0001205763895759,	0.0000432223689671,	-0.0000983763123030,	0.0002737616396916,	-0.0000112091793389,	-0.0001636499646242,	
  -0.0002398771655153,	0.0000857406898147,	-0.0000656091506659,	-0.0000315005122593,	-0.0000556943718460,	0.0000476669993748,	-0.0000004028623573,	-0.0000857494832793,	0.0001537058499810,	-0.0000112091793389,	0.0002187205982323,	-0.0000059929464670,	
  0.0002346425355304,	-0.0001017843942912,	-0.0000668729945221,	0.0002197330471934,	-0.0000588318177911,	-0.0000769732152602,	0.0000380102313038,	-0.0000676263939365,	0.0001766937743078,	-0.0001636499646242,	-0.0000059929464670,	0.0002078317947838,	
};

const PROGMEM tinytype dC1_drho_data[4*4] = {
  -0.0000783937652990,	0.0000108005661665,	0.0000005355592517,	-0.0000046924512128,	
  0.0000108005661665,	-0.0001032776804980,	0.0000042415828404,	-0.0000007994015391,	
  0.0000005355592517,	0.0000042415828404,	-0.0000897723390146,	0.0000070027398375,	
  -0.0000046924512128,	-0.0000007994015391,	0.0000070027398375,	-0.0000898759747332,	
};

const PROGMEM tinytype dC2_drho_data[12*12] = {
  0.0000819619435703,	-0.0000892627721766,	0.0000073424719265,	-0.0000706610875033,	-0.0002434080569982,	0.0001112193739918,	-0.0000125989468704,	0.0002823146253697,	0.0001019883690855,	-0.0000045952166568,	0.0000033855302191,	0.0000180234467773,	
  0.0000879333813264,	-0.0001212079517572,	0.0000280692860419,	-0.0000219785459419,	0.0000455775773256,	0.0000853882377871,	0.0001430106379086,	-0.0000140782271831,	-0.0000142850008851,	0.0000825564891292,	-0.0001233326397533,	0.0000340041359707,	
  0.0001164706482357,	-0.0000762935854973,	-0.0000499790791861,	0.0001015771127695,	-0.0000725052438183,	0.0000034836653058,	0.0000475994906959,	-0.0000266466655458,	0.0001520077353268,	-0.0000879283708946,	0.0000185741411039,	0.0001136192669734,	
  -0.0000523016026958,	0.0001348887106256,	0.0000190351699815,	0.0000422137543889,	0.0001497596469400,	-0.0001521257604604,	-0.0001197135778309,	-0.0001050860586086,	-0.0001581953515152,	-0.0000294240962663,	0.0000019664902829,	-0.0000637022149509,	
  0.0002102700084540,	-0.0000074094305572,	-0.0000096262436428,	0.0001679238865770,	0.0000263322302730,	-0.0001505073050998,	-0.0000761896275711,	-0.0000288038927146,	-0.0000181164447897,	-0.0001377775575711,	-0.0000599479908516,	0.0000850516153645,	
  -0.0000701899397473,	-0.0000198728376313,	0.0000422423261847,	-0.0001181864668059,	0.0000170216431465,	0.0000889799100526,	0.0000521912229088,	0.0000557397761294,	-0.0000689228646608,	0.0001175393822500,	-0.0000451174987070,	-0.0000670713216014,	
  -0.0000343335200311,	0.0000034540666773,	-0.0000687066080618,	0.0000583454988809,	-0.0000789291082797,	0.0000071909545642,	0.0000086521162514,	-0.0000553550929285,	0.0001694380383998,	-0.0000798151327547,	0.0001199569597756,	0.0000638112042385,	
  0.0001231559129512,	-0.0000706738270333,	-0.0000246198053358,	0.0000926356167090,	0.0000001190912327,	-0.0000136852420018,	0.0000552483792861,	-0.0000551984832059,	0.0000725327377998,	-0.0000542880414006,	-0.0000341374232749,	0.0000906720730516,	
  0.0001471243255825,	-0.0001160565221560,	-0.0000151229735964,	0.0000621023420235,	-0.0000386161254583,	0.0000375786308085,	0.0000903526126063,	0.0000006000333626,	0.0000884232100714,	-0.0000264331589250,	-0.0000598027483296,	0.0000959016843295,	
  0.0001599510322918,	-0.0000546520528134,	0.0000024594960294,	0.0000810044259960,	-0.0000098665847849,	-0.0000439244926644,	-0.0000022696639438,	0.0000207570688770,	0.0000047369860347,	-0.0000571307816579,	-0.0000687928151136,	0.0000637610192410,	
  0.0001325257174883,	-0.0000378810100493,	0.0000227328748632,	0.0000138354107637,	-0.0000869319329591,	-0.0000166941287381,	-0.0000546253209084,	0.0001527263154761,	-0.0000178958335282,	-0.0000371652241049,	-0.0000560675156068,	0.0000170874210791,	
  -0.0001905537843917,	-0.0000162787379396,	0.0000247685712985,	-0.0001682669628572,	0.0000367420696440,	0.0001568523672852,	0.0001212611546505,	-0.0000158410084756,	-0.0000220852280551,	0.0001719987299663,	0.0000069860690965,	-0.0000837587684059,	
};

