#pragma once

typedef float tinytype;

const PROGMEM tinytype Adyn_data[12*12] = {
  -0.0446288545311943,	0.0672829924039152,	0.0599998321770828,	0.1202133488262647,	0.0741112182598763,	-0.0208281322902771,	-0.1230348426726777,	-0.0220521691422903,	-0.0151361090891194,	-0.1230219622420696,	-0.1159080997888507,	-0.0348625211159971,	
  -0.0946041998649435,	-0.1122261876363398,	-0.0819810048335337,	0.0253043027845193,	-0.1012561588381826,	0.0866069699362737,	-0.0601946281786309,	-0.0359682827104660,	0.0485907132161862,	0.1219777236036278,	0.0959742528426369,	-0.1243740020122837,	
  0.0018149528445480,	0.0296147505188147,	0.0955165794182520,	-0.0574203609237791,	0.0423376103581260,	0.1210795904390083,	-0.1036313995634734,	0.0231955463806893,	-0.0663939748321098,	0.0366841004926651,	0.0119752207398852,	0.0650847274987590,	
  0.0295542631401018,	0.0806733601025495,	0.0098136456619293,	0.0199077743054578,	-0.1095823362692026,	0.0975096325257495,	0.0149224493335180,	-0.0724541848092953,	-0.0053654265939953,	0.0377185055815864,	0.0032853341716856,	-0.1216564889593308,	
  0.0208191459053196,	-0.0749822496072152,	-0.0892765805407107,	0.0431174310380861,	0.1154275602456526,	0.0196610489155570,	-0.1027557460521188,	-0.0699622941241627,	0.0934016807096862,	0.0538087234289085,	0.0256612208636470,	0.0853348584469287,	
  0.0526935473126934,	0.0547724823896235,	0.0824320357374424,	0.0141030705410077,	-0.0705910684679015,	-0.0354496686366535,	0.1175033609017104,	-0.0347730109774049,	0.0401944437600074,	-0.0906440415541268,	0.1075081860073544,	-0.0934079377377774,	
  -0.1221426683289046,	-0.0750391301677488,	-0.1082908227181422,	0.0636642806357236,	0.0704170911147172,	0.0076932690863904,	-0.0233827650883808,	0.1014866698660974,	0.0449127702734245,	0.1183922445431739,	-0.0017303864076092,	0.0775975711188964,	
  0.0473512241002759,	0.0651889641263433,	0.0643410541777538,	-0.0639634945721031,	0.1243747499444423,	-0.0695546346188698,	0.0975900340776063,	0.0608021713785950,	-0.1228472506496328,	0.0447455049507872,	-0.0131459839762074,	-0.1188266153610901,	
  0.0595148489587856,	0.0479637160087706,	0.0311324612081925,	-0.0175333796360830,	0.0366607160248540,	0.0273631034704405,	0.0637058251576782,	0.0776273656931218,	-0.0518046224032083,	-0.0005735300411522,	-0.0410963400698908,	0.0767340652314278,	
  0.1192088861672596,	0.0773896797742596,	0.0142817321775902,	-0.0829045408312004,	-0.0534165806862606,	-0.0153896192821848,	0.0978071778078983,	-0.0922763049604481,	-0.0510256563268667,	-0.0217770599148842,	0.0280677627400964,	0.0626178642486966,	
  -0.1026061516618962,	0.1139318726749288,	0.0955591224326117,	-0.0347455817619513,	-0.1050577948399709,	-0.1106811348547013,	0.1109338118415968,	0.0130599566354119,	0.1051740058947808,	-0.0141680847521017,	-0.0027815965552783,	-0.0509719603583941,	
  -0.0436114210396338,	-0.0424429530341931,	-0.1033934919638871,	-0.0673707520260163,	-0.0542682729297076,	0.0595868572740151,	-0.0670222934535579,	0.1066540691385359,	0.0346274496515353,	-0.0231610364106152,	0.1108318373006844,	-0.0013631482386679,	
};

const PROGMEM tinytype Bdyn_data[12*4] = {
  -0.4245481884549140,	-0.2762684976423364,	-0.3750359603386342,	-0.0794459926736912,	
  -0.0293395586011387,	-0.4771244008363129,	-0.5527404959022646,	0.3714020316621127,	
  0.0948662778356586,	-0.9128727171916671,	-0.9039181975071884,	0.0548621019453850,	
  0.3190547899215599,	0.7096765064006034,	-0.5521310072349892,	0.7070690440552887,	
  -0.8909630737346941,	0.4042113180643796,	0.4793512416967307,	0.1575037701110522,	
  0.6642379890264090,	-0.7433493870168486,	0.3798018880337213,	-0.7396955691587903,	
  -0.1339242211337566,	0.3330886489691474,	0.9661872240791964,	0.2549545336409913,	
  -0.4378917234911603,	-0.2092681166546344,	-0.8390252560732596,	0.8383001145391216,	
  0.2271682526236252,	0.4693594882870229,	-0.4576681778029059,	0.9066740425797024,	
  -0.4970624225551454,	0.7813897251593254,	-0.1007879220103440,	0.5614951621816486,	
  -0.4819668362700433,	0.8728573333799614,	-0.2033623695660949,	-0.7463993857135485,	
  -0.3182997332502351,	0.8919383862829375,	0.6260530224824776,	-0.6453517415512504,	
};

const PROGMEM tinytype Q_data[12] = {
  4.8092817306111870,5.7277153881936576,3.1471297419105331,7.7947731472728252,7.5753988236014376,8.9731722097580189,1.1304397611807151,6.3838108954134762,6.1959093941275354,8.5112372193089652,
  7.7707850063303265,8.2718139602850105,
};

const PROGMEM tinytype Qf_data[12] = {
  43.2835355755006859,51.5494384937429189,28.3241676771947972,70.1529583254554296,68.1785894124129328,80.7585498878221699,10.1739578506264365,57.4542980587212853,55.7631845471478158,76.6011349737806881,
  69.9370650569729406,74.4463256425650997,
};

const PROGMEM tinytype R_data[4] = {
  0.1000000000000000,0.1000000000000000,0.1000000000000000,0.1000000000000000,
};

const PROGMEM tinytype umin[4] = {
  -3.0,	
  -3.0,	
  -3.0,	
  -3.0,	
};

const PROGMEM tinytype umax[4] = {
  3.0,	
  3.0,	
  3.0,	
  3.0,	
};

const PROGMEM tinytype xmin[12] = {
  -10000.0,	
  -10000.0,	
  -10000.0,	
  -10000.0,	
  -10000.0,	
  -10000.0,	
  -10000.0,	
  -10000.0,	
  -10000.0,	
  -10000.0,	
  -10000.0,	
  -10000.0,	
};

const PROGMEM tinytype xmax[12] = {
  10000.0,	
  10000.0,	
  10000.0,	
  10000.0,	
  10000.0,	
  10000.0,	
  10000.0,	
  10000.0,	
  10000.0,	
  10000.0,	
  10000.0,	
  10000.0,	
};

const PROGMEM tinytype rho_value = 85.0;

const PROGMEM tinytype Kinf_data[4*12] = {
  0.0040268370222850,	0.0035850661350031,	0.0073655279881676,	0.0021516955171873,	-0.0136425191103426,	0.0052376356265815,	0.0102124910866642,	0.0010247365986706,	-0.0037607789769161,	-0.0048127131901169,	0.0027122965288314,	-0.0088491221539070,	
  0.0020629208949651,	0.0101443923731734,	-0.0063397912954111,	-0.0101749266993943,	-0.0124644334357256,	-0.0004135648814256,	0.0077965906526891,	0.0009058360754084,	0.0058151880134008,	0.0000577662484048,	0.0014426546034111,	0.0062714895770829,	
  0.0002615780484539,	-0.0126116383040329,	-0.0143680893615601,	0.0023624515538268,	0.0018679550690674,	-0.0012994032020272,	-0.0066000179777834,	0.0010613446496542,	0.0113854345611659,	-0.0057619894117914,	0.0086658725010469,	0.0128564637336274,	
  0.0139119348595515,	-0.0003535518446899,	-0.0040566402592457,	-0.0011553576944482,	0.0121513280820520,	0.0098165944519249,	-0.0001121568868151,	-0.0049663881566711,	-0.0170306408752598,	0.0141000015535889,	-0.0089062204968297,	0.0038353796686726,	
};

const PROGMEM tinytype Pinf_data[12*12] = {
  5.2152330979295600,	0.1552574786087976,	0.0996894173136985,	-0.1118660887689316,	0.0614554422084360,	-0.0299905769154190,	0.2371612661840051,	-0.1488268074345798,	-0.1810344550949463,	-0.1248975878369916,	0.0278883672657268,	0.0940606918112262,	
  0.1552574786087976,	6.1665678079726884,	0.3693605257252436,	-0.0878373416432055,	-0.1345830638937999,	-0.2027019659200315,	0.3977656241456088,	-0.0633209434029512,	-0.0909204228096201,	-0.2161343080153443,	-0.0864633658760754,	-0.1311465136314353,	
  0.0996894173136985,	0.3693605257252437,	3.5539286443364073,	-0.0446770648277567,	-0.0598764598217830,	-0.2283278618116184,	0.3586831649889578,	-0.0402073355183354,	-0.0860339438189718,	-0.1907870210823558,	-0.1111061327680047,	-0.1193463305595750,	
  -0.1118660887689316,	-0.0878373416432055,	-0.0446770648277567,	8.0415892109833109,	0.0775497859486597,	0.0414031866634832,	-0.2133076085038708,	-0.0819581833919898,	0.1034935543541614,	-0.0098500633984733,	-0.1144682073935661,	-0.0254968234038973,	
  0.0614554422084359,	-0.1345830638937999,	-0.0598764598217830,	0.0775497859486596,	8.1337968123563442,	-0.0598144908221225,	-0.2267337563998789,	0.1144837169090789,	-0.1396744910938841,	0.0361678467376864,	-0.2088283538262304,	0.2500134121508982,	
  -0.0299905769154190,	-0.2027019659200315,	-0.2283278618116184,	0.0414031866634831,	-0.0598144908221225,	9.3380972435400995,	-0.3271068616820335,	-0.0101660026798778,	0.0014011392119767,	0.1479690327934969,	0.1010688753942901,	0.0302309650023793,	
  0.2371612661840051,	0.3977656241456088,	0.3586831649889577,	-0.2133076085038708,	-0.2267337563998789,	-0.3271068616820334,	1.8427557891188511,	-0.0458945791788503,	-0.0888851929021086,	-0.1449552062651118,	0.0667455365501750,	-0.1763510190186579,	
  -0.1488268074345798,	-0.0633209434029512,	-0.0402073355183354,	-0.0819581833919897,	0.1144837169090788,	-0.0101660026798777,	-0.0458945791788503,	6.7454647377236236,	-0.0715543234361734,	0.0222844952640645,	-0.0162330347386914,	0.0356127524855369,	
  -0.1810344550949463,	-0.0909204228096201,	-0.0860339438189717,	0.1034935543541614,	-0.1396744910938841,	0.0014011392119766,	-0.0888851929021086,	-0.0715543234361734,	6.4878314278399269,	0.0310456520086377,	0.0958541347796540,	-0.0289719824287220,	
  -0.1248975878369916,	-0.2161343080153443,	-0.1907870210823558,	-0.0098500633984732,	0.0361678467376863,	0.1479690327934970,	-0.1449552062651118,	0.0222844952640645,	0.0310456520086378,	8.8327330464207563,	0.0481498065894584,	-0.0044718043254175,	
  0.0278883672657268,	-0.0864633658760754,	-0.1111061327680047,	-0.1144682073935661,	-0.2088283538262304,	0.1010688753942901,	0.0667455365501750,	-0.0162330347386914,	0.0958541347796540,	0.0481498065894584,	8.1061022450297742,	-0.1293782842357386,	
  0.0940606918112262,	-0.1311465136314353,	-0.1193463305595750,	-0.0254968234038973,	0.2500134121508983,	0.0302309650023793,	-0.1763510190186579,	0.0356127524855370,	-0.0289719824287220,	-0.0044718043254174,	-0.1293782842357386,	8.7983313055033872,	
};

const PROGMEM tinytype Quu_inv_data[4*4] = {
  0.0097298189573810,	0.0010444830209813,	0.0001022999469667,	0.0001899746887026,	
  0.0010444830209813,	0.0083866503311934,	-0.0003454787644110,	-0.0002802073029921,	
  0.0001022999469667,	-0.0003454787644110,	0.0095765564574217,	0.0013507130430916,	
  0.0001899746887026,	-0.0002802073029921,	0.0013507130430916,	0.0087901678654418,	
};

const PROGMEM tinytype AmBKt_data[12*12] = {
  -0.0411459994622388,	0.0668496956173933,	0.0556645351206643,	0.1191100512956449,	0.0665417058313475,	-0.0184261923585253,	-0.1190293501916302,	-0.0213633823311942,	-0.0122092565206631,	-0.1260899965262123,	-0.1118155889038207,	-0.0317604431244564,	
  -0.0985241204391369,	-0.1141205195823795,	-0.0912249530216174,	0.0222476516146576,	-0.1110840431877398,	0.0821991820637006,	-0.0597814964685757,	-0.0330748460768601,	0.0638733470846324,	0.1134424283013155,	0.1048399231894623,	-0.1159595303049359,	
  0.0027893331770749,	0.0271546949027018,	0.0762653950615850,	-0.0647140489499831,	0.0332752153267470,	0.1184920701396235,	-0.1034426488777783,	0.0251570817093008,	-0.0495028390037747,	0.0312114751056203,	0.0213567291194120,	0.0830600570447191,	
  0.0171132018754495,	0.0656169996462004,	0.0068980967137799,	0.0285634723936685,	-0.1039443816427475,	0.0884735862177044,	0.0025662760079525,	-0.0693264018940946,	0.0100356560543965,	0.0260619817907722,	0.0124781546189948,	-0.1188972889277074,	
  0.0212564830698612,	-0.0697874760468168,	-0.0726252540778339,	0.0481968619291183,	0.1055015579870272,	0.0235714763608717,	-0.0936268718417997,	-0.0691419728656032,	0.0849251686521963,	0.0500386372965548,	0.0247434061590267,	0.0681487616924838,	
  0.0617434889069753,	0.0644603764279243,	0.0752832409067282,	0.0033584305848295,	-0.0625157872830574,	-0.0314813211838419,	0.1189391645786431,	-0.0388570432796005,	0.0300935133321768,	-0.0747861909858703,	0.0968997654537096,	-0.0849140025533200,	
  -0.1260901570835731,	-0.0656626414783536,	-0.0902761644007403,	0.0653535905430043,	0.0678389581546687,	0.0072851506381709,	-0.0182065730652337,	0.1015629287379199,	0.0358137154475704,	0.1197007656305301,	-0.0079498500830187,	0.0609238988954314,	
  0.0381033402775435,	0.0585966322959238,	0.0575851338766440,	-0.0621998796536352,	0.1071731969853630,	-0.0766671476289338,	0.0982500166000648,	0.0664942763904511,	-0.0994476758493544,	0.0259956587522131,	0.0030805813941527,	-0.1138174513392789,	
  0.0451379536627697,	0.0369365467446568,	0.0295371214302580,	-0.0111177264286764,	0.0354477731895263,	0.0168722426665949,	0.0548075391400700,	0.0819580542126338,	-0.0330277153855833,	-0.0149285321357529,	-0.0303484783407812,	0.0782072768506219,	
  0.1118134101293718,	0.0701723742965266,	0.0237263611509424,	-0.0729975963286879,	-0.0570928286907283,	-0.0181059665225833,	0.0961890209926143,	-0.0895791842609723,	-0.0467287896484521,	-0.0327122383437452,	0.0341628829434260,	0.0524610497714369,	
  -0.0920289306284272,	0.1039765248529139,	0.0986929934825593,	-0.0252092010221904,	-0.0913037488984010,	-0.1007329346881120,	0.1076246734079478,	0.0092721085241485,	0.0878893147101820,	-0.0071856139177973,	-0.0076188763700655,	-0.0552338134774661,	
  -0.0353553485615734,	-0.0426826114228901,	-0.0890171172366547,	-0.0598350922520233,	-0.0408207346557370,	0.0687715213174847,	-0.0666661581889236,	0.1023027672852690,	0.0101249658258880,	-0.0120376742243751,	0.0992354609633801,	-0.0153472627829145,	
};

const PROGMEM tinytype coeff_d2p_data[12*4] = {
  -0.0244422386052855,	-0.0150960213757944,	-0.0155713579221343,	-0.0089255547064579,	
  -0.0046793567167135,	-0.0293254464707644,	-0.0287092177804638,	0.0170351182007631,	
  -0.0009953600197062,	-0.0289088503580054,	-0.0283130701091934,	0.0010618122989850,	
  0.0330937372244179,	0.0504607991890519,	-0.0364239444642114,	0.0431160099482670,	
  -0.0672202182615147,	0.0191009509767453,	0.0369492539478126,	0.0138735386435754,	
  0.0523854725660164,	-0.0472667418587142,	0.0268392809073959,	-0.0544712283425312,	
  -0.0030588902759392,	-0.0026114303228139,	0.0103640870003958,	0.0060772765198706,	
  -0.0305811814790942,	-0.0139496736919687,	-0.0443287991378963,	0.0411040310439657,	
  0.0207304903081619,	0.0288509130984784,	-0.0215261854674525,	0.0462921180259372,	
  -0.0334923648884819,	0.0540522432081647,	-0.0027885944746416,	0.0380111570510518,	
  -0.0297784128293428,	0.0567984425420525,	-0.0259389747281792,	-0.0581884532473857,	
  -0.0214154982037281,	0.0624174374842229,	0.0432921185706217,	-0.0451622179819157,	
};

const PROGMEM tinytype dKinf_drho_data[4*12] = {
  -0.0000446520950021,	-0.0000439547373675,	-0.0000623771400460,	-0.0000105169567971,	0.0001430327998266,	-0.0000522749255527,	-0.0001063260088108,	-0.0000092184733060,	0.0000323808450221,	0.0000451893483263,	-0.0000273272180316,	0.0000773044493138,	
  -0.0000169278156568,	-0.0000928280482375,	0.0000392394460826,	0.0000831774589060,	0.0001229681264573,	-0.0000004643776091,	-0.0000775806756481,	-0.0000089813499382,	-0.0000454839510918,	0.0000056087843273,	-0.0000146672632025,	-0.0000376530552108,	
  -0.0000205279634769,	0.0001243107241187,	0.0001396515525578,	-0.0000245269780893,	-0.0000371210194726,	-0.0000017488761410,	0.0000647282681659,	-0.0000038169853299,	-0.0000833484873038,	0.0000358518616491,	-0.0000705309517527,	-0.0001251948411324,	
  -0.0001229795050320,	0.0000221513284561,	0.0000519505328646,	0.0000034817215647,	-0.0001101948837028,	-0.0000854432828118,	0.0000101971097396,	0.0000425136783565,	0.0001364913982079,	-0.0001146893774881,	0.0000664778008254,	-0.0000475425804928,	
};

const PROGMEM tinytype dPinf_drho_data[12*12] = {
  0.0002300590731941,	0.0000293306074581,	-0.0000456910886743,	-0.0000275358806719,	0.0000935056413256,	0.0001569373876549,	0.0000486839784879,	-0.0000786315067407,	-0.0002342752533532,	0.0001662339254579,	-0.0001063434504210,	0.0000390636118430,	
  0.0000293306074581,	0.0002821309025292,	0.0001502962094985,	-0.0001255759749538,	-0.0002032188945568,	0.0000239193877243,	0.0002042526799998,	0.0000033747436294,	-0.0000918759903916,	0.0000465164725714,	-0.0000855930604121,	-0.0001329749169360,	
  -0.0000456910886743,	0.0001502962094985,	0.0003247838561780,	0.0000499954095040,	-0.0000985189094878,	0.0000197557734726,	0.0001255045602313,	0.0000102931456300,	-0.0001607722214867,	-0.0000081551673427,	-0.0000813635255207,	-0.0003070706880245,	
  -0.0000275358806719,	-0.0001255759749538,	0.0000499954095040,	0.0001207533542762,	0.0000875612536211,	0.0000024318310007,	-0.0000789943818140,	-0.0000071268839850,	-0.0000187950627221,	-0.0000444159655097,	0.0000230861402977,	-0.0000586969613078,	
  0.0000935056413256,	-0.0002032188945568,	-0.0000985189094878,	0.0000875612536211,	0.0004953324779701,	0.0000511122412539,	-0.0002522718701025,	-0.0000878457069306,	-0.0002065494709969,	0.0002242608796756,	-0.0001467581401671,	0.0001151214690898,	
  0.0001569373876549,	0.0000239193877243,	0.0000197557734726,	0.0000024318310007,	0.0000511122412539,	0.0001319707907254,	0.0000508469296047,	-0.0000527889467341,	-0.0002047842074930,	0.0001258731468741,	-0.0000831779259003,	-0.0000264548091142,	
  0.0000486839784879,	0.0002042526799998,	0.0001255045602313,	-0.0000789943818140,	-0.0002522718701025,	0.0000508469296047,	0.0002227508513219,	0.0000294270634283,	-0.0000685069252903,	-0.0000110788116908,	-0.0000214177980293,	-0.0001287918168990,	
  -0.0000786315067407,	0.0000033747436294,	0.0000102931456300,	-0.0000071268839850,	-0.0000878457069306,	-0.0000527889467341,	0.0000294270634283,	0.0000604349042893,	0.0000940511296400,	-0.0000729668846342,	0.0000523888667263,	-0.0000124357544538,	
  -0.0002342752533532,	-0.0000918759903916,	-0.0001607722214867,	-0.0000187950627221,	-0.0002065494709969,	-0.0002047842074930,	-0.0000685069252903,	0.0000940511296400,	0.0004694868564664,	-0.0002918407563840,	0.0002490525532230,	0.0001511254578192,	
  0.0001662339254579,	0.0000465164725714,	-0.0000081551673427,	-0.0000444159655097,	0.0002242608796756,	0.0001258731468741,	-0.0000110788116908,	-0.0000729668846342,	-0.0002918407563840,	0.0002699608687833,	-0.0001882511899726,	0.0000228939185008,	
  -0.0001063434504210,	-0.0000855930604121,	-0.0000813635255207,	0.0000230861402977,	-0.0001467581401671,	-0.0000831779259003,	-0.0000214177980293,	0.0000523888667263,	0.0002490525532230,	-0.0001882511899726,	0.0001669921168465,	0.0000632979713907,	
  0.0000390636118430,	-0.0001329749169360,	-0.0003070706880245,	-0.0000586969613078,	0.0001151214690898,	-0.0000264548091142,	-0.0001287918168990,	-0.0000124357544538,	0.0001511254578192,	0.0000228939185008,	0.0000632979713907,	0.0003010359231244,	
};

const PROGMEM tinytype dC1_drho_data[4*4] = {
  -0.0000958543758657,	-0.0000188140668090,	-0.0000018246772057,	-0.0000033774960157,	
  -0.0000188140668090,	-0.0000717730648805,	0.0000064360967560,	0.0000051033254851,	
  -0.0000018246772057,	0.0000064360967560,	-0.0000937294912446,	-0.0000248945206574,	
  -0.0000033774960157,	0.0000051033254851,	-0.0000248945206574,	-0.0000792302596557,	
};

const PROGMEM tinytype dC2_drho_data[12*12] = {
  -0.0000411025415959,	0.0000040744565294,	0.0000408601367897,	0.0000095924666974,	0.0000720202765002,	-0.0000297655357128,	-0.0000414880634153,	-0.0000044489155761,	-0.0000192335390969,	0.0000250687123089,	-0.0000368240720271,	-0.0000283125240541,	
  0.0000249414546489,	0.0000149043834138,	0.0000747885144080,	0.0000245272598785,	0.0000832759258446,	0.0000290118450326,	-0.0000081444837808,	-0.0000224551560248,	-0.0001175147300161,	0.0000664145669910,	-0.0000714751812174,	-0.0000672399605728,	
  -0.0000230256486266,	0.0000305810869373,	0.0001651215711017,	0.0000545667410779,	0.0000711764163313,	0.0000076419670846,	-0.0000027849048732,	-0.0000131069393276,	-0.0001274213276739,	0.0000395324113944,	-0.0000781982356179,	-0.0001522636414232,	
  0.0001018806137772,	0.0001328751411477,	0.0000324277510692,	-0.0000716775256615,	-0.0000754831650749,	0.0000764568148231,	0.0001175094285258,	-0.0000228525307587,	-0.0001205804988971,	0.0000824899324839,	-0.0000668188285967,	-0.0000334509329527,	
  -0.0000037311126621,	-0.0000647173178860,	-0.0001465613065562,	-0.0000317828373226,	0.0001128819509105,	-0.0000320913565410,	-0.0000960072194144,	-0.0000094493439804,	0.0000656905561097,	0.0000388732815266,	0.0000049197266594,	0.0001515956390692,	
  -0.0000660944992856,	-0.0000706354746113,	0.0000559895399048,	0.0000807064819255,	-0.0000710115718344,	-0.0000281599946354,	-0.0000040849349796,	0.0000323438569434,	0.0000772989407818,	-0.0001242990245675,	0.0000832099985986,	-0.0000669557265680,	
  0.0000508465046026,	-0.0001007216498687,	-0.0001695985937622,	-0.0000063039704820,	0.0000421568091488,	0.0000166276943269,	-0.0000535378105753,	-0.0000053941237193,	0.0000652179100713,	-0.0000012153080496,	0.0000524230102722,	0.0001559775959147,	
  0.0000627750184019,	0.0000470570094255,	0.0000545181736141,	-0.0000106963798229,	0.0001495970982250,	0.0000471718258424,	-0.0000170340276214,	-0.0000447579718801,	-0.0001796912774029,	0.0001471865170405,	-0.0001299413510505,	-0.0000392152883743,	
  0.0001201960986355,	0.0000903638741707,	0.0000125645715138,	-0.0000510330147860,	-0.0000072870367759,	0.0000887619652124,	0.0000809457336867,	-0.0000339833350572,	-0.0001479067340699,	0.0001074960162816,	-0.0000794613730629,	-0.0000140803691058,	
  0.0000580157690508,	0.0000507777906643,	-0.0000767614154216,	-0.0000746485887469,	0.0000331427431315,	0.0000221786831059,	0.0000085682791589,	-0.0000218201528575,	-0.0000334037872974,	0.0000860902457578,	-0.0000465581160543,	0.0000819236483730,	
  -0.0001027117032331,	0.0001016547783110,	0.0000028615653449,	-0.0000800599889181,	-0.0001281949769202,	-0.0000889199144835,	0.0000372456620260,	0.0000343523909711,	0.0001402346435924,	-0.0000614290626522,	0.0000349072636516,	0.0000091782538051,	
  -0.0000656276255154,	0.0000052764122030,	-0.0001087567049695,	-0.0000599345891743,	-0.0001120274239149,	-0.0000702709808162,	0.0000014110370062,	0.0000349024847459,	0.0001911412302077,	-0.0000870790883703,	0.0000914417289225,	0.0001058871124703,	
};

