#pragma once

typedef float tinytype;

const PROGMEM tinytype Adyn_data[12*12] = {
  -0.0493428157037490,	-0.1131846477881859,	-0.0678420856048594,	0.1045137928014730,	0.0687075953149236,	0.0266784443787747,	-0.0900996341756189,	-0.1196803799376120,	-0.0372590298779274,	0.0308219409756897,	0.0892323451107379,	-0.0506739425092672,	
  0.1363757862827595,	0.0910638041382182,	0.0270505584942604,	-0.0361416059209175,	-0.0779464762628897,	0.0134238342482341,	-0.0650402951217405,	0.0444740637693633,	-0.0167432316466503,	-0.1184043908764472,	-0.0560961105462004,	-0.0441066358288549,	
  -0.0335088231970744,	-0.0177206555032824,	-0.0410307896886406,	-0.0132822110398573,	0.0889490944108852,	0.0268444269510219,	-0.0603283773877365,	-0.0615698395556704,	-0.0317157337647887,	0.0534247983483095,	-0.1248280687511311,	-0.0477560158488082,	
  0.0752225474347291,	0.1278666950251551,	-0.1298924556267606,	0.0534608088490214,	0.0863048822133597,	0.1074858808946799,	-0.0931330074937009,	-0.1100653425434866,	-0.0952592137152701,	-0.0603049447563519,	-0.0412579177790795,	0.0325565959259636,	
  -0.0174451873920069,	0.0325182867419693,	0.0192911803339696,	0.0440474850658957,	0.0673181212699882,	-0.0706481868143179,	0.0677798599257537,	0.0240565228630268,	0.1112067533309025,	-0.0705912379187016,	0.0780241910785998,	-0.1248526833638036,	
  0.0998994038599878,	0.0102854049334670,	-0.0099542127456273,	-0.0968140050808492,	0.0040134065204268,	-0.0589449311725630,	0.0459501377101382,	0.0331846215404560,	0.0214505068393684,	0.0643400737342367,	-0.0526569257495912,	-0.1316751426852430,	
  0.0011228598387734,	0.0003418535031675,	-0.0716158395778448,	0.0911604956946388,	0.1251820495344590,	-0.0113896895773458,	0.0147510917209293,	-0.1009889326334450,	-0.0487934737149877,	0.0699339908662233,	-0.1349065018211312,	-0.1129413280949997,	
  -0.1175764724593399,	0.0225079544091303,	0.0225847244930894,	0.0826843848789354,	-0.0712435043778656,	0.0469972133055329,	0.0252829691577734,	0.1125278881264356,	0.0797612875921782,	0.0062845849794281,	0.0945692890843867,	-0.0622996051911704,	
  0.0172062405661884,	-0.1259643822344437,	-0.0491678123159666,	-0.0101701453045981,	-0.0600868764040530,	-0.0220192971288373,	-0.0140366390127240,	0.0021625918906720,	0.0970195518775667,	-0.0694478451942802,	0.1361363471990424,	-0.0948601859955397,	
  -0.1189431438486932,	0.0963684051776987,	-0.0412133995788262,	0.1039296788702414,	-0.0341609483401559,	-0.0716145842112233,	-0.0903236393514810,	-0.1094436143954464,	0.0287780542809251,	0.0316813517825929,	-0.0083833035666852,	0.0997193785753612,	
  -0.0514800927963255,	0.1315798239247205,	0.0790350889769384,	-0.0820368403689002,	0.1295716971820780,	0.0207958393904954,	0.0618645153680129,	-0.0150805673646668,	-0.0854265365757972,	-0.1027054969173988,	-0.0206341852277017,	0.0827949604204229,	
  -0.1335551720471417,	-0.1342137259170994,	0.0994013682996764,	-0.0189544889819511,	0.0197024128337619,	-0.0775901138557594,	-0.0743218887597371,	0.1178114692691924,	0.1075790888793586,	0.0473920022513392,	-0.0110941818757495,	-0.0284540532485210,	
};

const PROGMEM tinytype Bdyn_data[12*4] = {
  -0.0541536159452101,	0.0159417928283507,	0.3872088418441217,	0.1666970450584819,	
  0.2098900469696372,	-0.7710674090984475,	-0.2790322406331662,	0.8356273044899258,	
  0.4251135883975539,	0.2171910577998488,	0.8682244862446045,	0.4040925945583353,	
  0.3564966282934223,	-0.2594693469347369,	0.5026514730060614,	0.4778725472609626,	
  0.2853912297280894,	-0.7925300458953586,	0.8892858242265220,	0.0363360297003192,	
  0.1496560229509500,	0.3580280100172766,	-0.2562948424996132,	0.9835851591654652,	
  -0.5160080078923697,	0.5837842310257444,	0.6502811573516130,	-0.9322117037769009,	
  0.0446059706435331,	0.8139074540983702,	-0.0110219649130399,	-0.1085838846846441,	
  0.2622774198428126,	0.8076895816585450,	-0.1062387763342392,	0.5456274459188883,	
  0.9387549524678973,	-0.3022825225407060,	0.9403716302675196,	-0.3841669708011042,	
  0.5375897054268359,	0.2493905217144861,	-0.7658982960012859,	-0.6361761197661866,	
  -0.7523178827084986,	-0.1752513732145096,	-0.0639301305396607,	-0.8778688856968471,	
};

const PROGMEM tinytype Q_data[12] = {
  2.9374385263547627,8.0353500956939055,4.5917470963188531,4.9481032298134737,4.0194755024852542,8.4204841445213194,6.9263910589248434,8.0647536831565407,4.9379616542045257,2.1940164703804959,
  2.5958852346671777,1.8528004286916202,
};

const PROGMEM tinytype Qf_data[12] = {
  26.4369467371928621,72.3181508612451438,41.3257238668696800,44.5329290683212662,36.1752795223672905,75.7843573006918803,62.3375195303235898,72.5827831484088648,44.4416548878407340,19.7461482334244636,
  23.3629671120046005,16.6752038582245810,
};

const PROGMEM tinytype R_data[4] = {
  0.1000000000000000,0.1000000000000000,0.1000000000000000,0.1000000000000000,
};

const PROGMEM tinytype umin[4] = {
  -3.0,	
  -3.0,	
  -3.0,	
  -3.0,	
};

const PROGMEM tinytype umax[4] = {
  3.0,	
  3.0,	
  3.0,	
  3.0,	
};

const PROGMEM tinytype xmin[12] = {
  -10000.0,	
  -10000.0,	
  -10000.0,	
  -10000.0,	
  -10000.0,	
  -10000.0,	
  -10000.0,	
  -10000.0,	
  -10000.0,	
  -10000.0,	
  -10000.0,	
  -10000.0,	
};

const PROGMEM tinytype xmax[12] = {
  10000.0,	
  10000.0,	
  10000.0,	
  10000.0,	
  10000.0,	
  10000.0,	
  10000.0,	
  10000.0,	
  10000.0,	
  10000.0,	
  10000.0,	
  10000.0,	
};

const PROGMEM tinytype rho_value = 85.0;

const PROGMEM tinytype Kinf_data[4*12] = {
  0.0006915316274378,	0.0091800625521582,	-0.0018955837856551,	-0.0016233309610819,	-0.0013764598459266,	0.0016129753931670,	-0.0022843208191116,	-0.0024850914755418,	-0.0000479964379547,	-0.0069739073492275,	0.0031425874478273,	0.0035028576618988,	
  -0.0119188755494676,	-0.0101325860430462,	-0.0042970824231701,	0.0037220335245877,	0.0012974074663327,	0.0021411262003831,	0.0065798958034270,	0.0019149548604125,	0.0044573486766182,	0.0109445190797964,	0.0049090940970492,	-0.0101886489905570,	
  -0.0061626248644529,	0.0002339821438604,	-0.0115199872355704,	0.0148410650940067,	0.0122915075560251,	-0.0003707113953647,	-0.0053395602103838,	-0.0144772505763692,	-0.0001027726098023,	0.0061609467216999,	-0.0061601137126393,	-0.0071925611281146,	
  0.0216979372797880,	0.0033125117689280,	-0.0032471061035268,	-0.0124379162720182,	-0.0105431015634291,	0.0005906797814648,	-0.0042918842647515,	0.0052480287986995,	0.0019898720772834,	-0.0069169976704038,	0.0010611982584149,	-0.0111917024336213,	
};

const PROGMEM tinytype Pinf_data[12*12] = {
  3.3495734079399164,	0.1170791818054472,	-0.0734355810333925,	-0.1636394317540629,	0.0075109865842204,	-0.0058377689819783,	-0.0266271681112441,	-0.0675776910647715,	-0.1292380171118497,	-0.0951316448272136,	-0.1943750311655561,	-0.1017932131746992,	
  0.1170791818054472,	8.4111829506203364,	-0.0139157017271941,	-0.0006628828484254,	0.0460254801424511,	0.0892537356760643,	-0.0085778522363310,	-0.0286361132479749,	-0.1383560107230919,	-0.1285017731131761,	-0.1574640114704174,	0.0825989667164955,	
  -0.0734355810333925,	-0.0139157017271941,	4.7912658727682036,	-0.1035970416473497,	-0.1120384532569029,	-0.0637642717255080,	0.0790858053823156,	0.2134852990244075,	0.0990086439409264,	-0.0360653484362970,	0.0661694734073640,	0.0438733313105000,	
  -0.1636394317540629,	-0.0006628828484254,	-0.1035970416473497,	5.2228375678288970,	0.0283906129080186,	0.0723859944410704,	-0.0637066973118209,	-0.0986409967519724,	0.0143120339322812,	0.0187677613123467,	0.0868676771335680,	-0.0105250028216376,	
  0.0075109865842204,	0.0460254801424512,	-0.1120384532569029,	0.0283906129080186,	4.3694999685299614,	0.0130683143794061,	0.0107656027100408,	-0.2396196270339957,	-0.1656548118332380,	0.0785678848480171,	-0.2085661398416307,	-0.0411680411091437,	
  -0.0058377689819783,	0.0892537356760642,	-0.0637642717255080,	0.0723859944410704,	0.0130683143794061,	8.5885533991163907,	-0.0737697781845269,	-0.0465706201429537,	-0.1109440619123284,	-0.0671149720866397,	0.0025781604610014,	0.0948422205788929,	
  -0.0266271681112441,	-0.0085778522363310,	0.0790858053823156,	-0.0637066973118210,	0.0107656027100408,	-0.0737697781845269,	7.1239694096239745,	0.1029375872177966,	0.0761809896781690,	0.0424279988651851,	0.0528543832774058,	-0.0709651875953097,	
  -0.0675776910647715,	-0.0286361132479748,	0.2134852990244074,	-0.0986409967519724,	-0.2396196270339957,	-0.0465706201429537,	0.1029375872177965,	8.4322910816982812,	0.2151714697170681,	-0.0509821848745145,	0.1633803239257535,	-0.0689650687074977,	
  -0.1292380171118497,	-0.1383560107230919,	0.0990086439409264,	0.0143120339322811,	-0.1656548118332380,	-0.1109440619123284,	0.0761809896781691,	0.2151714697170682,	5.2104005106093734,	-0.0030911678401932,	0.2299600172203553,	-0.1376422610124768,	
  -0.0951316448272137,	-0.1285017731131761,	-0.0360653484362970,	0.0187677613123467,	0.0785678848480171,	-0.0671149720866397,	0.0424279988651851,	-0.0509821848745145,	-0.0030911678401932,	2.4708876259773427,	-0.1096681892808006,	-0.0553824556744492,	
  -0.1943750311655561,	-0.1574640114704174,	0.0661694734073640,	0.0868676771335679,	-0.2085661398416307,	0.0025781604610013,	0.0528543832774058,	0.1633803239257535,	0.2299600172203553,	-0.1096681892808006,	3.0682881730294933,	0.0392523535818378,	
  -0.1017932131746992,	0.0825989667164955,	0.0438733313105000,	-0.0105250028216375,	-0.0411680411091437,	0.0948422205788929,	-0.0709651875953097,	-0.0689650687074977,	-0.1376422610124767,	-0.0553824556744493,	0.0392523535818378,	2.2932900503795124,	
};

const PROGMEM tinytype Quu_inv_data[4*4] = {
  0.0107152297875160,	0.0001771091969278,	-0.0001802962431267,	-0.0007442303347575,	
  0.0001771091969278,	0.0092783949196966,	0.0001497405915281,	0.0004433587363416,	
  -0.0001802962431267,	0.0001497405915281,	0.0097816890913316,	0.0004445371703780,	
  -0.0007442303347575,	0.0004433587363416,	0.0004445371703780,	0.0089854161839637,	
};

const PROGMEM tinytype AmBKt_data[12*12] = {
  -0.0503461177127466,	-0.1131687684974078,	-0.0628743112154297,	0.1006933199351521,	0.0656104955071095,	0.0267767375943511,	-0.0875452643939963,	-0.1151145959049895,	-0.0376245985198742,	0.0290372734472461,	0.0915326197057919,	-0.0456711777801569,	
  0.1071894243214901,	0.0786213567915919,	0.0236340051236264,	-0.0183963480684460,	-0.0644173519930373,	0.0141392108142047,	-0.0573907894785994,	0.0380472031931725,	-0.0149877096883142,	-0.1010025402780087,	-0.0555761024788003,	-0.0453528502776097,	
  -0.0346315634654271,	-0.0209642282574619,	-0.0279775968571433,	-0.0212598096475142,	0.0828410623277186,	0.0257768671146318,	-0.0544161205285116,	-0.0504804906024594,	-0.0333782889750800,	0.0514584721835992,	-0.1223106975119262,	-0.0362650030231263,	
  0.0646122397936726,	0.1202643682883207,	-0.1229894061507022,	0.0534891299721920,	0.0859921373970572,	0.1073704861995700,	-0.0858764620856334,	-0.1039134212872581,	-0.0949848042313798,	-0.0547703687307923,	-0.0385152074522992,	0.0376277556762521,	
  -0.0223966934012480,	0.0215395579898183,	0.0267891446792402,	0.0347145885757470,	0.0581916162605221,	-0.0691034035687433,	0.0785508954133027,	0.0389671266196714,	0.1147721240187207,	-0.0651545920663160,	0.0864574708212131,	-0.1271242739884529,	
  0.0811419852195784,	0.0093411339000207,	-0.0078907592867216,	-0.0818662177844115,	0.0172751820358846,	-0.0606289010932968,	0.0467891450029764,	0.0239985950718367,	0.0178782853850495,	0.0698477917100928,	-0.0575074103110324,	-0.1193869686110254,	
  0.0326722572027954,	0.0139298913050601,	-0.0656211667136997,	0.0669043433352236,	0.1058930407806932,	-0.0110156318296710,	0.0092023951243391,	-0.0890826230578279,	-0.0494985569998070,	0.0494917074248603,	-0.1311556859440345,	-0.1109417018939068,	
  -0.1056183351601751,	0.0307077204570650,	0.0256871499730646,	0.0785404247346044,	-0.0732474100176083,	0.0452426387351230,	0.0195045553521978,	0.1114904256146982,	0.0763504944905433,	-0.0029953315134591,	0.0904808951146037,	-0.0554577508794655,	
  0.0141579192173086,	-0.1219706605318007,	-0.0446520939242446,	-0.0043874648658295,	-0.0537153242606966,	-0.0245333845038260,	-0.0169775250243792,	-0.0031338277546119,	0.0923353389160116,	-0.0720298855924135,	0.1301136314757647,	-0.0822072697029496,	
  -0.1090644019277592,	0.0857401997658789,	-0.0311472055649531,	0.0878443413375885,	-0.0480855026306088,	-0.0719060216792613,	-0.0828178636050678,	-0.0909017500271237,	0.0310315773514058,	0.0330856171254147,	-0.0036490162549083,	0.0958154010911285,	
  -0.0397956328256754,	0.1314582351302119,	0.0702369169781545,	-0.0786383530838230,	0.1326948819497999,	0.0194865929892305,	0.0546316247324515,	-0.0219716103117165,	-0.0853251589665468,	-0.1013676255855627,	-0.0275908010314094,	0.0708241485494243,	
  -0.1164697531349026,	-0.1261602407885388,	0.0936352094194515,	-0.0294935268764929,	0.0104245867782444,	-0.0755065685426085,	-0.0789963588249505,	0.1199590376553236,	0.1100644132940557,	0.0383851021289509,	-0.0073318556001967,	-0.0378890342319764,	
};

const PROGMEM tinytype coeff_d2p_data[12*4] = {
  -0.0049408859298388,	-0.0013671617951737,	0.0120113748593209,	0.0075047283518725,	
  0.0097655196835838,	-0.0585785781618422,	-0.0205065214929386,	0.0591283541330513,	
  0.0188952230583513,	0.0152507301567162,	0.0392707397866296,	0.0161260773096992,	
  0.0183269536270147,	-0.0117658706674825,	0.0239169191716116,	0.0216321175177541,	
  0.0107555660636104,	-0.0354189551206757,	0.0389585900416487,	0.0013979870781913,	
  0.0072549021099420,	0.0295696482210808,	-0.0189363859379118,	0.0755580827545267,	
  -0.0329024521017019,	0.0372153466272625,	0.0441358298714561,	-0.0534037939064097,	
  0.0069044455789132,	0.0685567867627092,	-0.0023439009405540,	-0.0058762240793265,	
  0.0154037267373871,	0.0451140893618666,	-0.0054292473144147,	0.0232770019480196,	
  0.0244052314776196,	-0.0069797197835747,	0.0234957292884465,	-0.0104279919626990,	
  0.0186371193343151,	0.0121584036258896,	-0.0260263162779324,	-0.0195040734916643,	
  -0.0170668310625565,	-0.0064762473635922,	-0.0040277822806126,	-0.0158588351090158,	
};

const PROGMEM tinytype dKinf_drho_data[4*12] = {
  0.0000099941698534,	-0.0000927829252559,	0.0000159720988965,	0.0000104208767875,	0.0000090048687282,	-0.0000174863464292,	0.0000195808286225,	0.0000268940631249,	0.0000011584822828,	0.0000685255223261,	-0.0000349248640142,	-0.0000447786792953,	
  0.0001007023112330,	0.0000899652326621,	0.0000436833303549,	-0.0000308256704452,	-0.0000090992726408,	-0.0000200863692880,	-0.0000577394481466,	-0.0000173210016063,	-0.0000423871798495,	-0.0000973892889452,	-0.0000454505606432,	0.0000996835035325,	
  0.0000526618109337,	0.0000007120772455,	0.0001139254441835,	-0.0001402559367778,	-0.0001157254080720,	0.0000029439418034,	0.0000529312851471,	0.0001381155362047,	-0.0000002610011956,	-0.0000602458151068,	0.0000591823306519,	0.0000779672738879,	
  -0.0001858965935157,	-0.0000189744512760,	0.0000346867461287,	0.0001023516473027,	0.0000874153464395,	-0.0000046676757065,	0.0000361389045141,	-0.0000435660983073,	-0.0000200607032841,	0.0000491009654990,	-0.0000060515074640,	0.0001108205602329,	
};

const PROGMEM tinytype dPinf_drho_data[12*12] = {
  0.0006641257204745,	0.0002060480756820,	0.0000457488208926,	-0.0004072067844746,	-0.0003216285322807,	-0.0000097531673124,	-0.0001400722830942,	0.0001736461344759,	-0.0000111670786868,	-0.0003321234213362,	0.0000074496554687,	-0.0000711715814851,	
  0.0002060480756820,	0.0002305332659639,	0.0000021024437761,	-0.0000886554414160,	-0.0000527238264600,	-0.0000120840367930,	-0.0000950333836986,	-0.0000388878763192,	-0.0000370532980653,	-0.0002045061271153,	-0.0000269235026147,	0.0001085099955708,	
  0.0000457488208926,	0.0000021024437761,	0.0001731801454264,	-0.0001479343296843,	-0.0001102215890277,	-0.0000091347299173,	0.0000484976905831,	0.0001554179681863,	-0.0000228906597625,	-0.0000793493455449,	0.0000373563742794,	0.0001504087809173,	
  -0.0004072067844746,	-0.0000886554414160,	-0.0001479343296843,	0.0003957362769077,	0.0003195808165561,	-0.0000068738802881,	0.0000034531472287,	-0.0002744996646155,	-0.0000106792726808,	0.0002304662261345,	-0.0000876400182949,	-0.0000088009076033,	
  -0.0003216285322807,	-0.0000527238264600,	-0.0001102215890277,	0.0003195808165561,	0.0002683364454444,	-0.0000122248129360,	-0.0000079810548753,	-0.0002269061079176,	-0.0000150491956833,	0.0001722393138061,	-0.0000893571720772,	0.0000128203485070,	
  -0.0000097531673124,	-0.0000120840367930,	-0.0000091347299173,	-0.0000068738802881,	-0.0000122248129360,	0.0000102816874230,	0.0000088671442119,	0.0000084617631153,	0.0000085206747416,	0.0000069930472783,	0.0000230397578728,	-0.0000217702429357,	
  -0.0001400722830942,	-0.0000950333836986,	0.0000484976905831,	0.0000034531472287,	-0.0000079810548753,	0.0000088671442119,	0.0000995210913315,	0.0000692048671509,	0.0000207709379544,	0.0000841265755087,	0.0000526858531730,	0.0000148389146494,	
  0.0001736461344759,	-0.0000388878763192,	0.0001554179681863,	-0.0002744996646155,	-0.0002269061079176,	0.0000084617631153,	0.0000692048671509,	0.0002585271302861,	0.0000236545190289,	-0.0000844370207154,	0.0000912276527170,	0.0000102857520934,	
  -0.0000111670786868,	-0.0000370532980653,	-0.0000228906597625,	-0.0000106792726808,	-0.0000150491956833,	0.0000085206747416,	0.0000207709379544,	0.0000236545190289,	0.0000270583335257,	0.0000352339861056,	0.0000199870713855,	-0.0000678122129646,	
  -0.0003321234213362,	-0.0002045061271153,	-0.0000793493455449,	0.0002304662261345,	0.0001722393138061,	0.0000069930472783,	0.0000841265755087,	-0.0000844370207154,	0.0000352339861056,	0.0002607294613836,	-0.0000135539257109,	-0.0001055391155858,	
  0.0000074496554687,	-0.0000269235026147,	0.0000373563742794,	-0.0000876400182949,	-0.0000893571720772,	0.0000230397578728,	0.0000526858531730,	0.0000912276527170,	0.0000199870713855,	-0.0000135539257109,	0.0000842603122411,	-0.0000067246592414,	
  -0.0000711715814851,	0.0001085099955708,	0.0001504087809173,	-0.0000088009076033,	0.0000128203485070,	-0.0000217702429357,	0.0000148389146494,	0.0000102857520934,	-0.0000678122129646,	-0.0001055391155858,	-0.0000067246592414,	0.0002988101857876,	
};

const PROGMEM tinytype dC1_drho_data[4*4] = {
  -0.0001154975241999,	-0.0000031695481232,	0.0000039475506811,	0.0000146774276037,	
  -0.0000031695481232,	-0.0000864793585918,	-0.0000029690811058,	-0.0000079998033815,	
  0.0000039475506811,	-0.0000029690811058,	-0.0000960229230355,	-0.0000085155977738,	
  0.0000146774276037,	-0.0000079998033815,	-0.0000085155977738,	-0.0000817362000952,	
};

const PROGMEM tinytype dC2_drho_data[12*12] = {
  0.0000095331390574,	-0.0000035714756477,	-0.0000497265610743,	0.0000383023662907,	0.0000308707262093,	-0.0000009885686995,	-0.0000245388672198,	-0.0000444846783771,	0.0000041835855743,	0.0000204061911218,	-0.0000230738975480,	-0.0000526771389092,	
  0.0002455852058867,	0.0001048977334809,	0.0000331340875565,	-0.0001506196676091,	-0.0001142439551290,	-0.0000070958427052,	-0.0000640599479966,	0.0000559432528251,	-0.0000162360831833,	-0.0001473171640264,	-0.0000061444814909,	0.0000154119969987,	
  0.0000032768641417,	0.0000269528305962,	-0.0001292071024905,	0.0000826790995818,	0.0000632999274138,	0.0000111264340985,	-0.0000563432860425,	-0.0001099816177846,	0.0000170466191361,	0.0000244865073172,	-0.0000242196896639,	-0.0001150892045686,	
  0.0000849306169086,	0.0000651294628704,	-0.0000682001502647,	0.0000098754867885,	0.0000108249648894,	0.0000017728038175,	-0.0000658378950888,	-0.0000626868471462,	-0.0000016935168880,	-0.0000428800086124,	-0.0000261986674148,	-0.0000503202067234,	
  0.0000368807011205,	0.0000978357991322,	-0.0000725106063030,	0.0000936042669899,	0.0000899552807533,	-0.0000133770021728,	-0.0000997326300965,	-0.0001426439133559,	-0.0000329627033011,	-0.0000449489055191,	-0.0000784638049619,	0.0000184196433892,	
  0.0001587921452526,	0.0000005209407746,	-0.0000229490415752,	-0.0001271415280579,	-0.0001137301010411,	0.0000151539935407,	-0.0000042377239768,	0.0000804258125445,	0.0000346669405730,	-0.0000391228364835,	0.0000426195890771,	-0.0001180069355392,	
  -0.0002611713131789,	-0.0001185482725640,	-0.0000590080874747,	0.0002099919925980,	0.0001667022575920,	-0.0000035626409435,	0.0000430801360906,	-0.0001064374779208,	0.0000068116551008,	0.0001771632625004,	-0.0000356146294657,	-0.0000286922403861,	
  -0.0001020130990458,	-0.0000711371721721,	-0.0000312445352800,	0.0000341922530828,	0.0000152206714292,	0.0000166540548074,	0.0000506286547834,	0.0000096897849288,	0.0000322664205729,	0.0000808767671000,	0.0000385456169426,	-0.0000662430706315,	
  0.0000230675571637,	-0.0000379004832885,	-0.0000462944326219,	-0.0000485820748103,	-0.0000550031239797,	0.0000236693977801,	0.0000274049183047,	0.0000453803715630,	0.0000448497816649,	0.0000274963407835,	0.0000554592744846,	-0.0001209524822601,	
  -0.0000998785319942,	0.0001063363733490,	-0.0000955959331363,	0.0001521121151087,	0.0001312030632932,	0.0000057820697440,	-0.0000717269313094,	-0.0001770993589714,	-0.0000213616561215,	-0.0000182513288369,	-0.0000389311951139,	0.0000414241743306,	
  -0.0001084163470459,	0.0000159169551087,	0.0000898415386426,	-0.0000402226351974,	-0.0000355939893164,	0.0000136951261334,	0.0000674039083513,	0.0000679284646102,	-0.0000030138679985,	-0.0000274559552056,	0.0000715880080510,	0.0001294288322733,	
  -0.0001346591479240,	-0.0000706472805215,	0.0000574053429464,	0.0000833223171046,	0.0000745207360770,	-0.0000205848556100,	0.0000397212137598,	-0.0000122182226054,	-0.0000241842176160,	0.0000737380562888,	-0.0000357687689051,	0.0000860522494044,	
};

