#pragma once

typedef float tinytype;

const PROGMEM tinytype Adyn_data[12*12] = {
  0.0209524112321636,	-0.1336997283777469,	0.0161857895244630,	0.1109637540684027,	-0.0121740411557285,	-0.0843285562204999,	0.0547818501727373,	0.0507783048875812,	-0.1048241100992505,	-0.0458256877999312,	0.0640654161898268,	-0.1149223077147193,	
  0.1238476601889618,	-0.0510572337238269,	0.0847140380074010,	0.1102216940701274,	-0.1105444957446085,	-0.0273705047423887,	-0.0684967519890787,	-0.0799049272942368,	-0.0709210558014700,	0.0991614198383060,	-0.1073810648651387,	-0.1074964076371569,	
  -0.0102656047434007,	-0.0847471477876329,	-0.0992754701486597,	0.0306923248543633,	0.1357842786057767,	-0.0128576810981971,	-0.0446830887171756,	-0.0809041927544988,	0.0771450392234222,	-0.0513818791642327,	-0.0137164736420913,	0.0853401920564712,	
  -0.0134802785930707,	0.1141236337414037,	0.1038776013210667,	-0.0204554385343626,	0.0157751645799053,	-0.0652486085042038,	0.0916707064672208,	0.0594297765428409,	0.0032494306166363,	-0.0348521797688452,	0.1346811727353892,	0.0852003051633812,	
  0.0348519981093859,	-0.0936022197525529,	-0.0954179903534212,	0.0844991404297226,	0.0914564371429831,	0.0382655301532660,	0.0499261385696443,	-0.1159672981442861,	0.1108163448608283,	-0.1051527930572339,	0.0518275045823607,	-0.0298716486897849,	
  0.1301444969803124,	-0.1034319705137491,	0.0213417901182923,	0.1051111747389866,	-0.0580273077875541,	-0.1112711832433501,	-0.1201933273901999,	0.0612473606482819,	0.0262464619084891,	-0.0728150281320642,	0.1065660001638440,	-0.0640887801454766,	
  0.0141520466408110,	0.1253604835927841,	-0.0295752029901452,	-0.0602674645026477,	-0.0904008513123357,	-0.1042508292306785,	0.0737333827160906,	-0.1022572132671069,	0.0326339322711223,	-0.0003350955823694,	0.1253434166217574,	-0.0245487239000979,	
  -0.0845447271549052,	0.0643665763468747,	-0.1152640818576654,	0.0772392891608803,	-0.0816328200407599,	0.0707288735463035,	0.0250522325389388,	-0.0544556799226987,	0.0106020776962468,	-0.0933943029114210,	-0.0837549661511434,	-0.0961890921951535,	
  0.1040294003510728,	-0.1013716264727294,	0.0879921412939161,	0.0136823024373513,	0.1026450663451025,	-0.0853381491351763,	0.1089902845486296,	-0.1071954475609770,	0.0612377016775075,	0.1173711994209191,	-0.0636430561681050,	0.0854765040258404,	
  0.0118602735594721,	-0.0737025576704279,	-0.0944949949024248,	-0.1355678913948017,	-0.0603083416940498,	0.1255963232741913,	0.0461510292191262,	-0.1184622021516400,	0.0008829164745253,	-0.0412643808727827,	-0.0957063422600849,	0.0752297048350727,	
  0.0943214895966774,	0.0081809907852089,	0.0443863357747780,	-0.0318132937268200,	0.1371225992327109,	-0.1222465940966784,	-0.0922495708715377,	-0.0222952078750550,	-0.1355737688959020,	-0.0781253223560187,	0.0903986839446027,	0.0060265853741092,	
  0.1267671378663418,	0.0862909728779857,	0.1025799740637932,	-0.0648124874246450,	0.0251713048462271,	-0.0664105492782169,	-0.0143329794677755,	-0.0572566116390502,	-0.1115218414929854,	0.1033851318896077,	0.0738090304286766,	0.0383081965552964,	
};

const PROGMEM tinytype Bdyn_data[12*4] = {
  -0.2631230946808225,	0.5954716560150366,	0.3951826094973729,	0.3928342666437461,	
  0.1313304496475582,	0.9604546858202125,	0.2485171367280927,	0.0826586219579264,	
  -0.0889496552566349,	-0.6500098263898095,	0.4976327378095360,	-0.0963526143816507,	
  -0.0229109494533315,	0.9772228381619490,	0.4053093396805949,	-0.3301132401425482,	
  0.1964461090035332,	-0.3358610447261992,	-0.6048798616851512,	0.8321394400060422,	
  -0.2600546350200537,	0.8052742409391951,	0.2774451747738425,	0.0865224828141327,	
  0.5707401642276229,	0.2513840662448590,	-0.5662579040941078,	0.0482683314745913,	
  0.6799060101647687,	0.9307455119367845,	0.1393391747462620,	-0.3982114841266817,	
  0.9894844948145227,	-0.4925930400420220,	0.6336062995763478,	0.2614480266922543,	
  -0.0476029371316316,	-0.1993268416116112,	-0.1584128622973699,	-0.4493245995330091,	
  0.7762285831960876,	0.3505995085262270,	0.3552934852111864,	0.0942554508693256,	
  -0.8597468185772235,	0.2113961642909661,	0.2271590373724144,	0.8256073413489491,	
};

const PROGMEM tinytype Q_data[12] = {
  8.0986630577646483,3.7321709476126124,1.8495197946214876,6.1297918158723590,3.5610741756661208,8.2437900193901310,6.9365979995898632,1.1644668820131547,5.1794488945977939,6.7633446762006768,
  7.8693023856588873,7.9967591580916801,
};

const PROGMEM tinytype Qf_data[12] = {
  72.8879675198818404,33.5895385285135148,16.6456781515933869,55.1681263428512310,32.0496675809950844,74.1941101745111808,62.4293819963087699,10.4802019381183928,46.6150400513801486,60.8701020858060886,
  70.8237214709299820,71.9708324228251257,
};

const PROGMEM tinytype R_data[4] = {
  0.1000000000000000,0.1000000000000000,0.1000000000000000,0.1000000000000000,
};

const PROGMEM tinytype umin[4] = {
  -3.0,	
  -3.0,	
  -3.0,	
  -3.0,	
};

const PROGMEM tinytype umax[4] = {
  3.0,	
  3.0,	
  3.0,	
  3.0,	
};

const PROGMEM tinytype xmin[12] = {
  -10000.0,	
  -10000.0,	
  -10000.0,	
  -10000.0,	
  -10000.0,	
  -10000.0,	
  -10000.0,	
  -10000.0,	
  -10000.0,	
  -10000.0,	
  -10000.0,	
  -10000.0,	
};

const PROGMEM tinytype xmax[12] = {
  10000.0,	
  10000.0,	
  10000.0,	
  10000.0,	
  10000.0,	
  10000.0,	
  10000.0,	
  10000.0,	
  10000.0,	
  10000.0,	
  10000.0,	
  10000.0,	
};

const PROGMEM tinytype rho_value = 85.0;

const PROGMEM tinytype Kinf_data[4*12] = {
  0.0006746849189584,	0.0005580517080830,	-0.0014241453125307,	-0.0009906394688895,	0.0094214296369554,	-0.0081348845792265,	0.0051047805266926,	-0.0105012404984187,	0.0047797433113002,	-0.0038255848149276,	-0.0010648149429262,	0.0024502483936253,	
  0.0121512125343082,	0.0031415678715910,	0.0121479998194241,	0.0119391656199130,	-0.0102155359522935,	-0.0193484074467035,	-0.0066787632306480,	0.0088760660826313,	-0.0126470579749113,	-0.0074389856298812,	0.0194464037409341,	-0.0124603658189372,	
  0.0102981438157586,	-0.0092316478902362,	0.0133905789231352,	0.0068252346276329,	0.0100110454831988,	-0.0116964966724205,	-0.0029902164555038,	0.0054665086315576,	-0.0100313827220251,	0.0030637207749649,	0.0015130053157781,	0.0022094844216239,	
  0.0155927129768248,	-0.0040901972490154,	0.0079197959553981,	0.0068015434933202,	0.0082345033202603,	-0.0130312959334399,	-0.0010821308908915,	-0.0064852181254831,	-0.0078991897524247,	0.0061214411754207,	0.0102441487920633,	-0.0056547535385340,	
};

const PROGMEM tinytype Pinf_data[12*12] = {
  8.5654151817967197,	-0.1387095957739726,	0.2054619656487573,	0.0524213670913919,	0.0493432113571184,	-0.3047090399980968,	-0.1686760222228604,	-0.1689127698882658,	-0.1565719186063834,	0.0988343307556174,	0.1380646167465449,	-0.0309399116633978,	
  -0.1387095957739726,	4.3816521596864506,	0.1219758073867447,	-0.3075602251031838,	-0.0270852176631037,	-0.0379727374242771,	0.0836539004290351,	-0.0097914743936909,	-0.0319385151030086,	0.1304155729472684,	0.1901735291422018,	0.1757080486405645,	
  0.2054619656487573,	0.1219758073867446,	2.2037572438664492,	0.0192026732867626,	0.0831953084901133,	-0.2618706004712706,	-0.0147888569915173,	0.0724203822732863,	-0.1661587915595261,	0.2082453543433065,	0.1373889622671026,	0.0501890436075421,	
  0.0524213670913919,	-0.3075602251031839,	0.0192026732867626,	6.5829325171786914,	-0.0209963503428703,	-0.1256663740787671,	-0.1113979135705209,	0.1857208698372816,	0.0470752233896575,	-0.0930700261669157,	0.0284164907983114,	-0.2903605036094412,	
  0.0493432113571185,	-0.0270852176631037,	0.0831953084901133,	-0.0209963503428703,	4.0030228563945318,	-0.1059007309584341,	-0.0131807877205887,	-0.0092195101361107,	-0.0899267029172017,	-0.0591563842295180,	0.0893577146929909,	0.1510168763788273,	
  -0.3047090399980968,	-0.0379727374242770,	-0.2618706004712706,	-0.1256663740787671,	-0.1059007309584341,	8.7595774379353522,	0.0702261893542825,	-0.0367961499638254,	0.1671444977515587,	-0.0066578593687784,	-0.4092237768504036,	0.0875915322157544,	
  -0.1686760222228605,	0.0836539004290350,	-0.0147888569915173,	-0.1113979135705208,	-0.0131807877205887,	0.0702261893542825,	7.3619208418344213,	-0.1069105660809009,	0.1209563855439525,	0.0772697814141732,	-0.0102411976950735,	0.1304353010797485,	
  -0.1689127698882658,	-0.0097914743936909,	0.0724203822732863,	0.1857208698372816,	-0.0092195101361107,	-0.0367961499638254,	-0.1069105660809009,	1.6085169560613177,	-0.0219948764224908,	-0.1168575298351592,	0.1170701547525294,	-0.1083335866613596,	
  -0.1565719186063834,	-0.0319385151030086,	-0.1661587915595260,	0.0470752233896575,	-0.0899267029172016,	0.1671444977515587,	0.1209563855439526,	-0.0219948764224908,	5.6099921410470213,	-0.0288229832648460,	-0.0910363002837632,	0.0823636533893607,	
  0.0988343307556174,	0.1304155729472684,	0.2082453543433065,	-0.0930700261669157,	-0.0591563842295180,	-0.0066578593687784,	0.0772697814141732,	-0.1168575298351592,	-0.0288229832648460,	7.1647681250816397,	-0.1754679177184672,	0.0888263512553632,	
  0.1380646167465449,	0.1901735291422018,	0.1373889622671026,	0.0284164907983114,	0.0893577146929909,	-0.4092237768504036,	-0.0102411976950736,	0.1170701547525294,	-0.0910363002837632,	-0.1754679177184672,	8.4453445247093040,	-0.0338667355973727,	
  -0.0309399116633978,	0.1757080486405645,	0.0501890436075421,	-0.2903605036094411,	0.1510168763788273,	0.0875915322157544,	0.1304353010797485,	-0.1083335866613596,	0.0823636533893607,	0.0888263512553632,	-0.0338667355973727,	8.3382221992590235,	
};

const PROGMEM tinytype Quu_inv_data[4*4] = {
  0.0094110362388337,	0.0001887366779940,	-0.0000434894270869,	0.0004230903712731,	
  0.0001887366779940,	0.0092233767900967,	-0.0006317597971673,	-0.0000404054926806,	
  -0.0000434894270869,	-0.0006317597971673,	0.0104067695441816,	-0.0001417795530021,	
  0.0004230903712731,	-0.0000404054926806,	-0.0001417795530021,	0.0101922722452028,	
};

const PROGMEM tinytype AmBKt_data[12*12] = {
  0.0036992344522511,	-0.1301686503683344,	0.0001743832751799,	0.0982245658416843,	-0.0108029694735792,	-0.0652062123439001,	0.0617088296604572,	0.0431170869810164,	-0.0889681842769323,	-0.0460180234488726,	0.0475832904806384,	-0.1055095649659163,	
  0.1082402271162547,	-0.0515155437195646,	0.0692510405487799,	0.0966263736530848,	-0.1051388260177075,	-0.0037349492704592,	-0.0619199481907036,	-0.0878733157981005,	-0.0562559488948785,	0.1055412672114985,	-0.1271413868064401,	-0.0959322637297081,	
  -0.0059294790433736,	-0.0784555902779463,	-0.0974063255343399,	0.0356236690904313,	0.1257937047240808,	-0.0215929710125139,	-0.0471865185162627,	-0.0794139256810116,	0.0735803206483973,	-0.0574923682685654,	-0.0009367055040071,	0.0758144185146546,	
  -0.0243658361873898,	0.1134578522079862,	0.0891607727410961,	-0.0326664121170785,	0.0246346218524495,	-0.0460883847755951,	0.0991690387179355,	0.0461588052913531,	0.0171761189461566,	-0.0268912667623976,	0.1184218009230751,	0.0946707630458176,	
  0.0320544061808959,	-0.0948371400224599,	-0.0895488656818105,	0.0871722627208975,	0.0853778581977291,	0.0371341002484011,	0.0457719499792800,	-0.1022200587168763,	0.1061351747247960,	-0.1101404469241753,	0.0509585990182756,	-0.0284959258601484,	
  0.1163286029192374,	-0.1029015000800941,	0.0067885712762159,	0.0927571369772988,	-0.0508408993179434,	-0.0934332869215364,	-0.1125643197839821,	0.0504132577371136,	0.0411404225637949,	-0.0691991225231547,	0.0893232768789431,	-0.0535413175427561,	
  0.0157911267373005,	0.1192221743742725,	-0.0246159538327012,	-0.0591668388712684,	-0.0879386487467165,	-0.1007382773099531,	0.0708578130480062,	-0.0950865507459715,	0.0277861406024435,	0.0051577461325495,	0.1214249164803453,	-0.0212907581082888,	
  -0.0915388735018132,	0.0607207201213106,	-0.1243145717264105,	0.0685579362410439,	-0.0766462994634135,	0.0907088423578681,	0.0277834278256238,	-0.0589213691998000,	0.0173757104565416,	-0.0818587304639606,	-0.0972621282949049,	-0.0888172567761837,	
  0.0987457599731724,	-0.0934576912585554,	0.0848303609754912,	0.0144409129391019,	0.0797946497625773,	-0.0760017172394091,	0.1028268120538808,	-0.0942004113602832,	0.0586995419057088,	0.1139505322336486,	-0.0566472373417978,	0.0769926126588421,	
  0.0229520013116173,	-0.0763500319754377,	-0.0864615668852242,	-0.1290979468091073,	-0.0566102412117804,	0.1136442645850085,	0.0441028582081752,	-0.1192408565827220,	-0.0065488521488794,	-0.0396934325746650,	-0.0870382127841912,	0.0706718493735685,	
  0.0844090091359909,	0.0103118506857268,	0.0357286459135570,	-0.0382962406007865,	0.1290579720746720,	-0.1037645622825789,	-0.0927060751600387,	-0.0185867369926227,	-0.1305412633437542,	-0.0742131885992715,	0.0829041963499880,	0.0082412065908742,	
  0.1095657016165973,	0.0915805897851571,	0.0892070963957185,	-0.0753538983417072,	0.0263583082709159,	-0.0558986127806525,	-0.0069596258218622,	-0.0640489092164259,	-0.0959385845490578,	0.0959188119080669,	0.0599813267293655,	0.0472155650368525,	
};

const PROGMEM tinytype coeff_d2p_data[12*4] = {
  -0.0208577527195233,	0.0389986862877079,	0.0317350934220118,	0.0318635726213920,	
  0.0066453368328430,	0.0347934135184580,	0.0078290084068354,	0.0048111727427771,	
  -0.0024340666877832,	-0.0122177681200558,	0.0115810548688574,	-0.0021611948239736,	
  0.0019496118336008,	0.0551802523448941,	0.0243190413538002,	-0.0257193498039766,	
  0.0072408939266668,	-0.0113706657698803,	-0.0244127685761168,	0.0361007061121809,	
  -0.0212038951260261,	0.0599403625958971,	0.0178338688648349,	0.0056676403305914,	
  0.0398736298581181,	0.0185402297429473,	-0.0446213128183393,	0.0071320401745700,	
  0.0115993716037993,	0.0140736017654428,	0.0026793592506799,	-0.0079800905929031,	
  0.0513035978581303,	-0.0248821633220348,	0.0369943541212601,	0.0164949005673219,	
  -0.0077076465159642,	-0.0138275280926593,	-0.0098190221904145,	-0.0317498759738043,	
  0.0636294716505062,	0.0268508315164359,	0.0289146726649673,	0.0110674814255973,	
  -0.0633738496363394,	0.0109346054925630,	0.0160835845873534,	0.0694632439145750,	
};

const PROGMEM tinytype dKinf_drho_data[4*12] = {
  -0.0000150580072511,	-0.0000041846388108,	0.0000086050207773,	0.0000046114803432,	-0.0000896414882125,	0.0000850087400851,	-0.0000466976150424,	0.0001005024507313,	-0.0000402260515112,	0.0000349326238764,	0.0000019933859524,	-0.0000184057610576,	
  -0.0001057245555842,	-0.0000344740754906,	-0.0001029645234656,	-0.0001050353402978,	0.0000988069135251,	0.0001721616119595,	0.0000579742936606,	-0.0000759251407554,	0.0001083658398110,	0.0000712276868282,	-0.0001783111110812,	0.0001151855955601,	
  -0.0000982024446445,	0.0000978097767893,	-0.0001308665629332,	-0.0000624099056106,	-0.0001087030343383,	0.0001074188123018,	0.0000267126326687,	-0.0000520680570256,	0.0000946062841070,	-0.0000365608915251,	-0.0000023202025068,	-0.0000317390117441,	
  -0.0001560987070661,	0.0000397747373801,	-0.0000773994631651,	-0.0000677267946138,	-0.0000870322315095,	0.0001335669482647,	0.0000087278046442,	0.0000708402498529,	0.0000775769194330,	-0.0000598263611633,	-0.0001024689987651,	0.0000567576975678,	
};

const PROGMEM tinytype dPinf_drho_data[12*12] = {
  0.0005344800054508,	-0.0001276833783156,	0.0004297225773283,	0.0003173049743417,	0.0000854223972965,	-0.0005731217473688,	-0.0001291646731646,	0.0000452422750845,	-0.0003557767409699,	0.0000719590206395,	0.0004046001276912,	-0.0002147844036562,	
  -0.0001276833783156,	0.0001223285356166,	-0.0001174906446599,	-0.0000500435270567,	-0.0001530645953752,	0.0000959505902989,	0.0000080430516877,	0.0000046356107723,	0.0000823835768146,	-0.0000804358288981,	0.0000017202935034,	-0.0000392456125051,	
  0.0004297225773283,	-0.0001174906446599,	0.0004122210006494,	0.0002916110795489,	0.0000427666291963,	-0.0004927420005623,	-0.0001442448621455,	0.0001438046866953,	-0.0003511303819722,	0.0000328528354225,	0.0003316196826419,	-0.0001730808414210,	
  0.0003173049743417,	-0.0000500435270567,	0.0002916110795489,	0.0002381895772599,	-0.0000076301574314,	-0.0003907847997592,	-0.0001155847659068,	0.0001127556725757,	-0.0002804115511215,	-0.0000239479088889,	0.0003114587288022,	-0.0001766377658648,	
  0.0000854223972965,	-0.0001530645953752,	0.0000427666291963,	-0.0000076301574314,	0.0003976589321248,	-0.0000994867103181,	0.0000910974460357,	-0.0001863306970690,	-0.0000071345578661,	0.0000862994078091,	-0.0000928528038477,	0.0001308879665252,	
  -0.0005731217473688,	0.0000959505902989,	-0.0004927420005623,	-0.0003907847997592,	-0.0000994867103181,	0.0007532111742150,	0.0001381587238591,	-0.0000652701811205,	0.0004254974478197,	0.0000488290590408,	-0.0005186101830590,	0.0002696784072855,	
  -0.0001291646731646,	0.0000080430516877,	-0.0001442448621455,	-0.0001155847659068,	0.0000910974460357,	0.0001381587238591,	0.0000916088433175,	-0.0001283630287918,	0.0001489216717399,	0.0000054393540987,	-0.0001420282081932,	0.0001009687131091,	
  0.0000452422750845,	0.0000046356107723,	0.0001438046866953,	0.0001127556725757,	-0.0001863306970690,	-0.0000652701811205,	-0.0001283630287918,	0.0002703780278019,	-0.0001770821006121,	-0.0000557361672072,	0.0001222424170432,	-0.0000918726338649,	
  -0.0003557767409699,	0.0000823835768146,	-0.0003511303819722,	-0.0002804115511215,	-0.0000071345578661,	0.0004254974478197,	0.0001489216717399,	-0.0001770821006121,	0.0003659101016237,	0.0000157166418771,	-0.0003485754185343,	0.0001943351472354,	
  0.0000719590206395,	-0.0000804358288981,	0.0000328528354225,	-0.0000239479088889,	0.0000862994078091,	0.0000488290590408,	0.0000054393540987,	-0.0000557361672072,	0.0000157166418771,	0.0001633570806113,	-0.0000863920211447,	0.0000531273479803,	
  0.0004046001276912,	0.0000017202935034,	0.0003316196826419,	0.0003114587288022,	-0.0000928528038477,	-0.0005186101830590,	-0.0001420282081932,	0.0001222424170432,	-0.0003485754185343,	-0.0000863920211447,	0.0004984588001396,	-0.0002956977204628,	
  -0.0002147844036562,	-0.0000392456125051,	-0.0001730808414210,	-0.0001766377658648,	0.0001308879665252,	0.0002696784072855,	0.0001009687131091,	-0.0000918726338649,	0.0001943351472354,	0.0000531273479803,	-0.0002956977204628,	0.0002014980077600,	
};

const PROGMEM tinytype dC1_drho_data[4*4] = {
  -0.0000888112566735,	-0.0000035551633562,	0.0000010186505799,	-0.0000082667939063,	
  -0.0000035551633562,	-0.0000855812055291,	0.0000123567916152,	0.0000006892672873,	
  0.0000010186505799,	0.0000123567916152,	-0.0001087745066433,	0.0000029780720810,	
  -0.0000082667939063,	0.0000006892672873,	0.0000029780720810,	-0.0001041744162486,	
};

const PROGMEM tinytype dC2_drho_data[12*12] = {
  0.0001591226861755,	-0.0000348503429077,	0.0001456979861825,	0.0001150276700581,	-0.0000052766706033,	-0.0001750693181335,	-0.0000607942182579,	0.0000644036982053,	-0.0001429748197303,	0.0000047275847020,	0.0001478739561469,	-0.0000831864011632,	
  0.0001408291140584,	0.0000060652271886,	0.0001366829742670,	0.0001213841915369,	-0.0000489183749626,	-0.0002142535385308,	-0.0000569088385123,	0.0000668078721799,	-0.0001287212572956,	-0.0000589675101267,	0.0001800445062133,	-0.0001050171328641,	
  -0.0000362331717136,	-0.0000676216570794,	-0.0000084966930181,	-0.0000433322552543,	0.0001019602907779,	0.0000788826446275,	0.0000210779900643,	-0.0000076760161692,	0.0000272563221368,	0.0000618354114397,	-0.0001244452105624,	0.0000944977067283,	
  0.0000912435750506,	0.0000070799312332,	0.0001283072856851,	0.0001056863927643,	-0.0000832822809418,	-0.0001657382579301,	-0.0000656694061269,	0.0001209873623285,	-0.0001195548328795,	-0.0000737359858254,	0.0001414093869609,	-0.0000813831027306,	
  0.0000379445367921,	0.0000153085935676,	-0.0000510235978218,	-0.0000175755446260,	0.0000574657907828,	-0.0000050481065714,	0.0000375400546957,	-0.0001356874974609,	0.0000369687372223,	0.0000447291549410,	0.0000235857025108,	-0.0000241265130987,	
  0.0001219731987839,	-0.0000039054093932,	0.0001281575441616,	0.0001089567083604,	-0.0000651889696727,	-0.0001578897696520,	-0.0000669955789244,	0.0000955934451147,	-0.0001306853952488,	-0.0000329534624473,	0.0001536173350579,	-0.0000936474777578,	
  -0.0000129016081297,	0.0000645202737154,	-0.0000493958730824,	-0.0000082987890786,	-0.0000310295377846,	-0.0000374168905612,	0.0000267833536204,	-0.0000711777041256,	0.0000455442254826,	-0.0000556581322075,	0.0000473190413241,	-0.0000391629819241,	
  0.0000601638350264,	0.0000371417757418,	0.0000773966465437,	0.0000763523557213,	-0.0000505269476951,	-0.0001798163569191,	-0.0000224559286554,	0.0000377992848392,	-0.0000558014261955,	-0.0001087749303810,	0.0001241259143050,	-0.0000676702338548,	
  0.0000658538709477,	-0.0000852129717629,	0.0000439196733228,	0.0000009476802699,	0.0002289997931155,	-0.0001022912696468,	0.0000555571399491,	-0.0001223762071861,	0.0000129578426348,	0.0000393276683598,	-0.0000615468243240,	0.0000802226876225,	
  -0.0001074860664987,	0.0000262952849635,	-0.0000756223986013,	-0.0000610346892813,	-0.0000408980095048,	0.0001153945331297,	0.0000174861311441,	0.0000132323102863,	0.0000695294129009,	-0.0000168126858969,	-0.0000818566913248,	0.0000425581747089,	
  0.0000983592756899,	-0.0000231653321090,	0.0000832112067761,	0.0000618032282714,	0.0000817653722141,	-0.0001771006075455,	0.0000056087971766,	-0.0000395711961460,	-0.0000476934431281,	-0.0000334592859166,	0.0000714510792700,	-0.0000201699936391,	
  0.0001605875030155,	-0.0000513667325006,	0.0001227935320214,	0.0000962614865281,	-0.0000014090609199,	-0.0000979833176140,	-0.0000656774247860,	0.0000557984451746,	-0.0001430310893172,	0.0000726741723624,	0.0001245343047729,	-0.0000798238560309,	
};

