#pragma once

typedef float tinytype;

const PROGMEM tinytype Adyn_data[12*12] = {
  -0.1287765567491132,	-0.0213763454604321,	-0.0948388990514940,	-0.0957397344864769,	0.0490432861116926,	0.0910295901376507,	0.1070993708503220,	-0.0230644940728361,	0.0805606317630532,	0.0842847861557221,	0.0350638963643676,	0.0985584445731456,	
  0.0552412188193902,	0.0124695690058450,	0.0807851911087707,	-0.0984095362847572,	-0.0487565456683505,	-0.1168012347905465,	0.0264432624281591,	0.0934986613561374,	0.0879281679442049,	0.0109998692431993,	0.1343458325688730,	0.0850308929858763,	
  -0.0810159488631109,	0.0587561375154563,	0.0640226678964770,	-0.0558017076452385,	0.1341472450710017,	0.1207609074457330,	0.0844170328991009,	-0.1074156226642392,	-0.1132364759878605,	0.0859798977353016,	-0.1114040784382635,	0.0426552065994136,	
  0.0294464166978056,	0.0963132678459744,	-0.1350561139080309,	0.1172362110175181,	0.0905052184868554,	0.0411210383003961,	-0.1224263088210022,	0.0199936798931646,	-0.0566010772681267,	0.0233585373846487,	0.0010925532094620,	0.0319695955423926,	
  0.1334421002874826,	-0.0765017092658392,	-0.1228166509190858,	0.0759586097762019,	0.0516840633145868,	0.1137923703454690,	-0.1280450868648245,	0.0825055395605279,	-0.1255815880850363,	-0.1066496483133620,	0.1353638996824910,	-0.0386960077487434,	
  0.0270034566881634,	0.1043620193334460,	-0.0006913781435890,	-0.0951305609821177,	-0.0695334318512269,	-0.0800827636541092,	-0.0675543144773246,	0.0348161111347433,	-0.0986163230757202,	0.1053442404903247,	0.0801398061079266,	-0.0172651977017148,	
  0.0372687986297826,	-0.0180859021199213,	-0.0741839652964330,	0.1140878145296980,	0.0366157146402113,	-0.1371179888859414,	0.0465406002245156,	0.0453564583187694,	-0.0074707981761253,	0.0301774373147757,	-0.0655044115953021,	0.1042843657924584,	
  0.1315525871692294,	-0.0085473407808808,	-0.0849766715640774,	0.0145892142120463,	-0.0819041529466168,	0.0301904009150115,	-0.0502449333228535,	-0.0381004614318214,	-0.0445979888599299,	0.1369731403907397,	-0.0294415185232683,	0.1324762365678700,	
  0.0099588809534705,	0.0248347728227858,	0.0399878161707741,	-0.1066234500461892,	-0.0374312490567569,	-0.0295512175816698,	0.0353249038201860,	-0.0903598380262018,	0.1181352296316129,	-0.1044149797497894,	-0.0331875523906264,	0.0366724503936968,	
  -0.0713298617490692,	0.0941246967248486,	0.1289557954615246,	-0.0223610165452783,	0.1377360538863089,	-0.0798665774609970,	0.0772610957180462,	-0.0669066488810531,	-0.1109930448619547,	-0.1123780984312297,	-0.0311375980354240,	-0.0331660877683478,	
  -0.1257347969867290,	0.0273074721747027,	0.0283652653545470,	-0.0313122323089558,	0.0853044785629487,	-0.1388438035432318,	-0.0923040267050481,	-0.0044071354363633,	0.0842497211899274,	0.1098925679560783,	0.1295072568418523,	-0.1371647848016248,	
  0.0619142512999492,	0.1013233595628864,	-0.0019843322287766,	0.0253589071474711,	-0.0705481973117554,	0.1107775113085352,	-0.0480102861942233,	0.0972423938249346,	0.0716328696997803,	0.1354710869878255,	-0.0407688746887715,	0.0315466986771081,	
};

const PROGMEM tinytype Bdyn_data[12*4] = {
  -0.8745026932573710,	-0.0934282672837101,	-0.9752281698404270,	0.7053134205585319,	
  0.1152502455877416,	-0.6042002467745977,	-0.8111993366209436,	0.7821349673735130,	
  -0.2728436583898510,	0.5918397596750067,	-0.0319877285347476,	0.5908411659534345,	
  -0.7741063359642533,	0.0332618930741779,	0.2158025064814231,	0.5557880578095653,	
  -0.6072810338587638,	-0.7417084096262887,	0.9216644620114784,	-0.7665341231290430,	
  0.4998293498139832,	0.9842065443736199,	-0.2608192758259724,	0.9913335838198316,	
  0.6764959165947411,	0.7777624750655059,	0.9352525746113045,	-0.7794871658449134,	
  -0.0274498978052224,	-0.1983170995214483,	0.4961861620987464,	0.5255358696397805,	
  0.8094803160362145,	0.5491704648957132,	-0.1974131557029959,	0.0926009614378729,	
  -0.4504163200670945,	0.1593233329240857,	-0.2915972221506631,	-0.1428496414748199,	
  -0.0915851805290031,	0.6323046606605285,	0.4261326349773698,	0.7553745577546136,	
  -0.5401345001275704,	-0.5814124051290326,	0.7542094427791606,	0.8512850532768255,	
};

const PROGMEM tinytype Q_data[12] = {
  8.8588466288046419,3.9923360127591363,9.1922790993160053,7.8218497216717298,8.2988680106139210,7.1712772635706985,0.5381856264991216,1.6718756227279221,2.7689058793599903,0.9332421156407609,
  9.1641108251293364,9.2247526726607489,
};

const PROGMEM tinytype Qf_data[12] = {
  79.7296196592417772,35.9310241148322262,82.7305118938440529,70.3966474950455705,74.6898120955252836,64.5414953721362821,4.8436706384920942,15.0468806045512995,24.9201529142399139,8.3991790407668478,
  82.4769974261640328,83.0227740539467334,
};

const PROGMEM tinytype R_data[4] = {
  0.1000000000000000,0.1000000000000000,0.1000000000000000,0.1000000000000000,
};

const PROGMEM tinytype umin[4] = {
  -3.0,	
  -3.0,	
  -3.0,	
  -3.0,	
};

const PROGMEM tinytype umax[4] = {
  3.0,	
  3.0,	
  3.0,	
  3.0,	
};

const PROGMEM tinytype xmin[12] = {
  -10000.0,	
  -10000.0,	
  -10000.0,	
  -10000.0,	
  -10000.0,	
  -10000.0,	
  -10000.0,	
  -10000.0,	
  -10000.0,	
  -10000.0,	
  -10000.0,	
  -10000.0,	
};

const PROGMEM tinytype xmax[12] = {
  10000.0,	
  10000.0,	
  10000.0,	
  10000.0,	
  10000.0,	
  10000.0,	
  10000.0,	
  10000.0,	
  10000.0,	
  10000.0,	
  10000.0,	
  10000.0,	
};

const PROGMEM tinytype rho_value = 85.0;

const PROGMEM tinytype Kinf_data[4*12] = {
  0.0046457132495024,	-0.0017563460213801,	0.0193822833265002,	-0.0077246158917640,	-0.0160882439206566,	-0.0242648507315104,	0.0046666401771028,	-0.0037762202117333,	0.0032817590081307,	-0.0090499131584823,	-0.0040364281195200,	-0.0062572910106834,	
  -0.0180096114063664,	0.0090968281911693,	0.0092087837762494,	-0.0106779229049511,	0.0097077514832769,	-0.0150457352988195,	0.0030241664296924,	-0.0155015281463907,	-0.0068886292880731,	0.0102031866558445,	-0.0042621289056397,	-0.0081939137813918,	
  0.0173504788933543,	0.0039470916480485,	-0.0052646906513429,	0.0198381104195803,	0.0015417318465116,	0.0058315234287442,	-0.0256608986925796,	0.0108515913952429,	-0.0097382947286272,	0.0004044999807173,	0.0029340600222006,	-0.0142909058687570,	
  -0.0124748514406982,	0.0229617875074072,	0.0018284710394206,	-0.0151458339928719,	0.0000534034683606,	-0.0015752029711836,	-0.0024586364246768,	0.0022901370031257,	0.0107709704374668,	0.0369983244249043,	0.0039046801085148,	0.0065741317745838,	
};

const PROGMEM tinytype Pinf_data[12*12] = {
  9.3791869640426562,	0.0239460820381186,	-0.1331239895304731,	0.1987939170376939,	-0.2538736580109351,	0.0932832012309836,	-0.2561894102294915,	0.2572988929411886,	-0.2116426008040022,	-0.1762754736428532,	0.0568587313723297,	0.0777842474819093,	
  0.0239460820381186,	4.2777433528096225,	0.0497370601285653,	-0.0005913483937140,	-0.0175619794272000,	0.0099890253874898,	-0.0763077980440155,	0.0315289342301720,	-0.0460108911327326,	0.2127079489564890,	-0.1076236136511225,	0.0428671162175667,	
  -0.1331239895304731,	0.0497370601285653,	9.6391210355035017,	-0.1836659527066686,	-0.0416871037310588,	-0.2015472619478155,	0.2257570239365538,	-0.1233430739907684,	0.1046021590204162,	0.0156709433590298,	-0.1636826557594416,	-0.0722212919089172,	
  0.1987939170376938,	-0.0005913483937140,	-0.1836659527066687,	8.1662968986163857,	0.0388678087819735,	0.0856004713971454,	-0.2360225844800919,	0.1048456232070334,	-0.1290905673936353,	-0.1249329458941541,	-0.0413281642633738,	-0.0547472207597943,	
  -0.2538736580109351,	-0.0175619794272000,	-0.0416871037310588,	0.0388678087819735,	8.7480037500866494,	0.1061445881681184,	0.0262841298353159,	-0.1965241019544457,	-0.1652007675115723,	-0.0191624946101669,	-0.0055028672636777,	-0.0734734615803094,	
  0.0932832012309835,	0.0099890253874899,	-0.2015472619478155,	0.0856004713971454,	0.1061445881681185,	7.8339219717171735,	0.1346310044787890,	-0.0472542068771384,	-0.2153777193274269,	0.0438361344833549,	-0.2944733042997407,	0.2661224689420925,	
  -0.2561894102294914,	-0.0763077980440155,	0.2257570239365538,	-0.2360225844800919,	0.0262841298353159,	0.1346310044787890,	1.0755495663781356,	-0.2477005576149394,	0.1221306492431950,	0.0066618014206511,	-0.3464702923307324,	0.2403818654793202,	
  0.2572988929411886,	0.0315289342301720,	-0.1233430739907684,	0.1048456232070335,	-0.1965241019544457,	-0.0472542068771384,	-0.2477005576149394,	1.9939301223305974,	0.0309148374224786,	0.0211452805498213,	0.2392565951711764,	-0.0354917954297508,	
  -0.2116426008040022,	-0.0460108911327326,	0.1046021590204163,	-0.1290905673936354,	-0.1652007675115724,	-0.2153777193274270,	0.1221306492431951,	0.0309148374224786,	3.3830334108022782,	0.1191274676420266,	0.0475725087443931,	-0.0080616241285659,	
  -0.1762754736428531,	0.2127079489564890,	0.0156709433590298,	-0.1249329458941540,	-0.0191624946101669,	0.0438361344833549,	0.0066618014206511,	0.0211452805498214,	0.1191274676420265,	1.4546559288140102,	-0.0386136559932680,	0.0548721334351622,	
  0.0568587313723298,	-0.1076236136511225,	-0.1636826557594416,	-0.0413281642633739,	-0.0055028672636778,	-0.2944733042997407,	-0.3464702923307323,	0.2392565951711765,	0.0475725087443931,	-0.0386136559932680,	9.7800750514270103,	-0.2384410221444110,	
  0.0777842474819093,	0.0428671162175667,	-0.0722212919089173,	-0.0547472207597943,	-0.0734734615803094,	0.2661224689420926,	0.2403818654793202,	-0.0354917954297508,	-0.0080616241285660,	0.0548721334351622,	-0.2384410221444110,	9.5972272286282063,	
};

const PROGMEM tinytype Quu_inv_data[4*4] = {
  0.0093342751039719,	-0.0010048520599398,	0.0002315399003868,	0.0007730310177670,	
  -0.0010048520599398,	0.0092589061100675,	0.0004023918692780,	-0.0008911955594112,	
  0.0002315399003868,	0.0004023918692780,	0.0088457097755559,	0.0005824245326075,	
  0.0007730310177670,	-0.0008911955594112,	0.0005824245326075,	0.0081443519669848,	
};

const PROGMEM tinytype AmBKt_data[12*12] = {
  -0.1006771188708525,	-0.0344083158156111,	-0.0834525991608779,	-0.0734633076250980,	0.0373469260177194,	0.0752022935589539,	0.0881717808813388,	-0.0188475764802801,	0.0656929768083903,	0.0516229437957436,	0.0312431804862430,	0.0737471662200563,	
  0.0676561020633182,	0.0034109553576523,	0.0784145029247997,	-0.0760321276723359,	-0.0398280626324432,	-0.1171327925036819,	0.0088395146280661,	0.0915794520423824,	0.0670637820613948,	-0.0104019112983156,	0.1315619732587102,	0.0640666508813334,	
  -0.0611639331985958,	0.0394525542240062,	0.0626121351539754,	-0.0420063424724798,	0.1240299999700416,	0.1241622931137412,	0.0845323038949200,	-0.1002775091663378,	-0.1149395428116784,	0.0556248406767582,	-0.1121960867384986,	0.0414560270913535,	
  0.0368308231480741,	0.0810374119825311,	-0.1202385760901931,	0.1157484645491359,	0.0773659181347494,	0.0224549348741206,	-0.1120102555729090,	0.0139714626534665,	-0.0577163463048887,	-0.0046369540188575,	-0.0046936569774318,	0.0268285213846939,	
  0.0973517544933027,	-0.0568580113710438,	-0.0979620617710551,	0.0334538118893753,	0.0477342749550978,	0.0813150835747359,	-0.1012019654480697,	0.0604686408723029,	-0.1114662358039633,	-0.0765900346717741,	0.1300402482799570,	-0.0303627202579274,	
  0.0592986487895399,	0.0745534212692049,	-0.0226283150264409,	-0.0605715541545201,	-0.0706973151616635,	-0.0500638426193194,	-0.0771187707500974,	0.0525202967639175,	-0.1066943682238068,	0.0632534294646272,	0.0832465653969480,	-0.0163176177687574,	
  0.0221821258796129,	-0.0097660217767219,	-0.0881091620887036,	0.0972587463260556,	0.0385487397761498,	-0.1156827059243809,	0.0631145000636816,	0.0516037163815361,	0.0131704210574993,	0.0568254203036043,	-0.0591592996866300,	0.1333803741253635,	
  0.1260554119933872,	-0.0208172309404469,	-0.0809670310477932,	0.0103758427622902,	-0.0812136119271584,	0.0244748110915659,	-0.0354924061422452,	-0.0478662950194671,	-0.0467025621195590,	0.1191035336879983,	-0.0339054605432768,	0.1343154890308854,	
  0.0206690102211737,	0.0199137152069929,	0.0180324098991149,	-0.0891877028764009,	-0.0294399297420060,	-0.0003495403419889,	0.0250484406783556,	-0.0768599026636178,	0.1163418723495094,	-0.1060387687410300,	-0.0273618630523755,	0.0428074759908461,	
  -0.0630906819766810,	0.0963153168998783,	0.1349447453315495,	-0.0205179064079064,	0.1294001683317633,	-0.0869232866873150,	0.0710473442303706,	-0.0626463258062939,	-0.1097183980947353,	-0.1126767842674520,	-0.0308632686469627,	-0.0379070681919634,	
  -0.1118921771700292,	0.0023679153966156,	0.0251799143681593,	-0.0222808808428232,	0.0769954554561926,	-0.1328477499223698,	-0.0809966883723460,	-0.0013054212127351,	0.0849196822476577,	0.0744922439568519,	0.1276327490766209,	-0.1314329205632159,	
  0.0514863093756973,	0.0831397449462033,	0.0162529381471215,	0.0129096306583465,	-0.0748020560527636,	0.0858662078504784,	-0.0222846924135785,	0.0760560141455397,	0.0675758741369504,	0.1047139776770568,	-0.0509640349800377,	0.0285847528399501,	
};

const PROGMEM tinytype coeff_d2p_data[12*4] = {
  -0.0740827062080734,	-0.0119296316514491,	-0.0804616516985670,	0.0493122772659461,	
  0.0070671722143873,	-0.0296365862462748,	-0.0311937604951059,	0.0282738030988688,	
  -0.0220683280888862,	0.0505407118305719,	0.0025269973114416,	0.0334319566630438,	
  -0.0575163294048462,	0.0021102238005233,	0.0138098961393629,	0.0348325036095682,	
  -0.0449002292252585,	-0.0442745340751354,	0.0648350595142672,	-0.0505030257651433,	
  0.0312607065700264,	0.0553112209374959,	-0.0079392332768415,	0.0566657950234703,	
  0.0089258426428878,	0.0087145978743903,	0.0099838188021326,	-0.0085652882018615,	
  -0.0017641931164124,	-0.0047452629016501,	0.0042840173363639,	0.0140395245983674,	
  0.0259443567380722,	0.0154966327643413,	-0.0024258226406679,	-0.0000181585746517,	
  -0.0029825130545909,	0.0019903077366749,	-0.0041618757119518,	-0.0017403598644124,	
  -0.0094041758821420,	0.0490760532055839,	0.0405604380464918,	0.0544871373376925,	
  -0.0320722148849232,	-0.0485199024771607,	0.0640290961572095,	0.0711415181054303,	
};

const PROGMEM tinytype dKinf_drho_data[4*12] = {
  -0.0000558696629999,	0.0000071959446145,	-0.0001693176246472,	0.0000684817291363,	0.0001596817033870,	0.0002099118466012,	-0.0000303667391047,	0.0000154427387918,	-0.0000426479191371,	0.0000651696391890,	0.0000275296101691,	0.0000489877089118,	
  0.0001533375348990,	-0.0000673266243292,	-0.0000627036937423,	0.0000701266544924,	-0.0001071773125886,	0.0001116448733195,	-0.0000145710890234,	0.0001374558210221,	0.0000815024120619,	-0.0000699074919694,	0.0000363032458948,	0.0000820212761205,	
  -0.0001391306416762,	-0.0000517180964773,	0.0000366355967813,	-0.0001592812471833,	-0.0000145975517831,	-0.0000391003592902,	0.0002262163317336,	-0.0000890687483175,	0.0000822168129128,	-0.0000267219324635,	-0.0000267458008476,	0.0001277425302170,	
  0.0000726651241622,	-0.0001789312848430,	-0.0000212648895703,	0.0001072901403352,	0.0000181593997682,	0.0000151539591915,	0.0000311309880036,	-0.0000357073727806,	-0.0000909051331066,	-0.0002836087978122,	-0.0000314993686315,	-0.0000476332326502,	
};

const PROGMEM tinytype dPinf_drho_data[12*12] = {
  0.0008279303353106,	-0.0003766267852059,	-0.0002056329903210,	0.0006934730762167,	-0.0002398855713369,	0.0002668622571159,	-0.0004796010074592,	0.0004423742460641,	-0.0001788183932363,	-0.0006788290981657,	0.0000868185583866,	-0.0002188282012905,	
  -0.0003766267852059,	0.0006498749354550,	0.0000968671448702,	-0.0003679046501305,	0.0001186139774999,	-0.0001368801556647,	-0.0001449351170163,	-0.0000321455324335,	0.0001329669088126,	0.0009447871785294,	0.0000874720794421,	0.0000241385368143,	
  -0.0002056329903210,	0.0000968671448702,	0.0006424571519398,	-0.0004215172179098,	-0.0001874634086420,	-0.0007192641233080,	0.0003235374240421,	-0.0002861592968472,	0.0000686425103869,	-0.0000966889354656,	-0.0001438000413526,	-0.0001253803668790,	
  0.0006934730762167,	-0.0003679046501305,	-0.0004215172179098,	0.0008206853408809,	0.0000430675794074,	0.0005124821958230,	-0.0005531368743889,	0.0003843407378925,	-0.0003084546223745,	-0.0005740569545639,	0.0000677480242548,	-0.0002434875418227,	
  -0.0002398855713369,	0.0001186139774999,	-0.0001874634086420,	0.0000430675794074,	0.0003826388608488,	0.0002449490522358,	-0.0000553170220754,	-0.0000861164120821,	-0.0001391334140501,	0.0002193155420010,	0.0000168598352729,	-0.0000071543256508,	
  0.0002668622571159,	-0.0001368801556647,	-0.0007192641233080,	0.0005124821958230,	0.0002449490522358,	0.0009123406817962,	-0.0003163548059503,	0.0003763588717708,	-0.0000375305849857,	0.0000554251821321,	0.0001541962181091,	0.0002006594219361,	
  -0.0004796010074592,	-0.0001449351170163,	0.0003235374240421,	-0.0005531368743889,	-0.0000553170220754,	-0.0003163548059503,	0.0007761637061125,	-0.0003777974655662,	0.0002446294885660,	-0.0001390290192157,	-0.0001790100732906,	0.0003135845876695,	
  0.0004423742460641,	-0.0000321455324335,	-0.0002861592968472,	0.0003843407378925,	-0.0000861164120821,	0.0003763588717708,	-0.0003777974655662,	0.0003986318234071,	0.0000002045640954,	-0.0000334768465817,	0.0001443745778283,	0.0000010738014208,	
  -0.0001788183932363,	0.0001329669088126,	0.0000686425103869,	-0.0003084546223745,	-0.0001391334140501,	-0.0000375305849857,	0.0002446294885660,	0.0000002045640954,	0.0002986612854404,	0.0003137003002285,	-0.0000053510481904,	0.0002662857221340,	
  -0.0006788290981657,	0.0009447871785294,	-0.0000966889354656,	-0.0005740569545639,	0.0002193155420010,	0.0000554251821321,	-0.0001390290192157,	-0.0000334768465817,	0.0003137003002285,	0.0016117609052801,	0.0001321632304975,	0.0002320106755893,	
  0.0000868185583866,	0.0000874720794421,	-0.0001438000413526,	0.0000677480242548,	0.0000168598352729,	0.0001541962181091,	-0.0001790100732906,	0.0001443745778283,	-0.0000053510481904,	0.0001321632304975,	0.0001299460846083,	0.0000141700697234,	
  -0.0002188282012905,	0.0000241385368143,	-0.0001253803668790,	-0.0002434875418227,	-0.0000071543256508,	0.0002006594219361,	0.0003135845876695,	0.0000010738014208,	0.0002662857221340,	0.0002320106755893,	0.0000141700697234,	0.0003764998951304,	
};

const PROGMEM tinytype dC1_drho_data[4*4] = {
  -0.0000889541728104,	0.0000192118901411,	-0.0000043780339954,	-0.0000144046665654,	
  0.0000192118901411,	-0.0000877522639012,	-0.0000066106796090,	0.0000160889421748,	
  -0.0000043780339954,	-0.0000066106796090,	-0.0000789914824029,	-0.0000095929528142,	
  -0.0000144046665654,	0.0000160889421748,	-0.0000095929528142,	-0.0000683460831775,	
};

const PROGMEM tinytype dC2_drho_data[12*12] = {
  -0.0002214679188984,	0.0000757683550751,	-0.0001032005382279,	-0.0001645694666642,	0.0001025846769933,	0.0001451791996417,	0.0001707382888180,	-0.0000353304873258,	0.0001146156713560,	0.0002244327991391,	0.0000236001366214,	0.0002086774612953,	
  -0.0000706110499398,	0.0000564866316608,	0.0000279790961061,	-0.0001786462066133,	-0.0001092045401138,	-0.0000003071587575,	0.0001538538225044,	0.0000369465368398,	0.0001919532680453,	0.0001503946031154,	0.0000217022175474,	0.0001847917024250,	
  -0.0001533789529306,	0.0001458755655486,	0.0000046493605687,	-0.0000913054137377,	0.0000958036715993,	-0.0000190070734244,	-0.0000108189450045,	-0.0000588900879074,	-0.0000035321583194,	0.0002258681348714,	0.0000037811614989,	-0.0000029475985357,	
  -0.0000587110238330,	0.0001184186034333,	-0.0001250714844112,	0.0000254223087974,	0.0001202329493759,	0.0001587961366013,	-0.0000891427058937,	0.0000464492716254,	-0.0000029435558622,	0.0002161665290491,	0.0000433821147501,	0.0000341003365936,	
  0.0002637352176796,	-0.0001350569667331,	-0.0001993972301876,	0.0003226466032823,	0.0000448512001418,	0.0002579368630863,	-0.0002138812330785,	0.0001660508010996,	-0.0001109064491297,	-0.0002050418544615,	0.0000441499461383,	-0.0000636630718286,	
  -0.0002313138391758,	0.0002265580753480,	0.0001769791729862,	-0.0002511522293049,	0.0000038616647398,	-0.0002400224728406,	0.0000576595345555,	-0.0001308365813093,	0.0000526625153545,	0.0003104110435778,	-0.0000252394377580,	-0.0000246732339745,	
  0.0001052992407415,	-0.0000436090623905,	0.0001124720170069,	0.0001317299934403,	0.0000031418885604,	-0.0001804566716760,	-0.0001554273797962,	-0.0000618865919312,	-0.0001822912451006,	-0.0001857932326979,	-0.0000463982457227,	-0.0002535340795570,	
  0.0000597224085337,	0.0001065421192746,	-0.0000240855800954,	0.0000384354647137,	-0.0000191721600818,	0.0000393402542812,	-0.0001323291242972,	0.0000906439269365,	0.0000219717042649,	0.0001502306982022,	0.0000377801837765,	-0.0000207401742780,	
  -0.0000731781322531,	0.0000375081944372,	0.0001806957989438,	-0.0001353254829918,	-0.0000749639077831,	-0.0002403537714179,	0.0000743586097999,	-0.0001022640758409,	0.0000144125167535,	0.0000066247760734,	-0.0000445844490925,	-0.0000550693092828,	
  -0.0000797847768288,	-0.0000266732500808,	-0.0000586281035403,	-0.0000114471350298,	0.0000873365500732,	0.0000675232696468,	0.0000590549440013,	-0.0000460172429462,	-0.0000212061261404,	-0.0000078140926829,	-0.0000056828431737,	0.0000394419372498,	
  -0.0000976741502274,	0.0002004288891211,	0.0000245921857383,	-0.0000512388036886,	0.0000748965365353,	-0.0000461537354622,	-0.0001134814935948,	-0.0000205720889096,	-0.0000218081147831,	0.0002757893638726,	0.0000147576729802,	-0.0000658302159524,	
  0.0001020501221037,	0.0001560700484430,	-0.0001374394263243,	0.0001065587792389,	0.0000194861637482,	0.0001948818658869,	-0.0002219897736468,	0.0001858333192748,	0.0000397283853620,	0.0002561411517930,	0.0000829637269947,	0.0000183529755466,	
};

