#pragma once

typedef float tinytype;

const PROGMEM tinytype Adyn_data[12*12] = {
  -0.0292143235483346,	-0.1198585835271599,	0.0345057874843370,	-0.0265177051317957,	-0.0063795612154092,	0.1329254166208162,	0.0685973024986088,	0.0019440221142512,	0.0677616560478480,	-0.0792775050900565,	0.1187579657814869,	-0.0518236812097436,	
  -0.1368718857971003,	-0.1307726863793341,	-0.0812826843070633,	-0.0286762210450277,	0.0209427419545429,	-0.0947224172977943,	-0.0002353353742535,	-0.0777716757971730,	-0.0445146941045109,	-0.1151117496853989,	-0.0438108823140313,	-0.0921610041212423,	
  -0.1174309953182544,	-0.0450960024516163,	0.0074373158634637,	-0.0330046708578146,	0.0412933188066119,	0.1390930972036361,	0.0407906635986776,	-0.0982142419968774,	-0.0248244734276648,	-0.0462468696627245,	0.0969198003882714,	-0.0324436658787276,	
  -0.0852478559958871,	0.0072126737921950,	0.0193487062117959,	0.0127844241421899,	-0.1241119962593401,	0.1208189935059273,	0.0029010471687447,	-0.0872643713788563,	-0.1335111622350480,	-0.0908425824517253,	-0.0186283228569883,	-0.1335800311133617,	
  0.0942112590763504,	-0.0891795740273914,	0.0669066195826373,	-0.1237900654775625,	-0.0727622335567594,	-0.1302136167964520,	0.1241860926823581,	0.1398114498183003,	-0.0605763353524172,	0.0753401434626685,	-0.1013440086575657,	-0.1140754374057540,	
  -0.1129482501915570,	0.0314981127265755,	-0.1200358629555374,	-0.1381156216993369,	0.0622912809157837,	0.1252551602481639,	-0.0550747955039694,	-0.0563617641654936,	0.0120215816354947,	-0.0361726498222690,	0.0992212001261134,	0.1079562156578432,	
  0.0231312257681302,	-0.1191500714426586,	-0.1172194833955221,	-0.0250161142564889,	0.0454517196233242,	0.0574692335176611,	-0.0018520292133884,	0.0078972700543902,	0.0930585714697731,	0.1225991359209013,	-0.0410417541737903,	0.0590723684083783,	
  -0.0689078355308224,	-0.1173636019620560,	-0.0260262902331793,	0.0284909584846494,	-0.1337537684619764,	0.0722290647551581,	-0.0056211605722490,	-0.0566188213106596,	0.0437435341531425,	0.0382779991469942,	0.0564411247995348,	-0.0450886683305860,	
  0.0276457358398606,	0.0247848351284529,	-0.0707194880756710,	-0.0482000990827675,	-0.0584445026022934,	-0.1300246623099773,	-0.0148719536616939,	0.0285786376017623,	-0.0985651653618877,	0.0083835148193709,	-0.0117661139093159,	-0.0018588995532610,	
  -0.0415256680598807,	-0.0385948990373405,	0.0888149337356607,	0.0553270338167076,	0.0744847460307854,	0.0741895156667848,	0.1390146609279979,	-0.1056176501467092,	-0.1091594921884324,	0.0120327010634800,	-0.1079358099432415,	0.0158701110107250,	
  0.0620087647359984,	0.0709457180847331,	0.1009892880062891,	0.0220727414109982,	-0.1163622508696354,	0.1363128964540215,	0.0306389731323515,	0.1221153146694072,	-0.1076837219414670,	-0.0536462867413683,	0.0537515957563555,	0.0783384017372059,	
  -0.0205405408894747,	0.1205367874519662,	-0.0432336650893441,	0.1050703601074010,	0.0671736277319076,	-0.0046656270876639,	0.1389671462184810,	-0.1362935589372025,	-0.1347358818347681,	-0.0536110435078277,	-0.1316026853244462,	0.0403774740619437,	
};

const PROGMEM tinytype Bdyn_data[12*4] = {
  0.5781607726981315,	-0.7339937759733242,	0.1924255346714303,	-0.2397079032431808,	
  -0.2382738820521599,	-0.7872802390677638,	0.0758675609728050,	-0.3373387757579300,	
  -0.0898503097177761,	-0.6682532081153394,	-0.4526406008668251,	-0.1931572992883392,	
  -0.5142624524292989,	0.4726368116954376,	-0.3896876868944386,	-0.5167297748694699,	
  -0.2573701482268742,	0.2428674852716215,	0.5867614215841566,	0.7634680279880564,	
  0.5579210276408655,	0.1698586215687130,	0.4916807005684973,	-0.6555213734905261,	
  -0.8657000474722676,	0.9473776898546689,	0.2008816897518948,	0.8828068924301176,	
  -0.5907398719462289,	-0.7231776479480918,	0.9548346998812371,	0.2781171389159036,	
  0.9713735994652053,	0.1246630442629388,	0.2510411357713251,	0.2433842685609762,	
  0.1505309214187844,	0.1139040308943204,	-0.5304630851203369,	0.5949323943916098,	
  -0.9024653319426459,	0.2338468653457553,	-0.0101751911452306,	0.0303957918132323,	
  -0.8613329467117199,	0.2327289674618969,	0.8471117319405781,	-0.6426305169965116,	
};

const PROGMEM tinytype Q_data[12] = {
  8.3451559859857358,3.6030660052977135,8.2960155055309990,4.2038595790001114,7.8881042172183671,6.7720593102526241,4.8095060331562847,8.0717994236955573,2.8322058697990156,6.4788359682780881,
  1.4957093075161811,1.2324009300618819,
};

const PROGMEM tinytype Qf_data[12] = {
  75.1064038738716278,32.4275940476794204,74.6641395497789944,37.8347362110010010,70.9929379549652992,60.9485337922736150,43.2855542984065593,72.6461948132600099,25.4898528281911396,58.3095237145027951,
  13.4613837676456303,11.0916083705569370,
};

const PROGMEM tinytype R_data[4] = {
  0.1000000000000000,0.1000000000000000,0.1000000000000000,0.1000000000000000,
};

const PROGMEM tinytype umin[4] = {
  -3.0,	
  -3.0,	
  -3.0,	
  -3.0,	
};

const PROGMEM tinytype umax[4] = {
  3.0,	
  3.0,	
  3.0,	
  3.0,	
};

const PROGMEM tinytype xmin[12] = {
  -10000.0,	
  -10000.0,	
  -10000.0,	
  -10000.0,	
  -10000.0,	
  -10000.0,	
  -10000.0,	
  -10000.0,	
  -10000.0,	
  -10000.0,	
  -10000.0,	
  -10000.0,	
};

const PROGMEM tinytype xmax[12] = {
  10000.0,	
  10000.0,	
  10000.0,	
  10000.0,	
  10000.0,	
  10000.0,	
  10000.0,	
  10000.0,	
  10000.0,	
  10000.0,	
  10000.0,	
  10000.0,	
};

const PROGMEM tinytype rho_value = 85.0;

const PROGMEM tinytype Kinf_data[4*12] = {
  0.0004544594600708,	0.0069560400931237,	0.0004482788476880,	-0.0063828247673433,	0.0090029278772958,	-0.0008350041479126,	-0.0019028894042730,	0.0021013286195392,	0.0014429778050972,	-0.0062806712935942,	0.0084191834318627,	0.0065280816373182,	
  0.0154801005725955,	0.0166909284608166,	-0.0041862962634917,	-0.0035215537888874,	0.0049200983364300,	-0.0115895550357763,	-0.0044230456735129,	0.0113228856328782,	-0.0055384955229621,	0.0119544461480235,	-0.0165117109755252,	0.0118475235602476,	
  0.0021267982973092,	-0.0093317398728513,	-0.0084669312730130,	-0.0092096536310818,	-0.0123050445972814,	-0.0053567904323594,	0.0001323427069131,	0.0077181804868967,	0.0058876668156222,	0.0061498166231403,	0.0026367228331547,	-0.0013740227661390,	
  0.0143787496040661,	-0.0135812039023175,	0.0076362550553155,	0.0007411020928133,	-0.0035756338597522,	-0.0125704718467208,	0.0118596306046444,	0.0109732042279715,	0.0013084478310769,	0.0186633325367652,	-0.0151755066249858,	-0.0046954726129677,	
};

const PROGMEM tinytype Pinf_data[12*12] = {
  8.7618159531708688,	0.1292469584103492,	0.1432455734933131,	0.0259642910396460,	-0.0653889726103962,	-0.3894371074332475,	0.0239342900114627,	0.3797142809632780,	0.0312495727212653,	0.1911982579042289,	-0.2013575018565791,	0.0091881513689655,	
  0.1292469584103492,	4.0985706989163635,	-0.0020669524992119,	0.0818729042991955,	0.0832335106657394,	-0.1488834786305540,	-0.1824986920991217,	0.0601645503218996,	-0.1221440711972477,	-0.0246590954861770,	-0.0608951756544140,	0.2391658530083438,	
  0.1432455734933130,	-0.0020669524992119,	8.6151726113429454,	0.0960311003316738,	-0.0824395324927658,	-0.0528466496858129,	0.2111416970843458,	0.0988187251288969,	-0.1336225720166271,	-0.0099135786852159,	-0.1137561996581356,	-0.1588269907877757,	
  0.0259642910396460,	0.0818729042991955,	0.0960311003316738,	4.5308564786107404,	-0.0118187517460481,	0.0026608487795900,	-0.0203972573566286,	-0.1248866542531832,	-0.0011120114567239,	-0.0139151588961344,	-0.0786664973384752,	0.0168066371168637,	
  -0.0653889726103962,	0.0832335106657394,	-0.0824395324927658,	-0.0118187517460481,	8.2514706064444496,	0.0630340140100973,	0.0022384187525594,	-0.1202862549653830,	0.0590234094830610,	-0.0126844830807390,	-0.0144339798428908,	0.2161265361426140,	
  -0.3894371074332474,	-0.1488834786305539,	-0.0528466496858129,	0.0026608487795901,	0.0630340140100972,	7.6057042589437494,	0.0195500440802388,	-0.3682339199692775,	0.0993693150254576,	-0.1630560943564171,	0.4204646085299828,	0.1127611468994736,	
  0.0239342900114628,	-0.1824986920991217,	0.2111416970843458,	-0.0203972573566286,	0.0022384187525594,	0.0195500440802388,	5.1723478191167072,	-0.0108663670097311,	-0.1828353767396105,	-0.0056106671231318,	-0.1647945089542143,	-0.1798525542402782,	
  0.3797142809632780,	0.0601645503218996,	0.0988187251288969,	-0.1248866542531832,	-0.1202862549653830,	-0.3682339199692775,	-0.0108663670097311,	8.5285516966530945,	0.0660699489578963,	0.1526210849150913,	-0.0919305165411247,	-0.0294074966267703,	
  0.0312495727212653,	-0.1221440711972476,	-0.1336225720166271,	-0.0011120114567239,	0.0590234094830610,	0.0993693150254576,	-0.1828353767396105,	0.0660699489578963,	3.2414496611771693,	0.1002540041861467,	0.2286833117142066,	0.1174335033065611,	
  0.1911982579042288,	-0.0246590954861770,	-0.0099135786852159,	-0.0139151588961344,	-0.0126844830807390,	-0.1630560943564171,	-0.0056106671231318,	0.1526210849150912,	0.1002540041861467,	6.7450398150941275,	-0.1232851602047274,	0.0668749199086409,	
  -0.2013575018565791,	-0.0608951756544141,	-0.1137561996581356,	-0.0786664973384752,	-0.0144339798428908,	0.4204646085299830,	-0.1647945089542143,	-0.0919305165411247,	0.2286833117142067,	-0.1232851602047275,	1.9549743968529585,	0.0917858888113872,	
  0.0091881513689655,	0.2391658530083438,	-0.1588269907877756,	0.0168066371168637,	0.2161265361426141,	0.1127611468994736,	-0.1798525542402782,	-0.0294074966267703,	0.1174335033065611,	0.0668749199086409,	0.0917858888113872,	1.6301527066908585,	
};

const PROGMEM tinytype Quu_inv_data[4*4] = {
  0.0096802557961217,	0.0002984419151524,	0.0003237584192537,	0.0005872937401508,	
  0.0002984419151524,	0.0092666999228941,	0.0002760367134746,	-0.0005053324290218,	
  0.0003237584192537,	0.0002760367134746,	0.0096618487245721,	-0.0002511397689468,	
  0.0005872937401508,	-0.0005053324290218,	-0.0002511397689468,	0.0097152620370668,	
};

const PROGMEM tinytype AmBKt_data[12*12] = {
  -0.0150773270898515,	-0.1130891123133586,	0.0346336193027657,	-0.0234623842422533,	-0.0064626823068746,	0.1229190638155341,	0.0692683715810785,	0.0101852326869406,	0.0620428694940837,	-0.0635814116959524,	0.0976257694216494,	-0.0477630982088581,	
  -0.1198872679088603,	-0.1198482959076811,	-0.0812532891325697,	-0.0320208147585107,	0.0266887544966932,	-0.1078797055956289,	-0.0001802479242505,	-0.0652405722098219,	-0.0485365109922118,	-0.1013674762331906,	-0.0601234831149332,	-0.0827579328131677,	
  -0.1033054994255465,	-0.0401644666145118,	0.0023226094928158,	-0.0399569731316129,	0.0391296836025158,	0.1264205352563302,	0.0400146518359073,	-0.0848457659738972,	-0.0254782055318754,	-0.0324339773339899,	0.0849044907288309,	-0.0254688733936672,	
  -0.0840718947839947,	-0.0077531197429286,	0.0222042584028739,	0.0079604538758827,	-0.1284503089266891,	0.1172842202059878,	0.0101927533778213,	-0.0828574882830388,	-0.1271809308488696,	-0.0876821997523247,	-0.0133087482067828,	-0.1387841898625793,	
  0.0783429714796316,	-0.0755986608650253,	0.0671767404641428,	-0.1197394814175508,	-0.0616900729924921,	-0.1148734845298994,	0.1156384573490493,	0.1246958871697350,	-0.0633134492968472,	0.0529630070552812,	-0.0851281175688081,	-0.1108816155530508,	
  -0.1074513592128020,	0.0204675605509570,	-0.1104061335359494,	-0.1289423260624275,	0.0601388855505717,	0.1220832299656181,	-0.0455526700626155,	-0.0560591398158986,	0.0101201385654560,	-0.0254886297514158,	0.0860843224439195,	0.0998992554410933,	
  -0.0042617446656170,	-0.1150766843641122,	-0.1179058918266946,	-0.0260096837194587,	0.0542128156856338,	0.0798994365644939,	-0.0098054147347539,	-0.0122483203557990,	0.0972169732956831,	0.0881250787545803,	-0.0052430675710831,	0.0579208610916657,	
  -0.0634742230004760,	-0.0884964507286183,	-0.0228281635565798,	0.0307612440799098,	-0.1121335462340332,	0.0719654004098495,	-0.0133686529233952,	-0.0576104476245245,	0.0346049921673850,	0.0321502934816878,	0.0511767058641612,	-0.0300465499732798,	
  0.0212410141401242,	0.0215952814260168,	-0.0703660541850284,	-0.0394293546810802,	-0.0638437380938642,	-0.1233645422627294,	-0.0153918177766762,	0.0205176309837918,	-0.1010728923765980,	0.0069078969633680,	-0.0148543325826684,	-0.0081893136616604,	
  -0.0507835200591059,	-0.0384134075592069,	0.0801898399377670,	0.0513626785611565,	0.0681689964630663,	0.0802723079807145,	0.1328194318428051,	-0.1096577922278527,	-0.1064010960997686,	0.0037753062824751,	-0.0968953223245682,	0.0156025725860163,	
  0.0583835127490499,	0.0736380410255722,	0.1020545337209864,	0.0170197312822806,	-0.1094044921059895,	0.1385970983530433,	0.0295968605300052,	0.1211088643181532,	-0.1050661878534514,	-0.0626145958145044,	0.0656989294788570,	0.0815880045160282,	
  -0.0163131803033348,	0.1218211216566838,	-0.0297935479926059,	0.1086700508784003,	0.0819090329283699,	-0.0062279872950325,	0.1458667472204530,	-0.1366052241809095,	-0.1363506922926357,	-0.0550188933028414,	-0.1324940543177497,	0.0413895607421682,	
};

const PROGMEM tinytype coeff_d2p_data[12*4] = {
  0.0438664593224525,	-0.0618100733436123,	0.0162468000043462,	-0.0110207544638918,	
  -0.0134519593908431,	-0.0316398907801416,	0.0037672181330461,	-0.0149883831831202,	
  -0.0124420528426804,	-0.0543301451461402,	-0.0402413554562336,	-0.0111696103493902,	
  -0.0226990800356144,	0.0190329817565858,	-0.0179259465966606,	-0.0259269307940907,	
  -0.0152586740307414,	0.0179257125287914,	0.0466612990398401,	0.0556600974739264,	
  0.0360005891869116,	0.0245818638495564,	0.0375677475049299,	-0.0483330267259701,	
  -0.0371031309272920,	0.0409091365114282,	0.0060049403587592,	0.0399593796203654,	
  -0.0439002549873180,	-0.0628443628690502,	0.0721239472072077,	0.0235885059145464,	
  0.0306407121161272,	0.0052004211519346,	0.0108605261245745,	0.0078895459334768,	
  0.0122776944187905,	0.0019617336996990,	-0.0333125603385271,	0.0410574456675003,	
  -0.0120508401308929,	0.0064215568188515,	0.0027424774306774,	-0.0045060145865471,	
  -0.0119561956622464,	0.0030839238342026,	0.0151944997493159,	-0.0120662097339573,	
};

const PROGMEM tinytype dKinf_drho_data[4*12] = {
  -0.0000180689149329,	-0.0000615671446192,	-0.0000046897153834,	0.0000658407157968,	-0.0000823812305921,	0.0000215313762734,	0.0000125812227731,	-0.0000330540207172,	-0.0000143188787722,	0.0000449529310620,	-0.0000681747679113,	-0.0000632098910047,	
  -0.0001359590717857,	-0.0001589360161165,	0.0000446411647572,	0.0000363411981268,	-0.0000473829759324,	0.0001036594883202,	0.0000455321761169,	-0.0001003011293605,	0.0000499783306893,	-0.0001007163068504,	0.0001435881869976,	-0.0001120879008928,	
  -0.0000215318722802,	0.0000797407171553,	0.0000847046169461,	0.0000923649395150,	0.0001137526482879,	0.0000508076791153,	0.0000042827389167,	-0.0000757113270087,	-0.0000562070433813,	-0.0000567704192919,	-0.0000282684283264,	0.0000062361259093,	
  -0.0001316179211688,	0.0001323036711147,	-0.0000782530316286,	-0.0000065473694453,	0.0000292645361794,	0.0001167299459812,	-0.0001155612921914,	-0.0001012769821323,	-0.0000135562565060,	-0.0001687410497280,	0.0001349193096325,	0.0000471485753992,	
};

const PROGMEM tinytype dPinf_drho_data[12*12] = {
  0.0004639265836279,	0.0000652547475826,	0.0000268578525685,	-0.0000702380261158,	-0.0000043501601272,	-0.0003699115317085,	0.0000861161408456,	0.0003691133640046,	-0.0000520303559438,	0.0004686674753586,	-0.0004532214058944,	0.0001332931033008,	
  0.0000652547475826,	0.0006511561553681,	-0.0000977449782910,	-0.0000463122805166,	0.0002919795581619,	0.0000170963689331,	-0.0002866427144183,	0.0000235802441410,	-0.0001675400388225,	-0.0001617094154230,	-0.0000146176721369,	0.0003540859962320,	
  0.0000268578525685,	-0.0000977449782910,	0.0001495606513195,	0.0001000441101706,	0.0000616981051819,	0.0000011017813413,	0.0001111755411775,	-0.0000324992977049,	-0.0000122699864149,	0.0000412545153406,	-0.0000658324436724,	-0.0000722990702328,	
  -0.0000702380261158,	-0.0000463122805166,	0.0001000441101706,	0.0001585138234517,	0.0000428522266989,	0.0000897529707158,	0.0000487941057460,	-0.0001355730751530,	-0.0000323602593854,	-0.0000381773567154,	-0.0000382697025603,	-0.0000799573024500,	
  -0.0000043501601272,	0.0002919795581619,	0.0000616981051819,	0.0000428522266989,	0.0002758794282774,	0.0000461901297676,	-0.0000715223767219,	-0.0000743793043827,	-0.0000876031701617,	-0.0001389514044676,	0.0000083149442193,	0.0001397122945795,	
  -0.0003699115317085,	0.0000170963689331,	0.0000011017813413,	0.0000897529707158,	0.0000461901297676,	0.0003551681585902,	-0.0001035824863650,	-0.0003169652042628,	0.0000308374007382,	-0.0003828716484340,	0.0003781371455139,	-0.0000661203444615,	
  0.0000861161408456,	-0.0002866427144183,	0.0001111755411775,	0.0000487941057460,	-0.0000715223767219,	-0.0001035824863650,	0.0001970936326407,	0.0000472539352222,	0.0000384389882530,	0.0001783920958343,	-0.0001442578000154,	-0.0001486988133983,	
  0.0003691133640046,	0.0000235802441410,	-0.0000324992977049,	-0.0001355730751530,	-0.0000743793043827,	-0.0003169652042628,	0.0000472539352222,	0.0003516429413035,	-0.0000086857520117,	0.0003717600653569,	-0.0002974266685770,	0.0001124937191338,	
  -0.0000520303559438,	-0.0001675400388225,	-0.0000122699864149,	-0.0000323602593854,	-0.0000876031701617,	0.0000308374007382,	0.0000384389882530,	-0.0000086857520117,	0.0000867172008186,	0.0000009442324937,	0.0001044747781418,	-0.0000687910557820,	
  0.0004686674753586,	-0.0001617094154230,	0.0000412545153406,	-0.0000381773567154,	-0.0001389514044676,	-0.0003828716484340,	0.0001783920958343,	0.0003717600653569,	0.0000009442324937,	0.0005850554485768,	-0.0005085141758845,	0.0000107238443354,	
  -0.0004532214058944,	-0.0000146176721369,	-0.0000658324436724,	-0.0000382697025603,	0.0000083149442193,	0.0003781371455139,	-0.0001442578000154,	-0.0002974266685770,	0.0001044747781418,	-0.0005085141758845,	0.0006012195893263,	-0.0000513330585131,	
  0.0001332931033008,	0.0003540859962320,	-0.0000722990702328,	-0.0000799573024500,	0.0001397122945795,	-0.0000661203444615,	-0.0001486988133983,	0.0001124937191338,	-0.0000687910557820,	0.0000107238443354,	-0.0000513330585131,	0.0002388369139343,	
};

const PROGMEM tinytype dC1_drho_data[4*4] = {
  -0.0000942904128396,	-0.0000054650746419,	-0.0000061566117905,	-0.0000112105924979,	
  -0.0000054650746419,	-0.0000864413890872,	-0.0000053802220695,	0.0000095089274534,	
  -0.0000061566117905,	-0.0000053802220695,	-0.0000936703911668,	0.0000048566579263,	
  -0.0000112105924979,	0.0000095089274534,	0.0000048566579263,	-0.0000951814057396,	
};

const PROGMEM tinytype dC2_drho_data[12*12] = {
  -0.0001167529485350,	-0.0000646922532411,	0.0000004205452147,	-0.0000307351349562,	-0.0000020231870467,	0.0000818412178818,	-0.0000023786989769,	-0.0000642179669685,	0.0000525285262267,	-0.0001294396486606,	0.0001825896043077,	-0.0000356244459043,	
  -0.0001541094988062,	-0.0001012156025987,	0.0000012035555924,	0.0000350826458258,	-0.0000556910494132,	0.0001222623137354,	-0.0000004638664990,	-0.0001152616263822,	0.0000356263776188,	-0.0001211967146297,	0.0001444580470258,	-0.0000878739324840,	
  -0.0001276477452938,	-0.0000500920237423,	0.0000526358336435,	0.0000707443804630,	0.0000180759210840,	0.0001167502459636,	0.0000111744839400,	-0.0001238288743700,	0.0000040515443427,	-0.0001215551225280,	0.0001030929536841,	-0.0000686527123784,	
  -0.0000214345065740,	0.0001428965629490,	-0.0000309381274848,	0.0000492934788498,	0.0000394792285760,	0.0000421964539632,	-0.0000730951619472,	-0.0000514290398367,	-0.0000598933746791,	-0.0000385964192878,	-0.0000442238201942,	0.0000472636087739,	
  0.0001414897852610,	-0.0001250435540209,	-0.0000020065938800,	-0.0000410781365923,	-0.0000987828886645,	-0.0001385655534404,	0.0000778941519436,	0.0001375989885410,	0.0000275065296543,	0.0001981693471054,	-0.0001388388080854,	-0.0000287013803843,	
  -0.0000425167063022,	0.0001088671697422,	-0.0000979103560592,	-0.0000926127844182,	0.0000172641749572,	0.0000219175538798,	-0.0000926119984614,	0.0000063151166555,	0.0000182490557824,	-0.0000906730975954,	0.0001159879768595,	0.0000821459398345,	
  0.0002336808976902,	-0.0000355432869944,	0.0000057147787231,	0.0000097951082130,	-0.0000751136194019,	-0.0001928213064125,	0.0000689133787426,	0.0001710252220931,	-0.0000364856869746,	0.0002947020361601,	-0.0003084802315221,	0.0000085929601241,	
  -0.0000518320117728,	-0.0002642442636496,	-0.0000296023075665,	-0.0000211964354402,	-0.0001996861315610,	0.0000067061337716,	0.0000684103501856,	0.0000083968039274,	0.0000851231416960,	0.0000548558510758,	0.0000530345175779,	-0.0001374673637540,	
  0.0000719398558665,	0.0000273993140656,	-0.0000032284241632,	-0.0000900802100834,	0.0000502507367586,	-0.0000750025678457,	0.0000091534095947,	0.0000882675289513,	0.0000250881895453,	0.0000242101384682,	0.0000225823300512,	0.0000623328926291,	
  0.0000850881183145,	-0.0000090410211125,	0.0000871090744725,	0.0000388409603832,	0.0000607291946745,	-0.0000575431995185,	0.0000639428297092,	0.0000364912485057,	-0.0000252880048030,	0.0000749800921795,	-0.0001013560882875,	-0.0000024598734034,	
  0.0000192685734542,	-0.0000216056222504,	-0.0000114310534676,	0.0000520595315653,	-0.0000629979080292,	-0.0000078402470610,	0.0000042627153951,	-0.0000040669862468,	-0.0000247694319107,	0.0000686720224490,	-0.0000994916278920,	-0.0000322029955097,	
  -0.0000502635284567,	0.0000014322843812,	-0.0001364707594873,	-0.0000341978350603,	-0.0001374851959250,	0.0000263955625716,	-0.0000776512059765,	-0.0000060752648313,	0.0000149372543957,	0.0000018117828589,	0.0000185114787447,	-0.0000033422422759,	
};

