#pragma once

typedef float tinytype;

const PROGMEM tinytype Adyn_data[12*12] = {
  -0.0448500586815341,	-0.0298668683697293,	0.1191469024589752,	0.1304799912999401,	-0.0659138429457824,	0.0062697647926104,	0.0781942845962903,	-0.1122484728329345,	0.0907092371999788,	0.0082274567659451,	-0.1200089273911781,	-0.0354202130421251,	
  0.0364807312417964,	-0.1393301045592396,	0.1233181055859019,	-0.0512297276603924,	0.0372273277747660,	0.0560994439444553,	0.0037550257242826,	0.1497198091589285,	0.0069457009061889,	-0.1120489376032147,	0.1289591514800483,	-0.1194945044631506,	
  -0.1463653463749497,	0.0358801887687935,	-0.0485064695159758,	-0.0967173597797366,	-0.0426768464431086,	-0.1004678613150228,	0.0328876926132992,	0.1173550598941524,	-0.0385920467984790,	-0.1466383644553898,	-0.0129910638107528,	0.1395416173889352,	
  0.1408819173688719,	-0.0962720317983722,	-0.0953355687206246,	0.0872786131219665,	-0.1102673361878989,	-0.0235212498015339,	-0.0931820282928944,	0.0366110481222044,	0.0087072010764964,	0.0688975471465974,	-0.0530645165419643,	0.0772286595292799,	
  0.0953508384960523,	0.0326724058239385,	0.0597130984044915,	0.0003609625992101,	0.1442445995426880,	0.0861770685824066,	-0.1189808309538401,	0.1218341839271666,	0.0232179129387964,	0.1485779452103399,	-0.0210148987610005,	-0.0717627039949358,	
  0.0035074847775118,	-0.0112311342665003,	0.1025543981495907,	0.0703751772646175,	0.0901954900111553,	0.1108071011043245,	0.0103322384417049,	0.1296021465274171,	-0.1421572048749556,	0.1170208599212432,	0.0333506781860705,	0.0384220484287098,	
  0.1343879216465460,	-0.0234422102279656,	-0.0435264383600308,	-0.0492292657766152,	0.0594064501700355,	-0.0514969496091917,	0.0793754976229143,	0.0049933373473311,	0.1347442947261690,	0.0912826970957303,	0.0299567572688653,	0.1030352848766818,	
  0.0673482694383452,	0.0454532161019383,	-0.1228335131977572,	0.0951922734145201,	0.0824293410669379,	0.0944257000063391,	0.1265955240679132,	-0.0779344635777800,	-0.1186364433692909,	0.1045406238804608,	-0.0997482035609339,	0.0270068308116857,	
  -0.1255530884930469,	-0.0437074469243715,	0.1325878399192034,	-0.0743300988233575,	0.0117810469764374,	0.0455848598847798,	-0.0559379971740972,	-0.0941212103143534,	0.1429089989558664,	0.1459476639854328,	0.1087598154304166,	0.0402610274115676,	
  -0.0121243109482630,	0.1517302381092167,	-0.0697281688507420,	0.1314749037523985,	-0.0996365374766975,	-0.0610192738207993,	0.1467844461262693,	0.0533697839406457,	-0.0237728877297133,	-0.0578251725471626,	-0.0933299161082100,	-0.0742303975801387,	
  -0.0133873974804235,	0.1445675523151036,	-0.0867899339370027,	-0.0769348378021108,	-0.0365382066682316,	0.0921253760934827,	0.0069936978920998,	0.0137048258172789,	-0.1339365354104182,	0.0016935980028089,	0.1301964449148781,	0.0955310138671223,	
  -0.0258011259706832,	-0.0042095882490662,	-0.0272767536670847,	-0.1485383369189336,	0.0374212990725771,	-0.0020360099175193,	-0.0178450220936457,	0.0815783545033806,	-0.0213709680139047,	0.0440940779692090,	-0.0975912681191346,	0.0070573147858734,	
};

const PROGMEM tinytype Bdyn_data[12*4] = {
  0.1947260749408450,	0.3371493322034751,	0.9295791210890563,	-0.4751034318603842,	
  0.5791755644039460,	0.4018849859026414,	0.1470926252910603,	-0.2151062816325415,	
  0.9622254492005875,	0.2523510439796954,	-0.4592860578811242,	0.1878930224001907,	
  0.3153727403228133,	-0.1708689024907424,	-0.0910824460317010,	-0.0040821643656779,	
  0.4980395959066828,	0.0230838764138555,	0.3543299301930101,	0.8014072146472258,	
  0.0773862944900081,	-0.3880944768602850,	0.3773420071334126,	-0.2988051329759240,	
  -0.3207989667466062,	-0.3330681275865037,	0.6996031861693155,	-0.2135471484769151,	
  0.7724433789274725,	-0.1284155566786125,	0.7034283765445917,	0.8237294169642138,	
  -0.5273958301306891,	-0.3332912469757368,	0.5871781060611789,	-0.0486412758708987,	
  0.0711957365422806,	-0.8043597917109480,	-0.4517693204155353,	0.1090539215588979,	
  -0.8531981972525868,	0.6221789954638859,	0.7566089444593613,	-0.7099650254243637,	
  -0.7155645728198394,	0.1772901639982702,	-0.5155650432888017,	-0.2666407124676666,	
};

const PROGMEM tinytype Q_data[12] = {
  9.6958136699482349,3.8569426031668255,3.3839654490787496,0.5395484064934191,5.8389488325765146,7.1825960976701637,4.2808601973103260,1.0590688056621449,4.9735300155449256,1.1816167475869783,
  4.0570541477768405,5.0076674953464266,
};

const PROGMEM tinytype Qf_data[12] = {
  87.2623230295341159,34.7124834285014288,30.4556890417087480,4.8559356584407718,52.5505394931886300,64.6433648790314805,38.5277417757929328,9.5316192509593041,44.7617701399043284,10.6345507282828056,
  36.5134873299915625,45.0690074581178379,
};

const PROGMEM tinytype R_data[4] = {
  0.1000000000000000,0.1000000000000000,0.1000000000000000,0.1000000000000000,
};

const PROGMEM tinytype umin[4] = {
  -3.0,	
  -3.0,	
  -3.0,	
  -3.0,	
};

const PROGMEM tinytype umax[4] = {
  3.0,	
  3.0,	
  3.0,	
  3.0,	
};

const PROGMEM tinytype xmin[12] = {
  -10000.0,	
  -10000.0,	
  -10000.0,	
  -10000.0,	
  -10000.0,	
  -10000.0,	
  -10000.0,	
  -10000.0,	
  -10000.0,	
  -10000.0,	
  -10000.0,	
  -10000.0,	
};

const PROGMEM tinytype xmax[12] = {
  10000.0,	
  10000.0,	
  10000.0,	
  10000.0,	
  10000.0,	
  10000.0,	
  10000.0,	
  10000.0,	
  10000.0,	
  10000.0,	
  10000.0,	
  10000.0,	
};

const PROGMEM tinytype rho_value = 85.0;

const PROGMEM tinytype Kinf_data[4*12] = {
  0.0024166300447111,	-0.0042738705979872,	0.0052561536094366,	0.0132044361361391,	0.0018058212727256,	-0.0011287493291914,	0.0026246122054984,	0.0085682480903628,	-0.0023610714029463,	-0.0076471258027433,	-0.0072115051472745,	-0.0061359613109440,	
  -0.0024425146366083,	0.0010898938218538,	-0.0012637658046903,	-0.0033948461702884,	-0.0044912431071183,	0.0006217057686090,	0.0004306186404930,	-0.0019177498513437,	-0.0018384446766364,	-0.0097352730412781,	-0.0012871709938289,	-0.0025044154087650,	
  0.0024276510678323,	-0.0005927391548814,	0.0153546250429042,	0.0133053024396380,	0.0027904550060201,	0.0116879601275317,	0.0060761728037838,	-0.0100610478300779,	0.0080377908624121,	0.0161261198186284,	0.0001572070881665,	0.0004710453371058,	
  0.0059544689307231,	0.0024860503826448,	-0.0046402014577973,	-0.0008844114204171,	0.0086714290665550,	-0.0000942913276742,	-0.0078923042091390,	0.0050380781414212,	0.0007127130780177,	0.0048025019654126,	-0.0020972455925004,	-0.0044216932353604,	
};

const PROGMEM tinytype Pinf_data[12*12] = {
  10.0633216995376262,	-0.0239532563385444,	-0.1017236050715576,	0.0570035214596244,	0.1647076282772909,	0.0554036364720979,	-0.0208823405436283,	0.1379664681684932,	-0.0335702321744078,	0.1053065957548441,	-0.0057407784019628,	-0.0834670698340793,	
  -0.0239532563385443,	4.1294056710042852,	-0.1972563125480867,	-0.0101932497496645,	-0.0118388150941261,	0.0316660718090088,	0.0230755224242315,	0.0262421848320572,	-0.1966436405923817,	0.0144221993022659,	-0.0207527664520950,	0.0942369711565918,	
  -0.1017236050715576,	-0.1972563125480868,	3.8339924926611020,	0.1452693349132150,	0.0649506980457941,	0.1409686136088702,	-0.0442793490552223,	-0.0124539915955844,	0.1681107492230998,	0.1581138299301460,	0.0083409681145306,	-0.1587451352689331,	
  0.0570035214596244,	-0.0101932497496645,	0.1452693349132150,	1.0139179880435165,	-0.0816478072995559,	0.0504730772944725,	0.1466836788523974,	-0.1593152705737909,	-0.0124969615274065,	0.0372755944366140,	-0.2284293248901753,	-0.1339526706327251,	
  0.1647076282772909,	-0.0118388150941261,	0.0649506980457940,	-0.0816478072995559,	6.1403740429214695,	0.1748078111177931,	-0.1180987279846458,	0.2564987929948960,	-0.1031123159389165,	0.2470474952847818,	0.0802630254848877,	-0.0373297013827899,	
  0.0554036364720979,	0.0316660718090088,	0.1409686136088702,	0.0504730772944725,	0.1748078111177931,	7.4479724647323735,	-0.0724373306622001,	0.1399242864059093,	-0.1871472128990984,	0.2083855945056745,	0.0973751128889229,	-0.0696807043283294,	
  -0.0208823405436283,	0.0230755224242315,	-0.0442793490552223,	0.1466836788523975,	-0.1180987279846458,	-0.0724373306622001,	4.5262656728322259,	-0.1072567779789184,	-0.0084977430088790,	-0.1161961796427581,	-0.1260789123558847,	0.0402878768845071,	
  0.1379664681684932,	0.0262421848320572,	-0.0124539915955845,	-0.1593152705737910,	0.2564987929948960,	0.1399242864059094,	-0.1072567779789184,	1.6342994138907099,	-0.3232699316956112,	0.0348279248901206,	0.1347430037241375,	0.0002279181351531,	
  -0.0335702321744078,	-0.1966436405923817,	0.1681107492230998,	-0.0124969615274064,	-0.1031123159389164,	-0.1871472128990984,	-0.0084977430088790,	-0.3232699316956111,	5.5496878548495259,	0.0470383624962656,	-0.0766760966932214,	-0.0626181641619454,	
  0.1053065957548441,	0.0144221993022660,	0.1581138299301459,	0.0372755944366140,	0.2470474952847817,	0.2083855945056745,	-0.1161961796427581,	0.0348279248901206,	0.0470383624962656,	1.6712267693451515,	-0.0053125636826041,	0.0243557569243638,	
  -0.0057407784019628,	-0.0207527664520950,	0.0083409681145306,	-0.2284293248901754,	0.0802630254848876,	0.0973751128889229,	-0.1260789123558846,	0.1347430037241375,	-0.0766760966932213,	-0.0053125636826041,	4.5043067494682525,	0.0838557457473653,	
  -0.0834670698340793,	0.0942369711565918,	-0.1587451352689331,	-0.1339526706327251,	-0.0373297013827899,	-0.0696807043283294,	0.0402878768845070,	0.0002279181351531,	-0.0626181641619454,	0.0243557569243638,	0.0838557457473653,	5.3122623373382716,	
};

const PROGMEM tinytype Quu_inv_data[4*4] = {
  0.0098847283583279,	-0.0000284886293172,	0.0000206256162434,	-0.0007253619342659,	
  -0.0000284886293172,	0.0108467392343750,	-0.0001960351792553,	0.0003184142955601,	
  0.0000206256162434,	-0.0001960351792553,	0.0095032818172941,	0.0005240483349928,	
  -0.0007253619342659,	0.0003184142955601,	0.0005240483349928,	0.0104865142188267,	
};

const PROGMEM tinytype AmBKt_data[12*12] = {
  -0.0439248525081490,	-0.0276699622863867,	0.1020715556052784,	0.1162647951499095,	-0.0632253868232171,	-0.0046297278016851,	0.0681400771866205,	-0.1015242178568877,	0.0846556796258700,	0.0002899732404840,	-0.1193132354637304,	-0.0359196549386443,	
  0.0369864422339218,	-0.1366708424945258,	0.1175250697656315,	-0.0596604310251058,	0.0394412269030670,	0.0547638383638652,	-0.0005295891188138,	0.1480916323012920,	0.0080230283821317,	-0.1050464340909578,	0.1331789190362464,	-0.1159546399421221,	
  -0.1480781350621157,	0.0389782316309635,	-0.0453211349810742,	-0.1022891966558060,	-0.0436287676780193,	-0.0941528042702748,	0.0345271672370118,	0.1040269009785096,	-0.0322984989087989,	-0.1303192536883055,	-0.0052608902500457,	0.1471249372226773,	
  0.1399478518523052,	-0.0947817802207304,	-0.0958295598222763,	0.0837424894526614,	-0.1113146971055193,	-0.0219948597652561,	-0.0934149651034598,	0.0326853538468851,	0.0098726966751244,	0.0711341977870612,	-0.0510043843919498,	0.0787607016330846,	
  0.0885714999572667,	0.0329934901459734,	0.0554025861045790,	-0.0101426964203644,	0.1355108168038407,	0.0826590507172584,	-0.1161259524555676,	0.1171385044159838,	0.0210170551380545,	0.1430485178616678,	-0.0157685261832868,	-0.0652722692889891,	
  0.0032357154471707,	-0.0095109034875861,	0.0944767223235382,	0.0627508976325593,	0.0898508291727746,	0.1066971983408257,	0.0056451938944890,	0.1334966730231840,	-0.1455080143439615,	0.1091843867713267,	0.0327232173072993,	0.0364259681216674,	
  0.1339228177301679,	-0.0235046834337896,	-0.0539942362154602,	-0.0556213068816800,	0.0583894135735402,	-0.0598490506406439,	0.0744246069388251,	0.0152178894684104,	0.1279034718819570,	0.0753306736708351,	0.0266567548404296,	0.0989589490767174,	
  0.0585553528141370,	0.0472636151787932,	-0.1340344899662661,	0.0759258314970403,	0.0713519044535697,	0.0872334593672504,	0.1268504286536870,	-0.0818720056275232,	-0.1232898271990528,	0.0938979026396811,	-0.0927260379752026,	0.0347358397348073,	
  -0.1262284672237526,	-0.0451292482684685,	0.1256971063632387,	-0.0763532079662786,	0.0100198328579289,	0.0383292705442888,	-0.0583619536028663,	-0.0840888356807207,	0.1363660946824774,	0.1294346157627566,	0.1043331735994510,	0.0356985829584116,	
  -0.0138136451831749,	0.1523722913332552,	-0.0636761262911130,	0.1339115024123831,	-0.1030626910059456,	-0.0551482919154813,	0.1505496724295700,	0.0461225054166902,	-0.0215300573298730,	-0.0583498374701578,	-0.0935521020844441,	-0.0751129875326873,	
  -0.0074151696059976,	0.1424564651518020,	-0.0964309320063251,	-0.0742514467261846,	-0.0281579979479748,	0.0818653582102549,	-0.0012354562287735,	0.0333975613722838,	-0.1403826187145107,	-0.0075653916090893,	0.1232365371702365,	0.0883583727359015,	
  -0.0207995214386518,	-0.0071037594350058,	-0.0166125418058761,	-0.1318639086445631,	0.0432605511075943,	0.0030468364955600,	-0.0150150343541175,	0.0842057196586794,	-0.0184004865886951,	0.0499426400229820,	-0.1030015235424306,	0.0021744975451344,	
};

const PROGMEM tinytype coeff_d2p_data[12*4] = {
  0.0246886998355232,	0.0316386468519146,	0.0875679129652298,	-0.0429670008745955,	
  0.0229520032924020,	0.0173018199028959,	0.0043087519879668,	-0.0104371037620116,	
  0.0356741869868182,	0.0068701294231444,	-0.0161765136670757,	0.0056763419281063,	
  0.0055499824448002,	-0.0039170335470280,	-0.0023614673414516,	-0.0010967304299672,	
  0.0300081723941116,	0.0014760016382681,	0.0252790394524587,	0.0515073984869065,	
  0.0120123399912373,	-0.0324395164410077,	0.0262764713414173,	-0.0209745421939119,	
  -0.0140641039190632,	-0.0168983745354088,	0.0276803007532385,	-0.0090032260810417,	
  0.0135826341047744,	0.0003912700598651,	0.0127907234899849,	0.0141136131613961,	
  -0.0301348879031888,	-0.0209386805186336,	0.0260885923869976,	-0.0010660832711891,	
  0.0044952148593126,	-0.0141571188116946,	-0.0053533307488086,	0.0025075229020365,	
  -0.0348597427005119,	0.0295689700927129,	0.0301054080144792,	-0.0264043280023071,	
  -0.0388479008208687,	0.0110225816043014,	-0.0268459428722176,	-0.0138845573709456,	
};

const PROGMEM tinytype dKinf_drho_data[4*12] = {
  -0.0000191559791539,	0.0000437357172426,	-0.0000559686124036,	-0.0001305332266563,	-0.0000120592478895,	0.0000107362636497,	-0.0000318836576560,	-0.0000808356703326,	0.0000237822505416,	0.0000790225667125,	0.0000690089867321,	0.0000578385610149,	
  0.0000253187933456,	-0.0000130798539178,	0.0000183206489586,	0.0000396556587161,	0.0000472230988601,	-0.0000040164118410,	-0.0000010125203997,	0.0000165374992718,	0.0000210045605749,	0.0001068334140471,	0.0000147661541696,	0.0000279585489910,	
  -0.0000264593510683,	0.0000045035601146,	-0.0001438789956731,	-0.0001266032299711,	-0.0000317824129070,	-0.0001106363895784,	-0.0000536336208811,	0.0000920308800771,	-0.0000771432589171,	-0.0001573485010362,	-0.0000006940793554,	-0.0000027782517149,	
  -0.0000606672451278,	-0.0000294689989694,	0.0000446060419674,	0.0000135500772580,	-0.0000894146624798,	-0.0000058408513225,	0.0000812756674384,	-0.0000414247233184,	-0.0000128878400149,	-0.0000609076050573,	0.0000166086574661,	0.0000421894508434,	
};

const PROGMEM tinytype dPinf_drho_data[12*12] = {
  0.0000611086518831,	-0.0000057818467064,	0.0000202911110955,	0.0000726472633873,	0.0000762129412089,	0.0000250936922792,	-0.0000288270936406,	0.0000216888645880,	0.0000227558532555,	0.0000772673019090,	-0.0000319118654358,	-0.0000328610879920,	
  -0.0000057818467064,	0.0000347802482576,	-0.0000402569950206,	-0.0000706483877455,	0.0000050580257365,	-0.0000008743563716,	-0.0000307187937529,	-0.0000124962979363,	0.0000038231792556,	0.0000226295164442,	0.0000252740346820,	0.0000072538567964,	
  0.0000202911110955,	-0.0000402569950206,	0.0002951020706289,	0.0002821336878030,	0.0000188091453740,	0.0001763579849691,	0.0001434609749752,	-0.0001263601070117,	0.0001092066465603,	0.0001949318976210,	-0.0000199884622776,	-0.0000097041776389,	
  0.0000726472633873,	-0.0000706483877455,	0.0002821336878030,	0.0003808858410268,	0.0000644486334168,	0.0001398163965880,	0.0001211269979857,	-0.0000179859994249,	0.0000829021375233,	0.0001503515081497,	-0.0000985803155709,	-0.0000643403488548,	
  0.0000762129412089,	0.0000050580257365,	0.0000188091453740,	0.0000644486334168,	0.0001163178833284,	0.0000346228819392,	-0.0000500294157639,	0.0000267569304493,	0.0000290269140331,	0.0001145717865208,	-0.0000211947001159,	-0.0000469685243840,	
  0.0000250936922792,	-0.0000008743563716,	0.0001763579849691,	0.0001398163965880,	0.0000346228819392,	0.0001466570222620,	0.0000689699127170,	-0.0001384722756319,	0.0000918796797512,	0.0001902691799968,	0.0000101831454210,	-0.0000015330168640,	
  -0.0000288270936406,	-0.0000307187937529,	0.0001434609749752,	0.0001211269979857,	-0.0000500294157639,	0.0000689699127170,	0.0001083322339259,	-0.0000765222680340,	0.0000357550942615,	0.0000353669571805,	-0.0000025291549104,	0.0000192581821019,	
  0.0000216888645880,	-0.0000124962979363,	-0.0001263601070117,	-0.0000179859994249,	0.0000267569304493,	-0.0001384722756319,	-0.0000765222680340,	0.0002286039507112,	-0.0000907924820167,	-0.0001862604545801,	-0.0000696713965948,	-0.0000634712784492,	
  0.0000227558532555,	0.0000038231792556,	0.0001092066465603,	0.0000829021375233,	0.0000290269140331,	0.0000918796797512,	0.0000357550942615,	-0.0000907924820167,	0.0000764024941417,	0.0001701349607722,	0.0000174001303052,	0.0000245552338876,	
  0.0000772673019090,	0.0000226295164442,	0.0001949318976210,	0.0001503515081497,	0.0001145717865208,	0.0001902691799968,	0.0000353669571805,	-0.0001862604545801,	0.0001701349607722,	0.0004411712234168,	0.0000532967540216,	0.0000594633783063,	
  -0.0000319118654358,	0.0000252740346820,	-0.0000199884622776,	-0.0000985803155709,	-0.0000211947001159,	0.0000101831454210,	-0.0000025291549104,	-0.0000696713965948,	0.0000174001303052,	0.0000532967540216,	0.0000691994221140,	0.0000551845181419,	
  -0.0000328610879920,	0.0000072538567964,	-0.0000097041776389,	-0.0000643403488548,	-0.0000469685243840,	-0.0000015330168640,	0.0000192581821019,	-0.0000634712784492,	0.0000245552338876,	0.0000594633783063,	0.0000551845181419,	0.0000873507486678,	
};

const PROGMEM tinytype dC1_drho_data[4*4] = {
  -0.0000983205110265,	0.0000008526917107,	-0.0000000467986618,	0.0000147329567442,	
  0.0000008526917107,	-0.0001178414288294,	0.0000038131997069,	-0.0000067228379186,	
  -0.0000000467986618,	0.0000038131997069,	-0.0000906415004533,	-0.0000104232624174,	
  0.0000147329567442,	-0.0000067228379186,	-0.0000104232624174,	-0.0001109147398168,	
};

const PROGMEM tinytype dC2_drho_data[12*12] = {
  -0.0000090332016875,	-0.0000222938585366,	0.0001596611476127,	0.0001361737514728,	-0.0000265099317836,	0.0000993337693664,	0.0000950209927729,	-0.0000950658068643,	0.0000538750079294,	0.0000659239006581,	-0.0000098802163016,	0.0000019380755829,	
  -0.0000082384979728,	-0.0000270754690834,	0.0000558114379531,	0.0000812017495796,	-0.0000265525297339,	0.0000104133472435,	0.0000442451688739,	0.0000177240903681,	-0.0000136405667771,	-0.0000786594891186,	-0.0000422278939948,	-0.0000352509260537,	
  0.0000112896877147,	-0.0000311774637237,	-0.0000252315924571,	0.0000549021824000,	0.0000018900889664,	-0.0000590334564112,	-0.0000089695277168,	0.0001236608005715,	-0.0000611936975674,	-0.0001638209070717,	-0.0000735678894978,	-0.0000719122200900,	
  0.0000077098319887,	-0.0000157380953069,	0.0000078586421828,	0.0000364665220574,	0.0000086122918703,	-0.0000141730810693,	0.0000053289274911,	0.0000365324063576,	-0.0000109902543099,	-0.0000212473764127,	-0.0000192358958714,	-0.0000135442845913,	
  0.0000669504881756,	0.0000005407370307,	0.0000426847041521,	0.0000980954930956,	0.0000878349065211,	0.0000386283145306,	-0.0000302282122468,	0.0000404663918167,	0.0000253332043862,	0.0000627425809882,	-0.0000477744327733,	-0.0000622777977970,	
  0.0000031650344941,	-0.0000189656347265,	0.0000790614495082,	0.0000773131743865,	0.0000045355237219,	0.0000376128940366,	0.0000465982093157,	-0.0000344313518481,	0.0000315697731111,	0.0000765208884889,	0.0000056149705077,	0.0000200294220767,	
  0.0000078433938811,	0.0000002301647442,	0.0000983310480782,	0.0000627987151865,	0.0000150007459828,	0.0000782607170247,	0.0000443129563704,	-0.0000936551140706,	0.0000658427793068,	0.0001580080302147,	0.0000310884585312,	0.0000388197628493,	
  0.0000866338890305,	-0.0000143564725693,	0.0001100504998159,	0.0001838166374345,	0.0001113894056216,	0.0000738271314293,	-0.0000047234504062,	0.0000339502811270,	0.0000492077206949,	0.0001135334005320,	-0.0000646021355970,	-0.0000738850915219,	
  0.0000109211681195,	0.0000146288324719,	0.0000632407901111,	0.0000193719423527,	0.0000236917422059,	0.0000690027850027,	0.0000182930678079,	-0.0000931740609627,	0.0000642132476377,	0.0001667117851666,	0.0000425318962713,	0.0000435056328543,	
  0.0000163917213275,	-0.0000083864249808,	-0.0000511434599354,	-0.0000174823176288,	0.0000342356295068,	-0.0000533401751812,	-0.0000316379049257,	0.0000651515112349,	-0.0000182434590365,	0.0000158634206329,	0.0000048393520666,	0.0000125148197388,	
  -0.0000551489088376,	0.0000211238530112,	0.0000813778225948,	-0.0000306344144306,	-0.0000791045740098,	0.0000912207696557,	0.0000717094482729,	-0.0001782996246626,	0.0000564397409276,	0.0000767614191357,	0.0000620078646746,	0.0000640076187019,	
  -0.0000480139870079,	0.0000280789025563,	-0.0001055824209063,	-0.0001620947082948,	-0.0000572288519008,	-0.0000502031035142,	-0.0000286155241621,	-0.0000243726909367,	-0.0000299149565063,	-0.0000597585982595,	0.0000508331934243,	0.0000462475052353,	
};

