#pragma once

typedef float tinytype;

const PROGMEM tinytype Adyn_data[12*12] = {
  0.0490660304956304,	0.1184256107904090,	-0.1427017690095792,	0.1062290039301874,	0.0343327627849986,	-0.0304337651024494,	-0.0300399388654153,	0.0171368071191013,	-0.1460523215181537,	-0.0055452145150789,	0.1164062030457749,	-0.0572840530337322,	
  -0.0916712929403848,	0.0992315240741824,	-0.0464742329333139,	-0.1501567882464545,	-0.1092276350082951,	-0.1391367874872252,	0.1095182885570299,	0.0071052323408880,	-0.0965063200251157,	0.0998180024193773,	0.0986339089498766,	0.0035061256349097,	
  0.0493544708116111,	0.0304475578330995,	-0.1164570301106307,	0.1030492774974069,	0.0331191540914184,	0.0836617538966705,	-0.0199466141793692,	0.1519282171128848,	0.0669379063840632,	-0.0582403477300859,	-0.0494185894286369,	-0.0471733026749662,	
  -0.0138998592805366,	0.0951179226039863,	-0.0197274532880329,	-0.0466046247468863,	-0.0488645606459499,	-0.0711801314222686,	-0.0411048688013026,	0.0758684876473715,	0.1099646140728464,	-0.0760748354775839,	-0.1028276906797954,	0.0276321575942553,	
  -0.1368123408316418,	-0.0048146963298921,	-0.1191904546547960,	-0.1292895518050347,	-0.1195777615202305,	0.0755673928231323,	-0.0390885514392250,	0.0347855364010544,	0.0720975485557176,	0.1111402210221934,	-0.0523093324381038,	-0.1221046000666921,	
  -0.1323231842413147,	0.0013713423421225,	0.0519289890934881,	0.1414286739241515,	0.1385373007843290,	0.1356479645417601,	0.1141279142614552,	0.0174484326238342,	0.0496968937211465,	0.0673948112516873,	-0.0870880468497587,	-0.1407818663639693,	
  0.1318071254515995,	0.1373890836013971,	0.0566967295381032,	-0.0392129730645324,	0.0287866010062930,	-0.0559829329036836,	0.0922900317993009,	0.0383202480652595,	-0.0101921633130631,	-0.0320085442813927,	0.0282515938196598,	-0.1221352106238713,	
  -0.0730226147502537,	0.1318969549963805,	-0.0885912410335458,	0.0783162882802317,	0.0365109558239184,	0.0305826318495861,	-0.0934241569016424,	-0.1479732865179785,	-0.0352952880392839,	-0.1211914964312515,	-0.0625096541108364,	-0.0901953285830145,	
  -0.1160470814109143,	-0.1002194046666905,	-0.0244594138105105,	-0.0327121182445139,	0.0947589568741440,	-0.0570276455068882,	-0.0256811966761235,	0.0494004052143389,	0.0390966673671073,	0.0950384965782386,	-0.1011970577480462,	-0.0697066748147857,	
  0.0819533721198181,	0.0086058625648824,	-0.1024503971472823,	0.0903704686407826,	0.0766008621192051,	-0.0772772698532852,	-0.0734537962698791,	0.0135692929026622,	0.0084871748783727,	-0.0089606008767284,	0.0556591169177196,	0.0336192264402926,	
  -0.1079692014514999,	-0.0981680790745746,	0.0577550253666653,	-0.0513345833741607,	-0.1172074318848548,	0.0058145188475291,	-0.0332817784121228,	-0.0231552269154438,	0.0139178647344463,	-0.0568523481519167,	-0.0814136834878806,	0.1405555453223310,	
  0.0551490204426714,	0.0467684485868581,	0.0245829388804546,	-0.0903734542560644,	0.1306832396331636,	-0.0352650441105482,	0.0922854862554434,	-0.0685535078122128,	-0.1228017178003909,	-0.0722328859384974,	0.0600843550460757,	-0.1201549534654829,	
};

const PROGMEM tinytype Bdyn_data[12*4] = {
  -0.8947459104268984,	-0.0753544682281200,	-0.5449463466989690,	0.6474817998131592,	
  -0.9660459985130525,	0.2456372692281099,	-0.3428258916547657,	0.1820383883397332,	
  0.8357429757642625,	0.2025046445810534,	0.8962903386218339,	-0.8921706135386509,	
  0.9451015368909439,	0.8545925285101752,	-0.9495476179728031,	0.5304492467088335,	
  -0.7946604781289659,	0.7550864888568725,	0.4098745951751503,	0.7929463397908016,	
  0.6348783210008000,	-0.3187435374844778,	-0.2813332077518320,	-0.5860648501103234,	
  -0.1606827632034826,	-0.5655556965045676,	-0.7559908957720312,	0.6847750484854540,	
  -0.8054954481699081,	-0.4776739413779942,	0.5179309374031185,	0.6808146457451043,	
  0.6504488494272647,	0.3253349560783712,	0.3546839481793782,	0.8528342980105474,	
  -0.8458569081958884,	0.8392087946596800,	-0.8084316382849099,	-0.7153373195309582,	
  0.7677577943704244,	-0.7241079786692035,	0.4726304653839630,	-0.4294887110783658,	
  0.8193298615589046,	0.4188925388611044,	-0.0788875717376447,	0.3065105197622264,	
};

const PROGMEM tinytype Q_data[12] = {
  1.2928059258790512,1.6716503848218875,6.3620372943396788,7.7851578755502553,7.4305278861595543,0.7911921589961018,6.1373569503670984,3.6332333187104391,6.9690869123109991,9.7598534594698609,
  8.9234261747163526,2.5398645710095584,
};

const PROGMEM tinytype Qf_data[12] = {
  11.6352533329114607,15.0448534633969881,57.2583356490571092,70.0664208799523038,66.8747509754359868,7.1207294309649170,55.2362125533038864,32.6990998683939509,62.7217822107989917,87.8386811352287538,
  80.3108355724471750,22.8587811390860267,
};

const PROGMEM tinytype R_data[4] = {
  0.1000000000000000,0.1000000000000000,0.1000000000000000,0.1000000000000000,
};

const PROGMEM tinytype umin[4] = {
  -3.0,	
  -3.0,	
  -3.0,	
  -3.0,	
};

const PROGMEM tinytype umax[4] = {
  3.0,	
  3.0,	
  3.0,	
  3.0,	
};

const PROGMEM tinytype xmin[12] = {
  -10000.0,	
  -10000.0,	
  -10000.0,	
  -10000.0,	
  -10000.0,	
  -10000.0,	
  -10000.0,	
  -10000.0,	
  -10000.0,	
  -10000.0,	
  -10000.0,	
  -10000.0,	
};

const PROGMEM tinytype xmax[12] = {
  10000.0,	
  10000.0,	
  10000.0,	
  10000.0,	
  10000.0,	
  10000.0,	
  10000.0,	
  10000.0,	
  10000.0,	
  10000.0,	
  10000.0,	
  10000.0,	
};

const PROGMEM tinytype rho_value = 85.0;

const PROGMEM tinytype Kinf_data[4*12] = {
  -0.0039213135795322,	-0.0080817065112496,	0.0135425230440060,	-0.0035748425826882,	0.0016256621228340,	0.0004373545026828,	0.0036881701750729,	0.0112818002157729,	0.0098194170591868,	-0.0111025821115418,	-0.0179590165145425,	0.0082895442783765,	
  -0.0016884033373751,	0.0021696531930919,	-0.0203895262469018,	-0.0012750531945220,	0.0042163255392745,	-0.0045333387551861,	-0.0097877080522328,	0.0124955556412320,	0.0121064946551738,	0.0073007971258046,	-0.0034619954172742,	-0.0072754037126194,	
  -0.0183352639833133,	-0.0155033842374171,	-0.0042261494864488,	-0.0014296775023837,	-0.0056052906714221,	0.0184540854876446,	-0.0030357204750541,	-0.0009267734378284,	0.0006725148648097,	0.0058104753012107,	-0.0089124939761539,	-0.0038125814506353,	
  -0.0153688587935162,	0.0093343084188153,	-0.0000101187829680,	-0.0205295722796868,	-0.0051720212761603,	-0.0040902728876137,	0.0028186547552084,	-0.0028558392518323,	0.0013965325432705,	0.0088493692822221,	-0.0090832459288211,	-0.0204047707424812,	
};

const PROGMEM tinytype Pinf_data[12*12] = {
  1.8478671686388626,	0.2304251613174332,	0.0453353536208372,	0.2381809630611258,	0.2730280095623834,	-0.0794783698223556,	0.1214633055852763,	0.0602118416101528,	-0.1138155739819722,	-0.1768483202355988,	0.2690375639025725,	-0.0612468460030791,	
  0.2304251613174332,	2.1065104076642722,	-0.1020630486350091,	0.0576624286102231,	0.0320300478462540,	-0.0429120272829040,	0.0644874631663825,	0.0432137124474338,	-0.0329017949908988,	-0.1844712841926220,	0.0781972582706150,	-0.2045153354096328,	
  0.0453353536208372,	-0.1020630486350091,	6.7345217849470442,	-0.1028509501652082,	-0.0193193360754192,	-0.0412594498762120,	0.1710646686830633,	-0.1354435751258782,	-0.0899015684324422,	-0.0249395367524613,	0.0418551684443941,	0.1490371011715660,	
  0.2381809630611258,	0.0576624286102231,	-0.1028509501652082,	8.2063850126398012,	0.2980015834800253,	0.0306259381452388,	-0.0877288118438181,	0.0137131115524797,	-0.0259557251596885,	-0.1372143910123277,	0.0699527732600947,	0.0095356036271347,	
  0.2730280095623834,	0.0320300478462540,	-0.0193193360754192,	0.2980015834800252,	7.9511118644732539,	-0.0770834066649352,	0.0442886495874425,	-0.0179509821962611,	-0.1065884329986174,	-0.0315445135935935,	0.1121584198230948,	-0.1952895066121102,	
  -0.0794783698223557,	-0.0429120272829041,	-0.0412594498762120,	0.0306259381452388,	-0.0770834066649352,	1.0426485147812805,	-0.0081839395099630,	0.0170274620559986,	0.0569503410005588,	0.0256935359077177,	-0.0566267081416250,	-0.0867017774949760,	
  0.1214633055852762,	0.0644874631663825,	0.1710646686830633,	-0.0877288118438181,	0.0442886495874425,	-0.0081839395099630,	6.3727466984398182,	0.0041747442882215,	-0.1115346547724906,	0.0478121267963543,	0.1264833475920931,	-0.1017466097266857,	
  0.0602118416101528,	0.0432137124474338,	-0.1354435751258782,	0.0137131115524797,	-0.0179509821962610,	0.0170274620559986,	0.0041747442882215,	3.9449594882878181,	0.1725087921682128,	0.0546421635815861,	-0.0756546809671087,	-0.0848127131857966,	
  -0.1138155739819722,	-0.0329017949908988,	-0.0899015684324422,	-0.0259557251596885,	-0.1065884329986174,	0.0569503410005588,	-0.1115346547724906,	0.1725087921682128,	7.2297385188209322,	0.0253149300488234,	-0.2130295963964446,	0.0006599477307591,	
  -0.1768483202355988,	-0.1844712841926220,	-0.0249395367524613,	-0.1372143910123278,	-0.0315445135935935,	0.0256935359077177,	0.0478121267963543,	0.0546421635815862,	0.0253149300488234,	10.0898067761124075,	0.0150887041862690,	-0.0967771715843925,	
  0.2690375639025726,	0.0781972582706149,	0.0418551684443941,	0.0699527732600947,	0.1121584198230948,	-0.0566267081416251,	0.1264833475920931,	-0.0756546809671087,	-0.2130295963964445,	0.0150887041862690,	9.2266033702551606,	-0.0096599157977551,	
  -0.0612468460030791,	-0.2045153354096328,	0.1490371011715660,	0.0095356036271347,	-0.1952895066121102,	-0.0867017774949760,	-0.1017466097266857,	-0.0848127131857966,	0.0006599477307591,	-0.0967771715843926,	-0.0096599157977551,	3.0236726993437308,	
};

const PROGMEM tinytype Quu_inv_data[4*4] = {
  0.0079236458148570,	0.0002910438872894,	-0.0004962757413923,	0.0002173184070109,	
  0.0002910438872894,	0.0090193129391133,	0.0007825570899347,	-0.0002135079751061,	
  -0.0004962757413923,	0.0007825570899347,	0.0089240912845860,	0.0002324083086898,	
  0.0002173184070109,	-0.0002135079751061,	0.0002324083086898,	0.0085687703525007,	
};

const PROGMEM tinytype AmBKt_data[12*12] = {
  0.0453895437004325,	0.0968657225861264,	-0.1344175668022874,	0.1154477740706357,	0.0363992432610119,	-0.0176791875618007,	-0.0309568436561927,	0.0295168098145685,	-0.1368919046807587,	-0.0174924650315884,	0.1011009750302789,	-0.0392811860171609,	
  -0.0985328083860706,	0.0838771121666237,	-0.0298300966477519,	-0.1500500102473867,	-0.1096729896660846,	-0.1305296009713610,	0.1139316295268474,	0.0151367465747344,	-0.0900177847796406,	0.0876801059823054,	0.0807331337646857,	0.0157087169601145,	
  0.0556956663943430,	0.0589857516102458,	-0.1198672955795126,	0.0892606563056074,	0.0313163353653008,	0.0640248202941589,	-0.0158113122813737,	0.1382518859955483,	0.0569229528735275,	-0.0477526136979641,	-0.0338240202228440,	-0.0674152849479202,	
  -0.0180087295831195,	0.0812292079977303,	-0.0191093385170910,	-0.0326040353101964,	-0.0565832123355290,	-0.0480266033168050,	-0.0406037763669537,	0.0551622947035335,	0.0902359432924250,	-0.0709977930244376,	-0.0865406376181520,	0.0332186698461734,	
  -0.1189517239781833,	-0.0139223472588504,	-0.0912926760725200,	-0.1143027247971032,	-0.1150710009427117,	0.0750175101012012,	-0.0297579195278627,	0.0369599000886428,	0.0693761785428308,	0.0874060633517352,	-0.0531110156510525,	-0.0922810992494159,	
  -0.1445372614688702,	0.0083026987825213,	0.0356372186231400,	0.1308579725564679,	0.1342410353838912,	0.1367199071175471,	0.1094644717822447,	0.0123343007057105,	0.0483292850381541,	0.0835916657807807,	-0.0846204969474074,	-0.1613948309093249,	
  0.1268850702073376,	0.1192052335533471,	0.0441533653977668,	-0.0275311865687285,	0.0307365062196791,	-0.0417244756974810,	0.0831220416416212,	0.0484549467524266,	-0.0022153507549720,	-0.0313306913017216,	0.0228901540588924,	-0.1138274687491190,	
  -0.0570279766487881,	0.1280983124318663,	-0.0852266031492867,	0.0895450168549457,	0.0462587893873832,	0.0219962370113908,	-0.0954753735832187,	-0.1304927446601999,	-0.0229019313392851,	-0.1356813803792041,	-0.0678292019439955,	-0.0711268885166966,	
  -0.0933368571583522,	-0.0981303488276245,	-0.0251271296862126,	-0.0119566395999112,	0.0987288124930400,	-0.0588943115691612,	-0.0262230032795416,	0.0407611995243703,	0.0273414318533598,	0.0902770258658299,	-0.0774817057753438,	-0.0539775064317377,	
  0.0542366991150065,	-0.0059071439126989,	-0.0773080820268154,	0.0725753334698653,	0.0662063280256828,	-0.0611099710530861,	-0.0625580849114456,	0.0098335799996987,	0.0081757939852901,	-0.0134510336417335,	0.0296709688340279,	0.0290580720374810,	
  -0.1041161157190501,	-0.0790558709219238,	0.0345864902030297,	-0.0576547567031278,	-0.1149745652999394,	-0.0082825792861701,	-0.0405554029258163,	-0.0235573147860025,	0.0154272840730647,	-0.0419871921875377,	-0.0698212024940737,	0.1219613286737717,	
  0.0623334217596738,	0.0483970924681001,	0.0216978766080314,	-0.0807306226244473,	0.1287281899609338,	-0.0310148902724951,	0.0922602282213259,	-0.0822290847807978,	-0.1362933785539581,	-0.0684485088089474,	0.0783299430334034,	-0.1179457007058385,	
};

const PROGMEM tinytype coeff_d2p_data[12*4] = {
  -0.0128148942202161,	-0.0028752726966158,	-0.0074822704801223,	0.0132005197312074,	
  -0.0179340855857247,	0.0003392353334566,	-0.0056770521120634,	0.0059964303331849,	
  0.0418565069123951,	0.0184105980630794,	0.0497126891419409,	-0.0494547970514871,	
  0.0651550366891984,	0.0588978731815719,	-0.0658195092110259,	0.0396466070906148,	
  -0.0496245280808360,	0.0532796881965845,	0.0347469271109695,	0.0540848756346281,	
  0.0056243435906434,	-0.0029486493371596,	-0.0037897664164262,	-0.0053731094531125,	
  -0.0080139313325480,	-0.0385672389883170,	-0.0429002897329156,	0.0344239177519193,	
  -0.0278153627997088,	-0.0163702326082601,	0.0173402517386629,	0.0253795819025527,	
  0.0368163840057366,	0.0234023796789937,	0.0239989720487393,	0.0537733466831320,	
  -0.0619480559191386,	0.0667762688704435,	-0.0615846351978816,	-0.0688265356307675,	
  0.0477575824428643,	-0.0537212233302426,	0.0263389984513117,	-0.0288907079349354,	
  0.0251866967742575,	0.0113145005260357,	-0.0001446639263338,	0.0052766024459998,	
};

const PROGMEM tinytype dKinf_drho_data[4*12] = {
  0.0000270610268296,	0.0000548035928956,	-0.0001031076201959,	0.0000339959517824,	-0.0000131489076760,	0.0000101589149581,	-0.0000275014337604,	-0.0000921593367062,	-0.0000807232588224,	0.0000850467277793,	0.0001398475675470,	-0.0000638327844218,	
  0.0000271610294434,	-0.0000029320151714,	0.0001829349781507,	0.0000093483257629,	-0.0000348600776411,	0.0000255880869965,	0.0000898785178215,	-0.0001160238124353,	-0.0001122503038150,	-0.0000655171867587,	0.0000411327047458,	0.0000613384005424,	
  0.0001671000761937,	0.0001307895398120,	0.0000600483643708,	0.0000171553997884,	0.0000497200540985,	-0.0001596448985750,	0.0000359947868066,	0.0000048865180674,	-0.0000108312565991,	-0.0000650891744396,	0.0000753854890963,	0.0000473623515956,	
  0.0001357631982664,	-0.0000726688711239,	-0.0000080394347851,	0.0001759438516719,	0.0000459464676821,	0.0000289068926673,	-0.0000273414952654,	0.0000241734580468,	-0.0000130973270765,	-0.0000742192120965,	0.0000831516376615,	0.0001714131894132,	
};

const PROGMEM tinytype dPinf_drho_data[12*12] = {
  0.0006158476665340,	0.0001826761271682,	0.0000575600745960,	0.0003614205100729,	0.0001780468305153,	-0.0002628812672464,	0.0000281229098332,	0.0000094909520429,	-0.0000981948574043,	-0.0002222793788470,	0.0003883652251743,	0.0003481199609753,	
  0.0001826761271682,	0.0004282772389962,	-0.0001075902339507,	-0.0001494826368941,	0.0000342144896714,	-0.0003383628102890,	0.0000272703585248,	-0.0000670143439131,	-0.0000694399096801,	0.0000770855354457,	0.0001998759405395,	-0.0002352660247581,	
  0.0000575600745960,	-0.0001075902339507,	0.0006374877978141,	-0.0000051405168738,	-0.0000315258556431,	0.0000304740403071,	0.0002672099907056,	-0.0001002064275249,	-0.0001002139805870,	-0.0003142074804155,	-0.0001424291063592,	0.0002849537395062,	
  0.0003614205100729,	-0.0001494826368941,	-0.0000051405168738,	0.0004630197117103,	0.0001379792565265,	0.0000872046677718,	-0.0000491925495242,	0.0000048953672748,	-0.0000590590050016,	-0.0001589653311840,	0.0002492139487273,	0.0003776720669322,	
  0.0001780468305153,	0.0000342144896714,	-0.0000315258556431,	0.0001379792565265,	0.0001367064669764,	-0.0000648493341190,	-0.0000279634950096,	0.0000890294384860,	0.0000784694478931,	-0.0000740602123447,	0.0000275340519850,	0.0000609512984756,	
  -0.0002628812672464,	-0.0003383628102890,	0.0000304740403071,	0.0000872046677718,	-0.0000648493341190,	0.0004078810286538,	-0.0000127952988611,	-0.0000513831727602,	-0.0000231165405343,	0.0000294650920942,	-0.0001384756917450,	0.0000176424331970,	
  0.0000281229098332,	0.0000272703585248,	0.0002672099907056,	-0.0000491925495242,	-0.0000279634950096,	-0.0000127952988611,	0.0001384474964346,	-0.0000746160296045,	-0.0000775288891827,	-0.0001081665730026,	-0.0000281966536632,	0.0000484004955572,	
  0.0000094909520429,	-0.0000670143439131,	-0.0001002064275249,	0.0000048953672748,	0.0000890294384860,	-0.0000513831727602,	-0.0000746160296045,	0.0003102113903089,	0.0002590785991436,	-0.0000660675204038,	-0.0002066774618372,	0.0000565021320482,	
  -0.0000981948574043,	-0.0000694399096801,	-0.0001002139805870,	-0.0000590590050016,	0.0000784694478931,	-0.0000231165405343,	-0.0000775288891827,	0.0002590785991436,	0.0002736914052546,	0.0000097596116578,	-0.0002560644626653,	-0.0000475361328572,	
  -0.0002222793788470,	0.0000770855354457,	-0.0003142074804155,	-0.0001589653311840,	-0.0000740602123447,	0.0000294650920942,	-0.0001081665730026,	-0.0000660675204038,	0.0000097596116578,	0.0003115895468172,	0.0000391227036782,	-0.0003302495010531,	
  0.0003883652251743,	0.0001998759405395,	-0.0001424291063592,	0.0002492139487273,	0.0000275340519850,	-0.0001384756917450,	-0.0000281966536632,	-0.0002066774618372,	-0.0002560644626653,	0.0000391227036782,	0.0005171803366488,	0.0001136049083490,	
  0.0003481199609753,	-0.0002352660247581,	0.0002849537395062,	0.0003776720669322,	0.0000609512984756,	0.0000176424331970,	0.0000484004955572,	0.0000565021320482,	-0.0000475361328572,	-0.0003302495010531,	0.0001136049083490,	0.0006120963569312,	
};

const PROGMEM tinytype dC1_drho_data[4*4] = {
  -0.0000634602151818,	-0.0000045221939285,	0.0000080946885702,	-0.0000033763824134,	
  -0.0000045221939285,	-0.0000821191670275,	-0.0000138496849537,	0.0000034619539700,	
  0.0000080946885702,	-0.0000138496849537,	-0.0000806229257963,	-0.0000038181279334,	
  -0.0000033763824134,	0.0000034619539700,	-0.0000038181279334,	-0.0000737939242064,	
};

const PROGMEM tinytype dC2_drho_data[12*12] = {
  0.0000294158241109,	0.0001671394035486,	-0.0000405416290120,	-0.0000734494923607,	-0.0000170465337339,	-0.0000946967668370,	0.0000194843006621,	-0.0001041910862683,	-0.0000781075404657,	0.0000837436803162,	0.0001154694471053,	-0.0001376689801776,	
  0.0000520425543909,	0.0001117295686080,	-0.0001224927325764,	0.0000043981360053,	0.0000045417855843,	-0.0000564639775252,	-0.0000313280171027,	-0.0000632556584285,	-0.0000517385419620,	0.0000894490053903,	0.0001357027651703,	-0.0000916991434970,	
  -0.0000567625456858,	-0.0002272664033810,	-0.0000118670297056,	0.0001112907577163,	0.0000144769189995,	0.0001552061120891,	-0.0000518717454797,	0.0001177039891671,	0.0000882180047311,	-0.0000656870725282,	-0.0001185880239704,	0.0001514058824209,	
  0.0000378669621862,	0.0001134487623172,	0.0000023955982587,	-0.0001171580502066,	0.0000650575045122,	-0.0001983926667096,	-0.0000021358228511,	0.0001780702029761,	0.0001688826203175,	-0.0000468230402358,	-0.0001398474651313,	-0.0000380440652143,	
  -0.0001751476050644,	0.0000497793800655,	-0.0002383047397551,	-0.0001265891509144,	-0.0000409386140539,	0.0000312644428911,	-0.0000827933670224,	-0.0000067984841084,	0.0000354360388090,	0.0002025846674676,	-0.0000167607982684,	-0.0002523752743104,	
  0.0001180537822221,	-0.0000415214042173,	0.0001359521036842,	0.0000893373163455,	0.0000381520439683,	-0.0000262657352042,	0.0000402109003153,	0.0000370700784140,	0.0000047473129123,	-0.0001366865212603,	-0.0000057347115353,	0.0001738611172325,	
  0.0000530682011006,	0.0001557853059648,	0.0001377935227777,	-0.0000967630711479,	-0.0000157032047079,	-0.0001243809578167,	0.0000923468062457,	-0.0000932855626650,	-0.0000756742436341,	-0.0000217714336971,	0.0000457845057812,	-0.0000571405148255,	
  -0.0001442042229160,	0.0000244775801712,	-0.0000212969874132,	-0.0000968214273116,	-0.0000842757183101,	0.0000834105182048,	0.0000207520228817,	-0.0001486440011627,	-0.0001041145676097,	0.0001214501230042,	0.0000366392705203,	-0.0001633482987367,	
  -0.0002014894727413,	-0.0000191074915853,	-0.0000068907953937,	-0.0001812896610330,	-0.0000369257349057,	0.0000170381397126,	-0.0000008013558780,	0.0000753424128024,	0.0001040368210819,	0.0000523792598661,	-0.0002019981875396,	-0.0001414212775854,	
  0.0002323014523994,	0.0001025682170202,	-0.0001979408454904,	0.0001606386846696,	0.0000911952771700,	-0.0001212645670311,	-0.0000891481878056,	0.0000406571846677,	0.0000077957786767,	0.0000212080413753,	0.0002041975875856,	0.0000554383480825,	
  -0.0000217766218850,	-0.0001372245620475,	0.0001797928234392,	0.0000481262738050,	-0.0000189130071254,	0.0000985971785942,	0.0000574410955911,	-0.0000051850091893,	-0.0000198114017301,	-0.0001138499927439,	-0.0000775013294287,	0.0001446588825143,	
  -0.0000619801891647,	-0.0000110825782378,	0.0000150502957233,	-0.0000843451359738,	0.0000152151377778,	-0.0000404964261978,	-0.0000038966973525,	0.0001170864722984,	0.0001163198082263,	-0.0000246224206390,	-0.0001513513447785,	-0.0000221977367817,	
};

