#pragma once

typedef float tinytype;

const PROGMEM tinytype Adyn_data[12*12] = {
  0.1071991343910357,	-0.1227186335646490,	0.0580294686806062,	-0.0262634883282410,	-0.0480068803685271,	-0.0478937419587756,	0.0384406795668891,	0.0922464738771635,	0.0971087782821336,	-0.0570307366494130,	-0.1277971674993958,	-0.0886314782274520,	
  0.0293822975829962,	-0.0167607724589566,	-0.0011292174260684,	-0.1485981412171948,	0.1335310311237418,	-0.0710960504705751,	0.0001157470035943,	-0.0881558438559465,	0.1253520537435897,	0.0790765399263336,	0.0499068081393185,	0.0202207630640136,	
  -0.0450063727516293,	0.1368031195866277,	0.0239026017331122,	0.1189169415203750,	0.0940077720841436,	-0.0146102519063259,	-0.0490328613610190,	0.0071565943540252,	0.0026749234807209,	-0.0159122016380226,	0.0200273769875794,	0.0575783642887806,	
  0.0641998091163781,	-0.0710417446092089,	0.0998681875427661,	-0.1468735576939142,	-0.0712268730190515,	-0.0850223680591036,	-0.1293842045610602,	0.0644231535729110,	0.0307431007428131,	0.0174988297643044,	-0.0152177763281862,	-0.0954352359289969,	
  0.1108113638745112,	0.1312964287264414,	-0.0922641233404181,	0.1246695333850881,	0.1336636874309387,	-0.1091526641208252,	-0.1457248123709070,	-0.0429222092417970,	0.0950127474429406,	-0.0624641983722645,	0.1329540589172150,	-0.0086095207011946,	
  0.0871289443964292,	0.0324794410280483,	-0.0265698345692328,	-0.1123296292003950,	0.0094429859531850,	0.1399046284092513,	-0.0103798127074091,	0.0252136482631208,	0.0676016274685105,	-0.1093361093805285,	0.0201379956200990,	-0.1003534027909083,	
  -0.0130929363466543,	0.1359128226930997,	-0.0649270176107291,	0.0780718039974844,	-0.1114476602667900,	-0.0393620804165384,	-0.0641436102766435,	0.0996712266411018,	0.0789755622574346,	-0.0051985593272828,	-0.1237981776592224,	0.1323029670029820,	
  0.1010657106674886,	-0.1290944154956115,	0.1447013998462459,	0.0103842367817038,	0.0983024640380427,	0.0121675128540140,	-0.0487355038300847,	0.1179370062540346,	0.0044290558166940,	-0.0982310684860692,	0.1170599808038817,	-0.0350421929227488,	
  -0.0887780939098932,	0.0276491606949705,	0.0113612841637818,	0.1204451880118612,	-0.0878508594976159,	0.1065246072116596,	-0.1200619434425405,	0.0837529627317210,	-0.0556897627214541,	0.0195804475966712,	-0.1153823776312158,	-0.0305112916784265,	
  0.0580528612739109,	-0.0656861735931861,	0.1141154058860712,	0.1431850142392667,	-0.1148521188317029,	-0.0442731983460799,	0.0666931235324875,	-0.0275427370904727,	-0.0190249818088508,	-0.1478211960277438,	-0.0361003841480740,	-0.0945392523554779,	
  -0.1143760063577619,	-0.0136795610794884,	-0.0914234097285502,	0.0842555774176487,	0.1342932655144024,	0.1444745730887238,	-0.0164045939091255,	0.0639491752556383,	0.0700563717099072,	-0.0507383176600990,	-0.0169860652354373,	0.0325421442857561,	
  -0.1279049029373323,	0.0854201851555189,	0.1005570641573241,	-0.1052883551116270,	0.0764482438959620,	0.0449637329194476,	0.0278318731863322,	-0.0031609940845709,	0.0419564886368553,	0.0410818612692321,	-0.0998385761935690,	-0.0720512457675121,	
};

const PROGMEM tinytype Bdyn_data[12*4] = {
  0.6119212544196504,	-0.9681506682328880,	-0.2661136157684982,	-0.8801290013959824,	
  0.8633476034641678,	-0.1765067894435000,	0.2783672693406338,	-0.9243387566381567,	
  0.1845778095741835,	-0.5282672354161695,	-0.9272364276245990,	0.4340674382651946,	
  -0.6560530496334269,	-0.2889814692555364,	-0.1460170430799701,	-0.7852031096898771,	
  -0.7770010289305249,	0.6652994995356136,	0.0594174249127863,	0.2640411015608262,	
  -0.7122187885752340,	0.2854645909923585,	0.3323346116882659,	0.6023598141727073,	
  -0.8583888947890470,	-0.0822266915247425,	-0.5864801604056706,	0.8898158091363195,	
  -0.4810771706132633,	0.7615866713711852,	0.7820233446179610,	0.9291763349335689,	
  -0.3314516843372015,	-0.2198143002936177,	-0.6599096408027096,	0.9254766698102834,	
  0.0406124782855541,	-0.2010713619559568,	0.0079646471543648,	0.5434457625967906,	
  0.4167129791777524,	0.2790542251117791,	0.3670442065917625,	-0.0773685175899781,	
  -0.3269648430553267,	0.2064977521039109,	-0.2347269463309578,	0.6534759026610411,	
};

const PROGMEM tinytype Q_data[12] = {
  2.4484332410405116,4.3879387231393245,6.5186872322362905,4.5930860331144725,9.2980582614104268,2.7210428647159581,5.8401733338675506,2.6192371746987950,5.1894518542792660,0.5753103643954991,
  1.9001178314679166,2.5043898793661334,
};

const PROGMEM tinytype Qf_data[12] = {
  22.0358991693646047,39.4914485082539244,58.6681850901266131,41.3377742980302543,83.6825243526938465,24.4893857824436232,52.5615600048079585,23.5731345722891561,46.7050666885133978,5.1777932795594914,
  17.1010604832112492,22.5395089142952010,
};

const PROGMEM tinytype R_data[4] = {
  0.1000000000000000,0.1000000000000000,0.1000000000000000,0.1000000000000000,
};

const PROGMEM tinytype umin[4] = {
  -3.0,	
  -3.0,	
  -3.0,	
  -3.0,	
};

const PROGMEM tinytype umax[4] = {
  3.0,	
  3.0,	
  3.0,	
  3.0,	
};

const PROGMEM tinytype xmin[12] = {
  -10000.0,	
  -10000.0,	
  -10000.0,	
  -10000.0,	
  -10000.0,	
  -10000.0,	
  -10000.0,	
  -10000.0,	
  -10000.0,	
  -10000.0,	
  -10000.0,	
  -10000.0,	
};

const PROGMEM tinytype xmax[12] = {
  10000.0,	
  10000.0,	
  10000.0,	
  10000.0,	
  10000.0,	
  10000.0,	
  10000.0,	
  10000.0,	
  10000.0,	
  10000.0,	
  10000.0,	
  10000.0,	
};

const PROGMEM tinytype rho_value = 85.0;

const PROGMEM tinytype Kinf_data[4*12] = {
  -0.0089910486986291,	-0.0124740957069797,	0.0036703737886999,	-0.0065785434322444,	0.0047142528064817,	0.0056550656464981,	0.0180367461664774,	-0.0074342208392022,	-0.0057082374358207,	0.0070794556352048,	-0.0019460666719861,	0.0017055439735300,	
  0.0067461121628338,	0.0043751301069914,	-0.0064299095230990,	0.0036569482707656,	0.0117443928057356,	-0.0022612042343989,	-0.0052746479109854,	-0.0048592900369735,	0.0036812365787765,	-0.0049351097266879,	0.0145250264178068,	-0.0011632410326129,	
  0.0086065820026538,	-0.0147648583944319,	0.0009204275676510,	-0.0137151844596246,	0.0062234800279670,	0.0010239681096017,	0.0071005060503442,	-0.0050404731273904,	0.0010343154233613,	-0.0024469008714146,	0.0116522029616977,	-0.0067854706535233,	
  -0.0074819171301277,	0.0168931108454063,	-0.0028463072388001,	0.0227403490150246,	-0.0035792993366582,	0.0107748255760520,	-0.0055141426726108,	0.0087766561861687,	-0.0046959027893890,	-0.0072592082329122,	-0.0052498962133078,	0.0076688465873478,	
};

const PROGMEM tinytype Pinf_data[12*12] = {
  2.7677438797095664,	-0.0312647688983484,	-0.0246807240232430,	-0.0325275782158611,	0.1026356445430515,	-0.1979925208902442,	-0.1183476476057595,	-0.0268103001611090,	0.1428268953646516,	-0.1223462464026491,	0.2152810362511235,	-0.0829293833976902,	
  -0.0312647688983484,	4.8642950654376822,	-0.2286651914721744,	0.3074796644719353,	0.1765941306216670,	-0.1071208607422747,	-0.1850068671790193,	-0.0774684414548230,	0.1411120867798516,	-0.0300641602992313,	0.0654577089857315,	0.1832555205603551,	
  -0.0246807240232430,	-0.2286651914721743,	6.8151173486562264,	-0.2218123420285741,	-0.0853228820716888,	0.0403482828879054,	0.0696760372645131,	0.0832609848274984,	-0.1021559091470698,	0.0327989366638747,	-0.0691677417290374,	-0.1411132434278855,	
  -0.0325275782158611,	0.3074796644719353,	-0.2218123420285741,	5.2278881110823097,	0.0953823987798862,	-0.0251146814592938,	-0.1720928968916397,	0.0325795478702064,	-0.0228841717395449,	-0.1328444649734878,	0.0615681153957163,	0.1813564825321405,	
  0.1026356445430515,	0.1765941306216670,	-0.0853228820716888,	0.0953823987798862,	9.8383005520883895,	-0.1233233533904560,	-0.1258597316557902,	-0.1760296293641398,	0.1922685698157371,	-0.0640586941013155,	0.3578429113220924,	-0.0050108520654556,	
  -0.1979925208902442,	-0.1071208607422747,	0.0403482828879053,	-0.0251146814592938,	-0.1233233533904560,	3.0580729755985989,	0.1432092234672163,	0.0871330271366523,	-0.1561533607731660,	-0.0038765703446254,	-0.1626828182498107,	-0.0425406647491735,	
  -0.1183476476057595,	-0.1850068671790193,	0.0696760372645131,	-0.1720928968916397,	-0.1258597316557902,	0.1432092234672163,	6.2208245116741345,	-0.0584832140660624,	-0.1465297486976724,	0.0497540112726217,	-0.1040891658986455,	0.0266447205623705,	
  -0.0268103001611090,	-0.0774684414548230,	0.0832609848274984,	0.0325795478702064,	-0.1760296293641398,	0.0871330271366522,	-0.0584832140660623,	2.8438767562601419,	-0.0195781292656830,	-0.0444517623864705,	-0.1783684067864648,	-0.0078318261928209,	
  0.1428268953646516,	0.1411120867798516,	-0.1021559091470698,	-0.0228841717395448,	0.1922685698157371,	-0.1561533607731661,	-0.1465297486976724,	-0.0195781292656830,	5.4651019253838049,	-0.0421768620162890,	0.0729703806614485,	0.0187171562578848,	
  -0.1223462464026491,	-0.0300641602992313,	0.0327989366638747,	-0.1328444649734878,	-0.0640586941013155,	-0.0038765703446254,	0.0497540112726217,	-0.0444517623864705,	-0.0421768620162890,	0.7297337125981005,	-0.0907757601753405,	0.0348523220258311,	
  0.2152810362511235,	0.0654577089857315,	-0.0691677417290373,	0.0615681153957163,	0.3578429113220926,	-0.1626828182498106,	-0.1040891658986455,	-0.1783684067864648,	0.0729703806614485,	-0.0907757601753405,	2.3212180765971566,	-0.0303305254193667,	
  -0.0829293833976902,	0.1832555205603550,	-0.1411132434278855,	0.1813564825321405,	-0.0050108520654555,	-0.0425406647491735,	0.0266447205623705,	-0.0078318261928210,	0.0187171562578848,	0.0348523220258311,	-0.0303305254193667,	2.7548848405658166,	
};

const PROGMEM tinytype Quu_inv_data[4*4] = {
  0.0096539332169967,	0.0007414184657430,	-0.0002080470265394,	0.0011497295901202,	
  0.0007414184657430,	0.0105021529680961,	-0.0008325100826529,	-0.0004681249449219,	
  -0.0002080470265394,	-0.0008325100826529,	0.0102815705144521,	0.0006807468962993,	
  0.0011497295901202,	-0.0004681249449219,	0.0006807468962993,	0.0091319516779024,	
};

const PROGMEM tinytype AmBKt_data[12*12] = {
  0.1149374775915380,	-0.0999106972100067,	0.0472981885065000,	-0.0023328175243859,	-0.0410153824946232,	-0.0437876548830062,	0.0193333417821790,	0.0984743578379023,	0.1003080069325303,	-0.0731809291332890,	-0.1140636899576352,	-0.0858574612597613,	
  0.0290238158209078,	0.0145059587316822,	-0.0083201175294500,	-0.1174354509316535,	0.1264930590895817,	-0.0667029060742024,	-0.0234607300038358,	-0.0730795185869786,	0.1263014855978363,	0.0660645980981750,	0.0460544314578093,	0.0275204308782584,	
  -0.0285550817028081,	0.1203935348338156,	0.0219173649125095,	0.0994749769255817,	0.1066660982288445,	-0.0205761120495745,	-0.0461711104814259,	-0.0025215881249453,	0.0086706075458642,	-0.0189438385252074,	0.0411428293098915,	0.0470285244324495,	
  0.0556325886608527,	-0.0668524794087903,	0.0983174915757310,	-0.1342794988085670,	-0.0666419040184045,	-0.0733558477735304,	-0.1223683448121659,	0.0642971282935536,	0.0245257935269250,	0.0146599308554467,	-0.0147178504383430,	-0.0896216558791948,	
  0.1008012774396948,	0.1151100859251446,	-0.0844375708794369,	0.1119355666539921,	0.1300884270386172,	-0.1061601326118250,	-0.1271669549052396,	-0.0474836292873020,	0.0893067712147251,	-0.0516180101410497,	0.1224723147889026,	-0.0081321231096095,	
  0.0804461155592629,	0.0170773533400289,	-0.0207116027425378,	-0.1271987625819824,	0.0095357053521657,	0.1377471441794168,	0.0049337760402209,	0.0176944304360994,	0.0649701351397674,	-0.0976993438114602,	0.0138954858078634,	-0.1011709764531315,	
  -0.0085509244797639,	0.1018738963241126,	-0.0592326180114110,	0.0444471484880202,	-0.0996004307456222,	-0.0436808393664257,	-0.0400239072645990,	0.0821244657743424,	0.0791634645538684,	0.0054968684578854,	-0.1127690883033465,	0.1228679326993075,	
  0.0918240455857215,	-0.1425776738158207,	0.1532889917578318,	-0.0059698330700686,	0.0900849039881771,	0.0057976589368725,	-0.0364704860831967,	0.1138480492769853,	0.0024338353256022,	-0.0824081721062138,	0.1008274906243707,	-0.0351551000975006,	
  -0.0776713940329387,	-0.0009013355420446,	0.0144060396455974,	0.0889721233090645,	-0.0762872344774068,	0.0986058199541128,	-0.1054541737908407,	0.0687718889232145,	-0.0517440759965909,	0.0259456317854261,	-0.1002865386533456,	-0.0417768193719339,	
  0.0637719277760490,	-0.0733627489014253,	0.1142129549723817,	0.1319385830536553,	-0.1107865280295664,	-0.0508212168386381,	0.0678401103756355,	-0.0329473700481354,	-0.0155092343722966,	-0.1451365448441029,	-0.0303405545473070,	-0.0989559714841458,	
  -0.1162497116704607,	-0.0029759913582379,	-0.0917166608831933,	0.0927699210749909,	0.1264902353762106,	0.1432068231509212,	-0.0254816480073018,	0.0709322303236795,	0.0706648491952034,	-0.0519747688790798,	-0.0249114342652720,	0.0352399242848640,	
  -0.1253282674989732,	0.0659331888957844,	0.1051609515542513,	-0.1262740525959506,	0.0793642524381798,	0.0404789382006549,	0.0400884974656292,	-0.0115067586539011,	0.0426413696160227,	0.0485850475179462,	-0.0973084901959812,	-0.0778575254434493,	
};

const PROGMEM tinytype coeff_d2p_data[12*4] = {
  0.0137718412902668,	-0.0242001534326878,	-0.0074674786682932,	-0.0209820579136966,	
  0.0321353221345276,	-0.0035601449513373,	0.0112846342359498,	-0.0382459296108415,	
  0.0139543985308111,	-0.0321712435293637,	-0.0591779365393737,	0.0292759812075681,	
  -0.0367810236182458,	-0.0129083956114238,	-0.0049609158826399,	-0.0448578348155108,	
  -0.0620757434965421,	0.0599088778368243,	0.0034432329496327,	0.0074222743202455,	
  -0.0205123509881401,	0.0070586955738042,	0.0117776709969298,	0.0172067758362018,	
  -0.0451523632589809,	-0.0083535163367351,	-0.0321339735697318,	0.0452789750383036,	
  -0.0093838206343517,	0.0172231173876246,	0.0223134885712002,	0.0232612434649836,	
  -0.0092630650401594,	-0.0128689883154767,	-0.0311124953051087,	0.0382030518102994,	
  0.0008370442294737,	-0.0011970757317830,	-0.0001563763000145,	0.0057287028011616,	
  0.0099342401997572,	0.0059020709738733,	0.0061766037012246,	-0.0055333385946416,	
  -0.0067721814988370,	0.0052837429483075,	-0.0046946569979012,	0.0122360422849458,	
};

const PROGMEM tinytype dKinf_drho_data[4*12] = {
  0.0000920072370904,	0.0000940036905205,	-0.0000275703127451,	0.0000332234883196,	-0.0000483096724949,	-0.0000648148136804,	-0.0001622308733986,	0.0000643720861121,	0.0000577874077380,	-0.0000570016783633,	0.0000164331254382,	-0.0000257847080721,	
  -0.0000603883278975,	-0.0000410000184341,	0.0000643234291106,	-0.0000349874189157,	-0.0001231166594761,	0.0000254066691083,	0.0000450643158337,	0.0000564327017902,	-0.0000354790649236,	0.0000412343611428,	-0.0001436831549624,	0.0000087049755253,	
  -0.0000791398281427,	0.0001402512161382,	-0.0000109251754046,	0.0001244576980911,	-0.0000498273173172,	-0.0000188374872524,	-0.0000706299817285,	0.0000402499488564,	-0.0000050001710574,	0.0000281893824914,	-0.0001038523922976,	0.0000628673656764,	
  0.0000752022871075,	-0.0001256052844202,	0.0000163394530985,	-0.0001845792627750,	0.0000265688091395,	-0.0001062030797251,	0.0000237763265020,	-0.0000705375705968,	0.0000493165073719,	0.0000561368544570,	0.0000479854065719,	-0.0000660178783776,	
};

const PROGMEM tinytype dPinf_drho_data[12*12] = {
  0.0002619361027851,	-0.0001214847319148,	-0.0000328994268421,	-0.0002333955331807,	0.0001238243624391,	-0.0001414714374649,	-0.0001011409376877,	-0.0000757971240732,	0.0001238775555246,	-0.0000566058847882,	0.0002620362785158,	-0.0001490872888844,	
  -0.0001214847319148,	0.0007086246698152,	-0.0001647264584943,	0.0007359208649177,	-0.0001769216126932,	0.0000925764296687,	-0.0004355635764979,	0.0002939905381231,	-0.0000124725636230,	-0.0002123437041824,	-0.0001856765840095,	0.0002255811862372,	
  -0.0000328994268421,	-0.0001647264584943,	0.0001161636308778,	-0.0002110526022595,	-0.0000333129605395,	-0.0000108640613846,	0.0001145665440640,	-0.0000334165057069,	-0.0000292276576070,	0.0001004386247838,	-0.0000564402103552,	-0.0000418549724341,	
  -0.0002333955331807,	0.0007359208649177,	-0.0002110526022595,	0.0009413442819250,	-0.0001868569669263,	0.0002123472555698,	-0.0003284443363891,	0.0003083982286333,	-0.0000925936569956,	-0.0002436940714165,	-0.0002493712399568,	0.0003088406787785,	
  0.0001238243624391,	-0.0001769216126932,	-0.0000333129605395,	-0.0001868569669263,	0.0002361141073536,	-0.0000325443331118,	0.0000718091198143,	-0.0001534102211805,	0.0000532290984112,	-0.0000052496301121,	0.0002644031875763,	-0.0000911088348598,	
  -0.0001414714374649,	0.0000925764296687,	-0.0000108640613846,	0.0002123472555698,	-0.0000325443331118,	0.0001615148107257,	0.0000638685153694,	0.0000627270876542,	-0.0000901270591503,	-0.0000378535067348,	-0.0000934617882834,	0.0000956066505308,	
  -0.0001011409376877,	-0.0004355635764979,	0.0001145665440640,	-0.0003284443363891,	0.0000718091198143,	0.0000638685153694,	0.0004478478968427,	-0.0001940195497490,	-0.0001014585476835,	0.0001682592759964,	-0.0000077080210223,	-0.0000406434988191,	
  -0.0000757971240732,	0.0002939905381231,	-0.0000334165057069,	0.0003083982286333,	-0.0001534102211805,	0.0000627270876542,	-0.0001940195497490,	0.0001858586786775,	-0.0000197151831176,	-0.0000830972106702,	-0.0001635529293452,	0.0000962674288519,	
  0.0001238775555246,	-0.0000124725636230,	-0.0000292276576070,	-0.0000925936569956,	0.0000532290984112,	-0.0000901270591503,	-0.0001014585476835,	-0.0000197151831176,	0.0000818601503766,	-0.0000218961835622,	0.0001063617107719,	-0.0000655825443315,	
  -0.0000566058847882,	-0.0002123437041824,	0.0001004386247838,	-0.0002436940714165,	-0.0000052496301121,	-0.0000378535067348,	0.0001682592759964,	-0.0000830972106702,	-0.0000218961835622,	0.0001473187860196,	-0.0000666483891662,	-0.0000369945495480,	
  0.0002620362785158,	-0.0001856765840095,	-0.0000564402103552,	-0.0002493712399568,	0.0002644031875763,	-0.0000934617882834,	-0.0000077080210223,	-0.0001635529293452,	0.0001063617107719,	-0.0000666483891662,	0.0003889273021815,	-0.0001530159809581,	
  -0.0001490872888844,	0.0002255811862372,	-0.0000418549724341,	0.0003088406787785,	-0.0000911088348598,	0.0000956066505308,	-0.0000406434988191,	0.0000962674288519,	-0.0000655825443315,	-0.0000369945495480,	-0.0001530159809581,	0.0001304586784715,	
};

const PROGMEM tinytype dC1_drho_data[4*4] = {
  -0.0000952134302527,	-0.0000145525686086,	0.0000039814336520,	-0.0000210713550276,	
  -0.0000145525686086,	-0.0001117715864618,	0.0000177635646109,	0.0000089151246606,	
  0.0000039814336520,	0.0000177635646109,	-0.0001069672157342,	-0.0000132652836205,	
  -0.0000210713550276,	0.0000089151246606,	-0.0000132652836205,	-0.0000856180792489,	
};

const PROGMEM tinytype dC2_drho_data[12*12] = {
  -0.0000696386559072,	-0.0001704431467722,	0.0000906191198454,	-0.0001835369258271,	-0.0000795095088678,	-0.0000342262765813,	0.0001450322017252,	-0.0000361263918805,	-0.0000276361486607,	0.0001317108649785,	-0.0001345659088757,	-0.0000171684485967,	
  0.0000014491488970,	-0.0002435378230349,	0.0000533006863993,	-0.0002401176518239,	0.0000584059879471,	-0.0000324817191219,	0.0001896542486865,	-0.0001220196099183,	-0.0000091758727538,	0.0001005328759303,	0.0000337153260618,	-0.0000547254473272,	
  -0.0001549078649632,	0.0001455572389846,	0.0000218461828421,	0.0001709065333526,	-0.0001138559624330,	0.0000540173815549,	-0.0000220610002786,	0.0000858691700696,	-0.0000554517314514,	0.0000340750486113,	-0.0001960609170849,	0.0000963069612027,	
  0.0000904038267572,	-0.0000283234297752,	0.0000117352188720,	-0.0001150736109436,	-0.0000536858670945,	-0.0001213214822551,	-0.0000850532426156,	0.0000090303672160,	0.0000656521775222,	0.0000227148043078,	-0.0000082266959496,	-0.0000570582963024,	
  0.0000965118322849,	0.0001251498475592,	-0.0000678816479724,	0.0000904333528409,	0.0000403181399510,	-0.0000381029680181,	-0.0001581160981308,	0.0000287057984129,	0.0000557805917660,	-0.0000882209399776,	0.0001018614085735,	-0.0000121301442131,	
  0.0000637700806321,	0.0001077044904054,	-0.0000442095721327,	0.0001034715914925,	0.0000012937496369,	0.0000168177838923,	-0.0001192572586714,	0.0000588500178469,	0.0000232407419818,	-0.0000955515090521,	0.0000583296976374,	-0.0000019758004331,	
  -0.0000393176649061,	0.0002713405516697,	-0.0000393234498265,	0.0002628752905134,	-0.0001044560414159,	0.0000299061568353,	-0.0001981313247387,	0.0001462678001318,	-0.0000001283661008,	-0.0000789579896032,	-0.0001013141191463,	0.0000741966888451,	
  0.0000822665345120,	0.0000834778297229,	-0.0000688898052504,	0.0001168068712360,	0.0000848023429656,	0.0000628824354270,	-0.0000792240572298,	0.0000220549892373,	0.0000129071044926,	-0.0001330315378538,	0.0001539608681725,	-0.0000068555250417,	
  -0.0001046013621350,	0.0002309431811926,	-0.0000173304282518,	0.0002562758824266,	-0.0001005454647517,	0.0000699592031297,	-0.0001124797565300,	0.0001255831564484,	-0.0000375860102987,	-0.0000431803039030,	-0.0001390793942380,	0.0000959518801142,	
  -0.0000561170487142,	0.0000550809557416,	0.0000052607068423,	0.0000909333003967,	-0.0000368351086182,	0.0000656064913641,	0.0000032911401788,	0.0000467454574625,	-0.0000362417361062,	-0.0000201258255860,	-0.0000548082758157,	0.0000381739220562,	
  0.0000133771130767,	-0.0000889276205649,	-0.0000011866359034,	-0.0000640433727110,	0.0000748319090855,	0.0000186167514638,	0.0000827921875737,	-0.0000628033654635,	-0.0000085293509809,	0.0000062431921928,	0.0000750784735171,	-0.0000198671454216,	
  -0.0000251659468434,	0.0001542030798593,	-0.0000355390384221,	0.0001679194117769,	-0.0000194301416298,	0.0000385409020875,	-0.0000944654883327,	0.0000649365331703,	-0.0000071800261993,	-0.0000572196216730,	-0.0000206909589926,	0.0000476695065276,	
};

