#pragma once

typedef float tinytype;

const PROGMEM tinytype Adyn_data[12*12] = {
  -0.1128304539791239,	0.0230243961428088,	-0.1183759838730559,	-0.0665508333847992,	-0.0860102473443043,	0.0780097258996368,	-0.0308270782439036,	-0.1117077794380828,	0.1084568444146794,	-0.1305335104264868,	0.0475116188694865,	0.0899782530579877,	
  0.0513764586934207,	-0.0393299355866000,	0.1304245681218072,	0.0575058131829027,	0.0191148065690501,	-0.1272966755878429,	-0.1226021032685163,	0.0761905518349493,	-0.0037166391978160,	0.0422540272269716,	0.0032223960995769,	-0.1006042090140714,	
  0.0116553941071001,	-0.1128621451553538,	0.0448390740390405,	-0.0339329762598583,	-0.0537532979888508,	-0.0562531413447066,	-0.0470724019130579,	0.0051449893394330,	0.1155747893364926,	-0.1003103934470919,	-0.0419160822676386,	-0.0834465151161365,	
  -0.0873031131029344,	-0.0665574084870435,	-0.0054164222009117,	-0.0277879931224493,	-0.0794086136223152,	-0.0052725605734433,	0.0890108396792693,	0.0984025025403028,	-0.0354340599242452,	-0.1046870714995619,	-0.1150154364367755,	-0.0939559462848007,	
  0.0792765564629207,	0.0823121915604640,	-0.0589166202271669,	-0.0574012896762897,	0.0403180963897526,	-0.0869885260819075,	-0.1000663160068385,	0.0912795057726166,	-0.0949201505212445,	0.0155862939656672,	-0.0836723861874701,	-0.1287353505169928,	
  0.0938385487490722,	0.0064460161718497,	-0.0510594035713106,	0.0554808884586799,	-0.0343104932185209,	-0.0254374580014345,	0.0365852060684283,	-0.0115305905403274,	0.0082428785420359,	0.0456570052793623,	0.0721765524847244,	-0.1034196696987244,	
  -0.0355774805358580,	0.0652611683557026,	0.0254049838021227,	0.0773507127516952,	0.0216068769351403,	-0.0928254893982818,	-0.1244935379613881,	0.0509069123817431,	-0.0680463758098133,	-0.1318658500272401,	0.0654985206270654,	-0.1052667159545327,	
  0.0222871747859767,	-0.1117899270999176,	-0.0074241858002603,	-0.0990818738756417,	0.0665996799078353,	0.0967777662650469,	-0.0423012078220878,	-0.0786581700905155,	-0.0844073539153730,	-0.0681525568018629,	0.0890311626251716,	0.0059775167300344,	
  0.1086261290496182,	0.1288572550901936,	0.0664455012031192,	0.0028201825426494,	0.0992652131669756,	-0.1064629856191872,	-0.1088331212942540,	-0.0457955731178508,	-0.0090579592610998,	0.0303207214042712,	-0.0118092938525628,	0.0847605121888310,	
  0.0792170983011055,	-0.0171743380253576,	0.0756199702420894,	0.0887859576401672,	0.0608298976232128,	0.0346073825415728,	-0.1145050255356061,	-0.0403524402776280,	0.0216190560879510,	0.0108888200394697,	-0.0490231127128878,	-0.1289484573673468,	
  -0.0864763627432795,	0.0723842464710000,	0.1076380017716244,	0.1245039770710883,	-0.0834913838863656,	0.1079080245244909,	0.0285701797851574,	-0.0357634431461677,	-0.0845902811917177,	-0.0865239339592746,	-0.0587407502234971,	0.0787142682113294,	
  0.1196888978477246,	-0.0160819973942462,	0.0064269996025284,	-0.0717297521191856,	-0.0100613764629758,	-0.0962172937861967,	0.0816789921461152,	-0.0679954512483501,	-0.0421256838577652,	0.0596377150887678,	-0.0936214651882008,	0.0443022977707910,	
};

const PROGMEM tinytype Bdyn_data[12*4] = {
  0.8936601508327633,	0.0687135405750394,	-0.9365087613207261,	0.8052828099117175,	
  -0.0798991509280764,	0.8508748100216139,	0.2494711901563649,	-0.3837103984590380,	
  -0.0074127206583823,	0.9473535188178386,	0.8813955712157124,	-0.3399744766619335,	
  0.5846338982338051,	-0.8221170964321962,	0.8983375907531046,	-0.3875863779068103,	
  0.6194448028007293,	0.8010506461104157,	-0.8109772602487160,	-0.0299824796721837,	
  -0.4358582696196089,	0.7434751070582910,	0.4437070743557927,	-0.0127170830121957,	
  0.5132493007677184,	-0.7020607381266843,	-0.5948628175999582,	0.4272171048050293,	
  0.1780858174284141,	0.2499389489954631,	0.3352235128272016,	-0.2721897555565322,	
  0.9461640501405799,	0.9445833550161085,	-0.1806739145885672,	0.5450015037026168,	
  0.7137523623840634,	0.7098475946892071,	0.5651391461620943,	0.7135565014642673,	
  -0.6767961430152185,	-0.4030290102993841,	0.8053588757064907,	0.8393558564320556,	
  -0.4073810337494419,	-0.9976435569553743,	-0.9849162462578591,	-0.7760966947724750,	
};

const PROGMEM tinytype Q_data[12] = {
  1.4453513112794543,2.2308182859686383,1.8467051341667249,8.7483171225204295,5.0612209973949449,0.8105297392874284,6.2479515604651672,3.4404416034490528,6.4596310078699801,7.5296115529282481,
  8.1559908526596967,3.4442287190718206,
};

const PROGMEM tinytype Qf_data[12] = {
  13.0081618015150884,20.0773645737177446,16.6203462075005248,78.7348541026838689,45.5509889765545068,7.2947676535868560,56.2315640441865057,30.9639744310414748,58.1366790708298211,67.7665039763542296,
  73.4039176739372721,30.9980584716463845,
};

const PROGMEM tinytype R_data[4] = {
  0.1000000000000000,0.1000000000000000,0.1000000000000000,0.1000000000000000,
};

const PROGMEM tinytype umin[4] = {
  -3.0,	
  -3.0,	
  -3.0,	
  -3.0,	
};

const PROGMEM tinytype umax[4] = {
  3.0,	
  3.0,	
  3.0,	
  3.0,	
};

const PROGMEM tinytype xmin[12] = {
  -10000.0,	
  -10000.0,	
  -10000.0,	
  -10000.0,	
  -10000.0,	
  -10000.0,	
  -10000.0,	
  -10000.0,	
  -10000.0,	
  -10000.0,	
  -10000.0,	
  -10000.0,	
};

const PROGMEM tinytype xmax[12] = {
  10000.0,	
  10000.0,	
  10000.0,	
  10000.0,	
  10000.0,	
  10000.0,	
  10000.0,	
  10000.0,	
  10000.0,	
  10000.0,	
  10000.0,	
  10000.0,	
};

const PROGMEM tinytype rho_value = 85.0;

const PROGMEM tinytype Kinf_data[4*12] = {
  0.0062942603474371,	0.0026274172982623,	-0.0015261486997128,	-0.0040170131769808,	0.0091723598612332,	-0.0114261210414918,	-0.0159684354310058,	0.0054851468374964,	-0.0000169438414992,	-0.0064797226806167,	-0.0047770214736636,	-0.0159890422089752,	
  0.0182827199319306,	0.0043248303205286,	0.0027376247612525,	-0.0015534516673898,	0.0146767058628797,	-0.0043040621866380,	-0.0195859435147995,	-0.0054952762166816,	0.0076879028875750,	0.0140193015736744,	0.0034857494594103,	-0.0020469039590399,	
  -0.0124011301154250,	-0.0116758031511276,	0.0113594996163539,	0.0091466677845994,	-0.0102240561525057,	0.0156649923279206,	0.0092460874989941,	0.0028784343336374,	0.0002328851984041,	-0.0105951980560826,	-0.0096289545254150,	-0.0049794954166313,	
  -0.0022203172648454,	0.0160660085178735,	0.0106371819562148,	0.0179163282171795,	0.0023978104452415,	0.0082012186119601,	-0.0136687497445408,	-0.0084076403917445,	-0.0033746534857231,	-0.0066132731998719,	0.0014358834523616,	0.0049200109601502,	
};

const PROGMEM tinytype Pinf_data[12*12] = {
  1.7729443987137203,	0.0565118914698152,	0.0436814828859382,	-0.0370100947952027,	0.1985106918138038,	-0.1759960591665517,	-0.1545762575495092,	-0.0829813102883356,	0.0097923285016972,	0.2194943921741878,	-0.0128631281628163,	-0.0376333644061033,	
  0.0565118914698152,	2.5364607294162314,	0.0722960346129123,	0.1272399187092649,	0.0545468192729775,	-0.0926265455165737,	-0.1230039040063219,	-0.0244286109667831,	-0.0989855017462474,	0.0211607426162364,	-0.0137956678339785,	0.1230504428514250,	
  0.0436814828859382,	0.0722960346129123,	2.0814608830459962,	0.1878956903267490,	0.0205513955420487,	-0.0170470755085824,	-0.1042435662057449,	-0.0453540282412490,	-0.0613894041399775,	-0.0313639470595638,	-0.0606586547026599,	0.0100365082300073,	
  -0.0370100947952027,	0.1272399187092650,	0.1878956903267490,	9.0318950018355491,	-0.0187049921618493,	0.0388762509846066,	-0.1066437148876686,	-0.0158092289481506,	-0.0488900968971631,	-0.0596891466717168,	-0.0080435928330711,	-0.0388233757946379,	
  0.1985106918138038,	0.0545468192729775,	0.0205513955420487,	-0.0187049921618493,	5.2709727476835759,	-0.0955958049028086,	-0.1893393124949393,	-0.0617837062014481,	-0.0027316911305314,	0.1243255580542456,	0.1000585447785722,	-0.0166493922510454,	
  -0.1759960591665518,	-0.0926265455165737,	-0.0170470755085824,	0.0388762509846066,	-0.0955958049028086,	1.1680845140968228,	0.1355737500614828,	-0.1202794841241014,	0.0141768461893246,	-0.0614945651709513,	0.0376170888569588,	0.1302420910118523,	
  -0.1545762575495093,	-0.1230039040063219,	-0.1042435662057449,	-0.1066437148876687,	-0.1893393124949393,	0.1355737500614828,	6.6215010244035275,	0.0142667507875561,	0.0382997768127566,	0.0200289319487456,	-0.0858107212782791,	0.1572881752183746,	
  -0.0829813102883356,	-0.0244286109667831,	-0.0453540282412490,	-0.0158092289481506,	-0.0617837062014481,	-0.1202794841241015,	0.0142667507875561,	3.6840661094983682,	-0.0563087168518428,	-0.0731137210518395,	-0.0849138627282732,	-0.2222371638932149,	
  0.0097923285016972,	-0.0989855017462474,	-0.0613894041399775,	-0.0488900968971631,	-0.0027316911305314,	0.0141768461893246,	0.0382997768127566,	-0.0563087168518429,	6.6866260199009853,	0.0909023907308935,	0.0609840105411709,	0.0429687871291660,	
  0.2194943921741878,	0.0211607426162364,	-0.0313639470595638,	-0.0596891466717168,	0.1243255580542456,	-0.0614945651709513,	0.0200289319487456,	-0.0731137210518394,	0.0909023907308935,	7.8482833530158773,	0.0229520872069137,	0.1006059633063788,	
  -0.0128631281628163,	-0.0137956678339785,	-0.0606586547026600,	-0.0080435928330711,	0.1000585447785722,	0.0376170888569588,	-0.0858107212782790,	-0.0849138627282731,	0.0609840105411709,	0.0229520872069136,	8.4601641752207364,	0.0954357663005626,	
  -0.0376333644061033,	0.1230504428514250,	0.0100365082300073,	-0.0388233757946379,	-0.0166493922510455,	0.1302420910118524,	0.1572881752183747,	-0.2222371638932149,	0.0429687871291660,	0.1006059633063788,	0.0954357663005626,	3.9469323147923525,	
};

const PROGMEM tinytype Quu_inv_data[4*4] = {
  0.0093025940589847,	-0.0007767767173635,	0.0002151789580455,	-0.0003799853437965,	
  -0.0007767767173635,	0.0086566081438151,	0.0001388541760476,	-0.0005380476194882,	
  0.0002151789580455,	0.0001388541760476,	0.0087759027180391,	-0.0002800901154913,	
  -0.0003799853437965,	-0.0005380476194882,	-0.0002800901154913,	0.0096439499396689,	
};

const PROGMEM tinytype AmBKt_data[12*12] = {
  -0.1295374377259036,	-0.0034929688297926,	-0.1151279063462969,	-0.0687160222318462,	-0.1067215419612396,	0.0965826444972889,	0.0044553468493468,	-0.1067658294512046,	0.1108793728937759,	-0.1303030969082317,	0.0413672418766250,	0.0957823316129568,	
  0.0385648247689210,	-0.0337224253145078,	0.1292209836258969,	0.0630995014741110,	0.0108303032791124,	-0.1253084662804745,	-0.1147642555974329,	0.0773604170330503,	-0.0116124236865789,	0.0299132472977570,	0.0028278898878705,	-0.0970099608795338,	
  0.0045573026013974,	-0.1011867780416111,	0.0358384203899119,	-0.0344618235203936,	-0.0577627026273401,	-0.0632792213858398,	-0.0414324455698562,	0.0049961960456106,	0.1069389418484555,	-0.1065494439508203,	-0.0362786484100893,	-0.0755643123928923,	
  -0.0656725778170119,	-0.0478221898369846,	-0.0083553745094436,	-0.0279893009657266,	-0.0625911026776665,	-0.0130246768458056,	0.0686406601489811,	0.0848334465843612,	-0.0306209768298310,	-0.0824184483759558,	-0.1001503528499908,	-0.0799108078055751,	
  0.0506086198468430,	0.0682331313707848,	-0.0506330064621994,	-0.0457136627522316,	0.0146599562858055,	-0.0635130575608432,	-0.0673968752664365,	0.0943660175180211,	-0.1009803702013966,	-0.0004207931004395,	-0.0912713587330399,	-0.1210820911017678,	
  0.0884634402171829,	0.0097607432644124,	-0.0586649603801724,	0.0510543949214470,	-0.0366574305857857,	-0.0340640365897852,	0.0399105118258503,	-0.0064383451953165,	0.0023734804476457,	0.0370268256132233,	0.0717935757094006,	-0.1065947982978353,	
  -0.0324008390959049,	0.0531397670266463,	0.0303232152854082,	0.0761086752320210,	0.0200968121148670,	-0.0841679332363492,	-0.1187085942493830,	0.0495378082702832,	-0.0610600601819234,	-0.1221751216203473,	0.0640561904056883,	-0.1035614316369564,	
  0.0201494952690747,	-0.1050517697234518,	-0.0087492788260070,	-0.0961677698308479,	0.0653779357238630,	0.0968693630827747,	-0.0413821653911812,	-0.0815149058385493,	-0.0873224575268704,	-0.0687508852967922,	0.0926293425696045,	0.0123449599321831,	
  0.0843706887792866,	0.1114206127018001,	0.0615586585583558,	-0.0000235609576197,	0.0735692534004838,	-0.0932258761465472,	-0.0661037895284988,	-0.0406924407647029,	-0.0144225252053458,	0.0248991710738001,	-0.0131042883347290,	0.0982411622310555,	
  0.0703392962451246,	-0.0269851851363513,	0.0607560378737917,	0.0748023717107747,	0.0479319208807540,	0.0311130983690709,	-0.0846763828768657,	-0.0359940576444429,	0.0184503038146465,	0.0162688751796189,	-0.0436707380542036,	-0.1167798488863655,	
  -0.0629969685906199,	0.0718236178081488,	0.0896315976055924,	0.0987546668600960,	-0.0651470097432491,	0.0789405264696434,	0.0138956273602266,	-0.0295270430947567,	-0.0788583218211200,	-0.0711753736541658,	-0.0540194149712721,	0.0669486252542096,	
  0.1265554424652294,	-0.0097279104177346,	0.0279800867514277,	-0.0520024933348350,	0.0001084837746338,	-0.0833723545979381,	0.0541323143521100,	-0.0749333585505683,	-0.0368524846759939,	0.0554163426829156,	-0.1004593269901468,	0.0346606029910028,	
};

const PROGMEM tinytype coeff_d2p_data[12*4] = {
  0.0158593727335230,	0.0023958105791321,	-0.0145829745665083,	0.0142978673280777,	
  -0.0027283960521812,	0.0180655547730153,	0.0061422192969150,	-0.0126878098742463,	
  -0.0002973495206400,	0.0170204689425141,	0.0175334372667525,	-0.0104454667239018,	
  0.0560279818816276,	-0.0622586016280355,	0.0752480356990644,	-0.0364478316691394,	
  0.0271096296775850,	0.0350383486737921,	-0.0357935661861847,	-0.0014955686750407,	
  -0.0071462089150398,	0.0037828916577399,	0.0043242358746913,	-0.0014163065627343,	
  0.0305692008173261,	-0.0467536266282975,	-0.0359878899851203,	0.0283315106964514,	
  0.0059481012831952,	0.0077351685833709,	0.0124763952714757,	-0.0108383664417032,	
  0.0522772414074341,	0.0463269022117751,	-0.0103982839352723,	0.0317143343125537,	
  0.0490717077717748,	0.0414942900281021,	0.0345767343675419,	0.0497632202163314,	
  -0.0518633469256467,	-0.0274225597695895,	0.0544840750762015,	0.0703804325859612,	
  -0.0121629229865028,	-0.0306469397103015,	-0.0336007821346234,	-0.0235223340658218,	
};

const PROGMEM tinytype dKinf_drho_data[4*12] = {
  -0.0000429963039919,	-0.0000119581441205,	0.0000174885295341,	0.0000404237789985,	-0.0000706982611057,	0.0001039410559079,	0.0001253984035265,	-0.0000599907278687,	0.0000053390923668,	0.0000709173892005,	0.0000493455730741,	0.0001512215742421,	
  -0.0001533492776516,	-0.0000251843406867,	-0.0000213178518440,	0.0000174423063579,	-0.0001180138733032,	0.0000314881251104,	0.0001482514065995,	0.0000467512290360,	-0.0000671140930075,	-0.0001281124768399,	-0.0000334458237262,	0.0000093815180735,	
  0.0001046336494342,	0.0001046377355704,	-0.0000966943094433,	-0.0000741850304915,	0.0000854984800626,	-0.0001336437237818,	-0.0000776277926288,	-0.0000266487960805,	-0.0000037189512807,	0.0000903908034990,	0.0000852017595189,	0.0000471173915069,	
  0.0000297802380910,	-0.0001536368493538,	-0.0000987697817984,	-0.0001727060696454,	-0.0000138618376043,	-0.0000795949499122,	0.0001165057536604,	0.0000793911335143,	0.0000367048260207,	0.0000658942254786,	-0.0000164527681579,	-0.0000542527657955,	
};

const PROGMEM tinytype dPinf_drho_data[12*12] = {
  0.0005429060988343,	0.0002048474206980,	-0.0001183708208410,	-0.0001989602329036,	0.0004451625705572,	-0.0003754568901727,	-0.0005390873261771,	-0.0000813667019894,	0.0001430670172648,	0.0003637935532407,	0.0001462845369378,	-0.0000975452057430,	
  0.0002048474206980,	0.0004304718092318,	0.0000469268492079,	0.0001663664020401,	0.0002514268379540,	-0.0000901753826653,	-0.0004629516826330,	-0.0001894325443207,	-0.0000269947361317,	0.0000626731831991,	0.0001381357684425,	0.0000974414792904,	
  -0.0001183708208410,	0.0000469268492079,	0.0002608884758101,	0.0003039287334860,	-0.0000674349989514,	0.0002616440816248,	-0.0000683793420799,	-0.0000776891081493,	-0.0000162484437779,	-0.0001400731547659,	-0.0000846371806551,	0.0000082727097584,	
  -0.0001989602329036,	0.0001663664020401,	0.0003039287334860,	0.0004345640197368,	-0.0001085401858199,	0.0003331322126966,	-0.0000644017595418,	-0.0001380224165061,	-0.0000776989060915,	-0.0002113703553792,	-0.0000464723652214,	0.0001024157821057,	
  0.0004451625705572,	0.0002514268379540,	-0.0000674349989514,	-0.0001085401858199,	0.0004219130707984,	-0.0002988612975606,	-0.0005672368759063,	-0.0000883179608733,	0.0000956683880359,	0.0002371417496707,	0.0001254302505620,	-0.0001040957255155,	
  -0.0003754568901727,	-0.0000901753826653,	0.0002616440816248,	0.0003331322126966,	-0.0002988612975606,	0.0004882333805553,	0.0002860195061149,	-0.0000775335254689,	-0.0000552859969484,	-0.0002076307117736,	-0.0000932713314820,	0.0001784044431679,	
  -0.0005390873261771,	-0.0004629516826330,	-0.0000683793420799,	-0.0000644017595418,	-0.0005672368759063,	0.0002860195061149,	0.0009210127637332,	0.0001730167442198,	-0.0001012560120796,	-0.0001792584767702,	-0.0001009752519887,	0.0001681127134671,	
  -0.0000813667019894,	-0.0001894325443207,	-0.0000776891081493,	-0.0001380224165061,	-0.0000883179608733,	-0.0000775335254689,	0.0001730167442198,	0.0001547372851708,	-0.0000122226961932,	-0.0000874047456588,	-0.0000884213398088,	-0.0001470277576444,	
  0.0001430670172648,	-0.0000269947361317,	-0.0000162484437779,	-0.0000776989060915,	0.0000956683880359,	-0.0000552859969484,	-0.0001012560120796,	-0.0000122226961932,	0.0000804799700011,	0.0001281591865413,	0.0000102906762921,	-0.0000332414507942,	
  0.0003637935532407,	0.0000626731831991,	-0.0001400731547659,	-0.0002113703553792,	0.0002371417496707,	-0.0002076307117736,	-0.0001792584767702,	-0.0000874047456588,	0.0001281591865413,	0.0003994513687789,	0.0001654590836005,	0.0000965136333541,	
  0.0001462845369378,	0.0001381357684425,	-0.0000846371806551,	-0.0000464723652214,	0.0001254302505620,	-0.0000932713314820,	-0.0001009752519887,	-0.0000884213398088,	0.0000102906762921,	0.0001654590836005,	0.0001626420006194,	0.0001282913109956,	
  -0.0000975452057430,	0.0000974414792904,	0.0000082727097584,	0.0001024157821057,	-0.0001040957255155,	0.0001784044431679,	0.0001681127134671,	-0.0001470277576444,	-0.0000332414507942,	0.0000965136333541,	0.0001282913109956,	0.0003336807163365,	
};

const PROGMEM tinytype dC1_drho_data[4*4] = {
  -0.0000874277250110,	0.0000136191318179,	-0.0000038162675770,	0.0000067360685871,	
  0.0000136191318179,	-0.0000760692084877,	-0.0000023991367215,	0.0000095504385385,	
  -0.0000038162675770,	-0.0000023991367215,	-0.0000773132902164,	0.0000054685644941,	
  0.0000067360685871,	0.0000095504385385,	0.0000054685644941,	-0.0000937011639992,	
};

const PROGMEM tinytype dC2_drho_data[12*12] = {
  0.0001229700709371,	0.0002341322919741,	-0.0000251814374062,	0.0000322786549761,	0.0001625221449497,	-0.0001561137135599,	-0.0002887696238497,	-0.0000384902656441,	-0.0000332002830294,	-0.0000229846904847,	0.0000512413343318,	-0.0000479706625271,	
  0.0001123695752761,	-0.0000645828815761,	0.0000057595939272,	-0.0000593734804408,	0.0000681179621841,	-0.0000156888014750,	-0.0000520537944802,	-0.0000074613409952,	0.0000725440747042,	0.0001174083167621,	0.0000048323957235,	-0.0000284718041417,	
  0.0000628581438490,	-0.0001206900127821,	0.0000719719107704,	-0.0000095536784411,	0.0000312061390246,	0.0000616728347087,	-0.0000314871731204,	0.0000057444540676,	0.0000793769205789,	0.0000646257974741,	-0.0000486391709982,	-0.0000677402667316,	
  -0.0001833878920000,	-0.0001672609018563,	0.0000208321533550,	-0.0000095888116539,	-0.0001378677808909,	0.0000543267237911,	0.0001634598657217,	0.0001282181349056,	-0.0000407298933537,	-0.0002024459196405,	-0.0001392622904275,	-0.0001440515090026,	
  0.0002352227707220,	0.0001078337530044,	-0.0000751347488642,	-0.0001043529995897,	0.0002072504707209,	-0.0002003778047740,	-0.0002558955175818,	-0.0000195203822188,	0.0000485390313279,	0.0001339757326282,	0.0000648283346397,	-0.0000646039887232,	
  0.0000492231032517,	-0.0000348704417001,	0.0000651196980386,	0.0000353712231949,	0.0000188133927479,	0.0000801793816828,	-0.0000196396851223,	-0.0000480719468754,	0.0000543416483561,	0.0000868893113431,	0.0000083599588044,	0.0000373399916612,	
  -0.0000360726436793,	0.0001163379604776,	-0.0000392661114949,	0.0000211511529652,	0.0000102148069566,	-0.0000767364559333,	-0.0000562302892009,	0.0000138427733672,	-0.0000677516504418,	-0.0001007220526506,	0.0000089046821416,	-0.0000198218779368,	
  0.0000190152054314,	-0.0000684712822493,	0.0000077437857249,	-0.0000336986698050,	0.0000096524700630,	-0.0000032449482084,	-0.0000016511440010,	0.0000295413010205,	0.0000270609667753,	0.0000070255270383,	-0.0000334682407551,	-0.0000598371289853,	
  0.0001882070288003,	0.0001377406983141,	0.0000399490102765,	0.0000259985290746,	0.0002013681608716,	-0.0001088550166402,	-0.0003362044005035,	-0.0000354823921757,	0.0000376670950235,	0.0000343322373413,	0.0000092638799185,	-0.0001138613204632,	
  0.0000591608756303,	0.0000769058894603,	0.0001277735060138,	0.0001239264566571,	0.0000958055813090,	0.0000357828498677,	-0.0002340022446779,	-0.0000319575053571,	0.0000197407454105,	-0.0000577797550510,	-0.0000478899517703,	-0.0001025096725475,	
  -0.0002001677958247,	0.0000264418144731,	0.0001640210717368,	0.0002390958369301,	-0.0001526332701969,	0.0002574771801202,	0.0001093472186765,	-0.0000669349600833,	-0.0000512487696185,	-0.0001317421692048,	-0.0000348910096501,	0.0001137181693799,	
  -0.0000443360719956,	-0.0000461741615796,	-0.0001860338197885,	-0.0001732335661462,	-0.0000730861953301,	-0.0001196437123687,	0.0002129498480793,	0.0000575703418048,	-0.0000399572588806,	0.0000412474737154,	0.0000578830981952,	0.0000752655044607,	
};

