#pragma once

typedef float tinytype;

const PROGMEM tinytype Adyn_data[12*12] = {
  -0.0483709290937681,	-0.1081782421043632,	0.0250377355558805,	-0.0121965968013013,	0.1043174174249437,	0.1054013781370124,	-0.0103684468733144,	0.0770134579445742,	0.0302924129683291,	0.0880056579111471,	-0.0884390037905123,	-0.0402639336750732,	
  0.0792979939295588,	-0.0012753215143997,	0.0752889574264798,	-0.0920407766887995,	0.0082012907941685,	-0.0986558879673556,	0.0683476087714771,	-0.0488077433315999,	-0.0080091579955696,	-0.1283180176255548,	0.0005724296872024,	-0.0159745945271917,	
  0.0745262215681025,	0.0554354982871491,	0.0574279675124188,	-0.0196739624850209,	-0.0494351543966841,	0.0814496627660572,	-0.0426746265631240,	-0.1255082187159507,	-0.0991884239612749,	0.1206046930704884,	-0.1018404318041153,	-0.1124088673307389,	
  0.1201311868481610,	-0.0210977991866188,	0.0714351587404147,	0.0989774132696584,	0.0850885411596816,	0.0182475195171301,	0.0344411356075997,	0.0171378822336237,	-0.0431968503735193,	0.0621931241120382,	-0.0247225169451420,	0.0209512515539790,	
  0.1283425859487328,	-0.0932187401916363,	-0.0607835949348148,	-0.0933874586913030,	0.0948163709341453,	-0.1158484150886960,	-0.0544870056393821,	0.0977371320703043,	-0.0090334492065842,	0.0306841754067591,	0.0181784726522560,	-0.0478179917424954,	
  -0.0130213890738363,	-0.0723111429161148,	0.0261411818304100,	-0.0188938860166858,	-0.0988057156416921,	0.0249770262759344,	0.1314047627144136,	0.0847227949931920,	0.0236711521712180,	0.0456853650237782,	0.1278464224513166,	-0.1057049847871858,	
  0.1008076906063514,	0.1159734755667853,	-0.1105124936656749,	-0.0961793663189696,	-0.1239542588286668,	0.0053231959671259,	0.0478321250970740,	0.0767728075279864,	-0.1041287469462426,	0.1311163295069385,	-0.0502402367203669,	0.0047629808410500,	
  -0.1235530807017423,	-0.1196700488308170,	0.0358946837843570,	0.0091952066468452,	-0.1131797905823816,	-0.0058150217408871,	0.0862368988676355,	-0.0374124767507452,	-0.1291640389729283,	0.0956392669771576,	-0.1065079697898440,	-0.0312310443140972,	
  -0.0978126283347519,	-0.0545232430739790,	0.0493324776844144,	0.1125786968456838,	0.1121399058373405,	0.1186534852399362,	-0.0574201234682540,	-0.0807224131122731,	0.0750310746312305,	-0.0888548594170250,	-0.1318337459379499,	0.1305755771657365,	
  -0.0509553229313843,	0.1111439167111090,	-0.0214524354798352,	-0.0718633814720056,	-0.0263596458505762,	-0.1148588490038818,	-0.0866689986926443,	-0.1299537965637049,	0.0685431037684519,	-0.0967783870551398,	-0.0218341503215307,	-0.0413597133755378,	
  -0.1121108903480299,	0.0959221666401939,	0.1115019698018865,	-0.1108933338401902,	0.0942160294227313,	0.0553244627410670,	-0.1232157951054045,	0.0597020580715128,	0.0054936475815801,	0.1101383974255716,	0.1118926240160836,	0.1310179457538617,	
  -0.0285077677069285,	-0.0350725003806306,	0.1238085518100596,	0.1271497186582583,	-0.1148272290676383,	0.0057743605134451,	-0.1060068244209535,	-0.0832087483697501,	0.0156509772838394,	0.0413365535899451,	-0.1270072380544248,	0.1155340777409415,	
};

const PROGMEM tinytype Bdyn_data[12*4] = {
  0.4473428480796255,	-0.9430642330426113,	0.5593044078679168,	-0.0282929093636202,	
  -0.6704276660377755,	-0.3590014556917278,	-0.2101303403039925,	0.3622974659751730,	
  -0.1420599934849538,	-0.9115558164924205,	-0.7228756579869215,	0.1586850857031330,	
  0.7534786947451277,	0.8886237172560363,	-0.0492622815614263,	-0.8307515847457767,	
  0.1644716516689064,	0.6955511057420087,	-0.4439367638193439,	-0.5859646543809212,	
  0.1210789804813162,	-0.0867160236260185,	0.6263323085234058,	-0.6525204261854489,	
  0.5645812114717068,	0.1909567633119449,	0.8529766263164607,	-0.7690877662885203,	
  -0.4602702377500716,	0.3192884328987091,	0.7540038854745972,	0.8341090196005321,	
  0.8610581181241908,	-0.7943829667240110,	-0.3286198781623531,	0.5151965123248463,	
  -0.3811615129243642,	-0.0196036972269291,	-0.7862081654977813,	0.8260020620620752,	
  0.0650894753884026,	0.4165474054231981,	0.9184092153853682,	0.7611031353179709,	
  -0.0169864030643845,	-0.9677459421835810,	0.1490754430296519,	-0.9754748830722388,	
};

const PROGMEM tinytype Q_data[12] = {
  2.8801778253758519,6.8952449839659442,4.9857302080762507,1.5862444383608774,9.8206763651564639,5.1792738186416205,5.5365957874789533,7.5382269198903593,6.9124698123311985,3.3047427229904303,
  3.8723274554176110,7.0541729379509954,
};

const PROGMEM tinytype Qf_data[12] = {
  25.9216004283826678,62.0572048556934988,44.8715718726862534,14.2761999452478960,88.3860872864081699,46.6134643677745828,49.8293620873105780,67.8440422790132374,62.2122283109807839,29.7426845069138714,
  34.8509470987584962,63.4875564415589579,
};

const PROGMEM tinytype R_data[4] = {
  0.1000000000000000,0.1000000000000000,0.1000000000000000,0.1000000000000000,
};

const PROGMEM tinytype umin[4] = {
  -3.0,	
  -3.0,	
  -3.0,	
  -3.0,	
};

const PROGMEM tinytype umax[4] = {
  3.0,	
  3.0,	
  3.0,	
  3.0,	
};

const PROGMEM tinytype xmin[12] = {
  -10000.0,	
  -10000.0,	
  -10000.0,	
  -10000.0,	
  -10000.0,	
  -10000.0,	
  -10000.0,	
  -10000.0,	
  -10000.0,	
  -10000.0,	
  -10000.0,	
  -10000.0,	
};

const PROGMEM tinytype xmax[12] = {
  10000.0,	
  10000.0,	
  10000.0,	
  10000.0,	
  10000.0,	
  10000.0,	
  10000.0,	
  10000.0,	
  10000.0,	
  10000.0,	
  10000.0,	
  10000.0,	
};

const PROGMEM tinytype rho_value = 85.0;

const PROGMEM tinytype Kinf_data[4*12] = {
  -0.0000059181433652,	-0.0010541349944460,	-0.0045773903710149,	0.0085023824935994,	0.0124560410077693,	0.0141723811912755,	-0.0065732122049499,	0.0070792482600800,	0.0053994090507604,	0.0048454672572973,	-0.0051198514062388,	0.0102039617334588,	
  0.0091918162069720,	-0.0002958647501859,	-0.0171899591991877,	-0.0171103005881450,	0.0063402079429548,	-0.0162775964788780,	0.0067297547195992,	0.0204723666990226,	-0.0059968546829719,	0.0050299783768795,	0.0199951402492720,	-0.0085679560660082,	
  -0.0145148317344231,	-0.0014341550549723,	0.0020197095335295,	-0.0034678998838723,	-0.0147568446882185,	0.0084662587898922,	0.0113060298654051,	0.0127542263767224,	-0.0097320490365175,	0.0189709660848519,	0.0027302245290909,	0.0053513750675329,	
  -0.0233719876384933,	0.0027768728041522,	0.0048947138094932,	-0.0051192586652902,	0.0088282491046651,	0.0049819934290420,	0.0009367041374258,	-0.0121907051424781,	-0.0002170197876198,	-0.0095936723118302,	-0.0027685426699713,	0.0027009400529701,	
};

const PROGMEM tinytype Pinf_data[12*12] = {
  3.3883016178784811,	0.0847721298477614,	-0.1667996475660578,	-0.2313330292058345,	0.0464469845609946,	-0.2152820840629865,	0.0500834506464244,	0.1389337839408381,	-0.0818304227973666,	0.0076522478220580,	0.1017826581834231,	-0.2113628941312473,	
  0.0847721298477614,	7.3855160561867219,	-0.0832300217660193,	-0.1375805426979657,	-0.0939629001477757,	0.0260860451568183,	-0.0737975965423735,	-0.0731198275867589,	0.0002702536383417,	-0.0077664493139951,	0.1286928213869300,	0.0413952761255469,	
  -0.1667996475660579,	-0.0832300217660193,	5.3374560486146789,	0.1732288435308804,	-0.0141525800153376,	0.1034788001349848,	-0.0927875016122564,	-0.1906581105629694,	0.0378181271017586,	-0.0164990625238086,	-0.1066673074538729,	0.1688940651513454,	
  -0.2313330292058347,	-0.1375805426979657,	0.1732288435308804,	2.0819738887295038,	-0.0605344832432111,	0.2298822207711384,	-0.0622659920757819,	-0.2209191705655178,	0.0974757999919638,	-0.0738445990039722,	-0.2359618686537858,	0.2202213152219230,	
  0.0464469845609945,	-0.0939629001477757,	-0.0141525800153376,	-0.0605344832432111,	10.4076051257042579,	0.0218316773443874,	-0.1996024071543151,	0.1462907866610878,	0.2193303602901953,	-0.1910063851049281,	0.1099483658318578,	0.1280071327558849,	
  -0.2152820840629864,	0.0260860451568183,	0.1034788001349848,	0.2298822207711383,	0.0218316773443874,	5.5628506859943068,	-0.0277943456935974,	-0.0697652022106381,	0.0105872063867538,	0.1305216787669307,	-0.1179804208891826,	0.1283433367666664,	
  0.0500834506464244,	-0.0737975965423735,	-0.0927875016122564,	-0.0622659920757819,	-0.1996024071543151,	-0.0277943456935974,	5.9485397906365716,	0.0857011593353290,	-0.1213382978635011,	-0.0207550336697766,	0.1052235870712895,	-0.2412032888401427,	
  0.1389337839408381,	-0.0731198275867590,	-0.1906581105629693,	-0.2209191705655178,	0.1462907866610879,	-0.0697652022106382,	0.0857011593353290,	7.9314334832883082,	0.0022572227390958,	0.1184206753014518,	0.2635295657439389,	-0.0927639856104711,	
  -0.0818304227973666,	0.0002702536383417,	0.0378181271017586,	0.0974757999919637,	0.2193303602901953,	0.0105872063867537,	-0.1213382978635011,	0.0022572227390959,	7.2053931962150024,	-0.2712145982429618,	0.1266460991594912,	0.1374492817101120,	
  0.0076522478220580,	-0.0077664493139951,	-0.0164990625238086,	-0.0738445990039722,	-0.1910063851049282,	0.1305216787669307,	-0.0207550336697766,	0.1184206753014517,	-0.2712145982429618,	3.8259521059722470,	-0.0903822040366039,	-0.1012620716433103,	
  0.1017826581834230,	0.1286928213869300,	-0.1066673074538729,	-0.2359618686537858,	0.1099483658318578,	-0.1179804208891826,	0.1052235870712895,	0.2635295657439389,	0.1266460991594912,	-0.0903822040366039,	4.3867959986215199,	-0.1341715064467507,	
  -0.2113628941312474,	0.0413952761255469,	0.1688940651513454,	0.2202213152219230,	0.1280071327558849,	0.1283433367666664,	-0.2412032888401427,	-0.0927639856104710,	0.1374492817101121,	-0.1012620716433103,	-0.1341715064467508,	7.5051675971154364,	
};

const PROGMEM tinytype Quu_inv_data[4*4] = {
  0.0100256733421603,	0.0001380988004429,	-0.0001164707402098,	0.0007243779083467,	
  0.0001380988004429,	0.0088955867890414,	-0.0003863602863423,	0.0000101512502903,	
  -0.0001164707402098,	-0.0003863602863423,	0.0091258813299120,	-0.0000298457739544,	
  0.0007243779083467,	0.0000101512502903,	-0.0000298457739544,	0.0085283296568938,	
};

const PROGMEM tinytype AmBKt_data[12*12] = {
  -0.0322428607125427,	-0.1071050067630314,	0.0098830159624638,	-0.0303414163330696,	0.1132278650378854,	0.0791163849609077,	-0.0073783866852633,	0.0856749581181073,	0.0276586445858799,	0.0796996876342507,	-0.0688973300173623,	-0.0558253661060573,	
  0.0880115070056886,	-0.0033956721244492,	0.0646999877494494,	-0.0913571835969545,	0.0125289961002209,	-0.0950239581083960,	0.0683931115630727,	-0.0296152984864634,	-0.0085084974052212,	-0.1158015740347071,	0.0058949631178853,	-0.0120635424507968,	
  0.0761206016851655,	0.0535386865648469,	0.0417913769504882,	-0.0357576185167798,	-0.0539544711436894,	0.0739545377360892,	-0.0294496571860678,	-0.0946866329378825,	-0.1108884752608600,	0.1411141684680127,	-0.0819281321819481,	-0.1153296829114913,	
  0.0918362306598706,	-0.0178043767602371,	0.0943253170593943,	0.1033519992087433,	0.0766762465852528,	0.0265894566874011,	0.0347488205780924,	-0.0158875564276861,	-0.0425959552295474,	0.0470370042807791,	-0.0407984479666810,	0.0233839039291117,	
  0.1018113553026632,	-0.0918491006548506,	-0.0443094962516623,	-0.0874240039756728,	0.0869797027113167,	-0.1001797142149821,	-0.0525187490816168,	0.0808519667789633,	-0.0101979603049328,	0.0291889827917371,	0.0047026800526880,	-0.0395784753325965,	
  -0.0183831860263221,	-0.0694989416683753,	0.0271336540880945,	-0.0225754461567578,	-0.0847607812976305,	0.0197976814326068,	0.1263141049130674,	0.0696978609006067,	0.0284512607311766,	0.0273926643836334,	0.1266836694190462,	-0.1092727696967471,	
  0.0934614948448282,	0.1199840773966956,	-0.1026039466081716,	-0.0986914457765877,	-0.1128204691571077,	-0.0029598776992972,	0.0413347735089670,	0.0486118809132174,	-0.0978977087984256,	0.1038599946844586,	-0.0556259420806800,	-0.0018492129767135,	
  -0.0960516200191887,	-0.1212956257712991,	0.0336708085916435,	0.0254565511330943,	-0.1057080046578885,	-0.0046337658871622,	0.0717566082675367,	-0.0401390584816848,	-0.1172451044019286,	0.0899614638974201,	-0.1149980355005991,	-0.0300866512087191,	
  -0.0832344059599489,	-0.0557525285407140,	0.0377604432540375,	0.0931633234061516,	0.0970534081511229,	0.0937350712729680,	-0.0431814037653614,	-0.0600832568124412,	0.0625317334899648,	-0.0778544961105741,	-0.1092179079098417,	0.1153501880470417,	
  -0.0428837543645211,	0.1073150739016938,	-0.0259892788470313,	-0.0674559986415457,	-0.0403816946538484,	-0.1072348788739663,	-0.0809273526770339,	-0.1067571010005753,	0.0630114325401657,	-0.0719933536957529,	-0.0189603151813071,	-0.0356620067784857,	
  -0.0848202840363918,	0.0953176760491757,	0.1133800407686514,	-0.0972382631082090,	0.0975978891583796,	0.0496150795526731,	-0.1366877005126216,	0.0482783471509537,	0.0167433550984541,	0.0976064480602143,	0.1034966318050636,	0.1269522889871961,	
  -0.0402475073368177,	-0.0324541612798280,	0.1115688664384047,	0.1062589900542136,	-0.0976683168023775,	-0.0061397814704392,	-0.1003775068832745,	-0.0770695162265755,	0.0111783742067268,	0.0341001102628935,	-0.1108516433429318,	0.1092527422054588,	
};

const PROGMEM tinytype coeff_d2p_data[12*4] = {
  0.0116932468371974,	-0.0261001677782003,	0.0199705746385946,	0.0053682198706236,	
  -0.0484424853594112,	-0.0256595381287384,	-0.0108696932249608,	0.0207661590183418,	
  -0.0057091179484760,	-0.0416923204256539,	-0.0360894696489867,	0.0021395151333969,	
  0.0156663193812118,	0.0131202973640439,	-0.0055610469254730,	-0.0192115988962598,	
  0.0156505831330160,	0.0636883874873047,	-0.0429624141805056,	-0.0488706242293196,	
  0.0036410283753277,	-0.0044407790149106,	0.0274767620309773,	-0.0331983573649883,	
  0.0290100449016499,	0.0108405850987752,	0.0488494284369200,	-0.0329736125022752,	
  -0.0317591306710677,	0.0213645443562368,	0.0568455453112405,	0.0570926848652935,	
  0.0652076652565514,	-0.0474951605725246,	-0.0195770274048004,	0.0330497370052189,	
  -0.0155931985287018,	0.0011620415331139,	-0.0250617436413939,	0.0264598906476192,	
  0.0042247802793644,	0.0143564904669949,	0.0386206665395810,	0.0327146768258925,	
  -0.0067411043703518,	-0.0643080540212790,	0.0077382400686445,	-0.0651020964265562,	
};

const PROGMEM tinytype dKinf_drho_data[4*12] = {
  0.0000150222371917,	0.0000066982741720,	0.0000454749815324,	-0.0000782237397084,	-0.0001318144826820,	-0.0001414130528982,	0.0000658356934675,	-0.0000629434273594,	-0.0000537306263011,	-0.0000402810951256,	0.0000504508817699,	-0.0001027201741656,	
  -0.0000879602938956,	0.0000024943470646,	0.0001537685583225,	0.0001485374410067,	-0.0000642853163412,	0.0001452223399984,	-0.0000551192503813,	-0.0001776044029381,	0.0000485990184004,	-0.0000377110446782,	-0.0001757591950429,	0.0000773476053995,	
  0.0001326755746164,	0.0000134041779501,	-0.0000260940930568,	0.0000236379022586,	0.0001388398697676,	-0.0000823816241131,	-0.0001023030861785,	-0.0001072445958793,	0.0000867043649505,	-0.0001697795677651,	-0.0000182924941816,	-0.0000500454967952,	
  0.0001957135928253,	-0.0000217330663174,	-0.0000392698150733,	0.0000345647481141,	-0.0000846438537482,	-0.0000530055385046,	-0.0000043449797322,	0.0000999496816349,	-0.0000028148241356,	0.0000799827080956,	0.0000268867939588,	-0.0000289767392453,	
};

const PROGMEM tinytype dPinf_drho_data[12*12] = {
  0.0008814533424858,	-0.0000489863299022,	-0.0002958618261986,	0.0000387732068227,	0.0000704931386177,	-0.0003789988273228,	-0.0001116656129999,	0.0002813986913463,	0.0000960727697602,	-0.0000200509300325,	0.0002183908344488,	-0.0002292605144191,	
  -0.0000489863299022,	0.0000663680583575,	0.0000078101344526,	-0.0000342742012806,	-0.0000145721169864,	-0.0000173377506158,	-0.0000070488542365,	-0.0000839351799169,	-0.0000049508906538,	-0.0000587633533153,	0.0000007132590904,	-0.0000087049817318,	
  -0.0002958618261986,	0.0000078101344526,	0.0003535628194710,	0.0002391464607752,	-0.0001522531847925,	0.0002605024847291,	-0.0000514517366568,	-0.0004232533844681,	0.0000613530633443,	-0.0001199687971754,	-0.0003332357976958,	0.0001183875080322,	
  0.0000387732068227,	-0.0000342742012806,	0.0002391464607752,	0.0004418373280273,	0.0000064412544675,	0.0003569348586135,	-0.0001994810401428,	-0.0002837162597004,	0.0001908958247253,	-0.0000710824862335,	-0.0003867529153464,	0.0001860582428784,	
  0.0000704931386177,	-0.0000145721169864,	-0.0001522531847925,	0.0000064412544675,	0.0005738395754453,	0.0000136586504994,	-0.0002120319923590,	-0.0000396643849769,	0.0001869171139122,	-0.0002737441803016,	-0.0000095203324853,	0.0000309673020448,	
  -0.0003789988273228,	-0.0000173377506158,	0.0002605024847291,	0.0003569348586135,	0.0000136586504994,	0.0005787319939771,	-0.0000997349601769,	-0.0001823798417121,	0.0000948403618864,	0.0000993888031032,	-0.0003946703807199,	0.0003394669150250,	
  -0.0001116656129999,	-0.0000070488542365,	-0.0000514517366568,	-0.0001994810401428,	-0.0002120319923590,	-0.0000997349601769,	0.0002278845307943,	0.0002117595599867,	-0.0001860618785435,	0.0002033854314107,	0.0001964141143996,	-0.0000715038139154,	
  0.0002813986913463,	-0.0000839351799169,	-0.0004232533844681,	-0.0002837162597004,	-0.0000396643849769,	-0.0001823798417121,	0.0002117595599867,	0.0008043813421072,	-0.0002008264181719,	0.0004991506636391,	0.0004407642385184,	-0.0000562558483673,	
  0.0000960727697602,	-0.0000049508906538,	0.0000613530633443,	0.0001908958247253,	0.0001869171139122,	0.0000948403618864,	-0.0001860618785435,	-0.0002008264181719,	0.0001652813784866,	-0.0001903166384097,	-0.0001753843349306,	0.0000543448455800,	
  -0.0000200509300325,	-0.0000587633533153,	-0.0001199687971754,	-0.0000710824862335,	-0.0002737441803016,	0.0000993888031032,	0.0002033854314107,	0.0004991506636391,	-0.0001903166384097,	0.0005111607063804,	0.0001483054226073,	0.0000836007114884,	
  0.0002183908344488,	0.0000007132590904,	-0.0003332357976958,	-0.0003867529153464,	-0.0000095203324853,	-0.0003946703807199,	0.0001964141143996,	0.0004407642385184,	-0.0001753843349306,	0.0001483054226073,	0.0004523324173029,	-0.0002141877952932,	
  -0.0002292605144191,	-0.0000087049817318,	0.0001183875080322,	0.0001860582428784,	0.0000309673020448,	0.0003394669150250,	-0.0000715038139154,	-0.0000562558483673,	0.0000543448455800,	0.0000836007114884,	-0.0002141877952932,	0.0002236246242056,	
};

const PROGMEM tinytype dC1_drho_data[4*4] = {
  -0.0001011734491895,	-0.0000026167838316,	0.0000023739543244,	-0.0000133473222947,	
  -0.0000026167838316,	-0.0000793680411891,	0.0000069124385813,	-0.0000003629596270,	
  0.0000023739543244,	0.0000069124385813,	-0.0000836409856726,	0.0000003877192415,	
  -0.0000133473222947,	-0.0000003629596270,	0.0000003877192415,	-0.0000735611036763,	
};

const PROGMEM tinytype dC2_drho_data[12*12] = {
  -0.0001583410242271,	-0.0000087560030307,	0.0001381542037128,	0.0001628303327493,	-0.0000817074884812,	0.0002447908371275,	-0.0000243364852874,	-0.0000765248255002,	0.0000212942343507,	0.0000796769265183,	-0.0001773292733612,	0.0001460657261246,	
  -0.0000645339252258,	0.0000160766418756,	0.0000944350158457,	-0.0000066738819035,	-0.0000516098753152,	-0.0000407792979703,	0.0000044273720237,	-0.0001647061140983,	0.0000006636413296,	-0.0001051972513416,	-0.0000428589653039,	-0.0000411164217596,	
  -0.0000131955435545,	0.0000163635608069,	0.0001339975485952,	0.0001358900584950,	0.0000364704608224,	0.0000611486490204,	-0.0001141545823549,	-0.0002642231010215,	0.0000997908909496,	-0.0001755196338834,	-0.0001705369965792,	0.0000243357372463,	
  0.0002359699465701,	-0.0000246580017371,	-0.0002048157332862,	-0.0000431747954167,	0.0000929664142480,	-0.0000705890349559,	-0.0000092748014495,	0.0002830002591643,	-0.0000007685229855,	0.0001219439083137,	0.0001396052413874,	-0.0000178732812795,	
  0.0002322909605284,	-0.0000096208233878,	-0.0001490280869352,	-0.0000597023391521,	0.0000784312845114,	-0.0001453827244437,	-0.0000204519552469,	0.0001448425101306,	0.0000118759315999,	0.0000043507051003,	0.0001215857628639,	-0.0000761010366453,	
  0.0000351616739792,	-0.0000231714597638,	-0.0000014526493897,	0.0000301008491771,	-0.0001318063435032,	0.0000467263283734,	0.0000484894992460,	0.0001246099425827,	-0.0000454225122222,	0.0001601358214816,	0.0000076516825232,	0.0000315817280372,	
  0.0000456671060570,	-0.0000324061181039,	-0.0000629817492565,	0.0000222201715628,	-0.0000968300198627,	0.0000816116533135,	0.0000572762686265,	0.0002377986493815,	-0.0000550666526731,	0.0002362748537589,	0.0000413601613406,	0.0000636258153542,	
  -0.0002282853787234,	0.0000103075444632,	0.0000242646130491,	-0.0001300841843487,	-0.0000742283247684,	-0.0000051275704099,	0.0001286622606207,	0.0000252299562458,	-0.0001032752704277,	0.0000548006666625,	0.0000707050116385,	-0.0000100709761041,	
  -0.0001400403077777,	0.0000118155427617,	0.0000946511556134,	0.0001753110460449,	0.0001516665294157,	0.0002373630397819,	-0.0001318544612754,	-0.0001736243968165,	0.0001148143898089,	-0.0000922724007155,	-0.0002029245117861,	0.0001483744300449,	
  -0.0000533476594358,	0.0000310920544912,	0.0000322693042163,	-0.0000368702373995,	0.0001275701995227,	-0.0000720407398652,	-0.0000528290680601,	-0.0001943485350611,	0.0000509654038798,	-0.0002156408433901,	-0.0000208058511657,	-0.0000530480098136,	
  -0.0002351468568435,	0.0000027555834104,	-0.0000131584017900,	-0.0001047979489068,	-0.0000277314961292,	0.0000647152367993,	0.0001159376447913,	0.0001005000169910,	-0.0000942342130523,	0.0001133823428832,	0.0000662645872952,	0.0000424835904396,	
  0.0000862669802969,	-0.0000206706202560,	0.0001151646249336,	0.0001726109786982,	-0.0001677164763973,	0.0000987117367700,	-0.0000412106599683,	-0.0000594591830354,	0.0000304475309137,	0.0000661521457287,	-0.0001402789149242,	0.0000523024582609,	
};

