#pragma once

typedef float tinytype;

const PROGMEM tinytype Adyn_data[12*12] = {
  -0.0627727067679689,	-0.1197069676382125,	-0.1493405924084831,	-0.1426694060361549,	0.0750222961796953,	0.0363480017976497,	0.0510129454086796,	-0.1462332676665449,	-0.0002180654017933,	-0.1147610487055574,	0.1149818151897439,	0.0516758545844190,	
  0.0760887171776665,	-0.1516141211181619,	0.1415969061943308,	-0.0323735804312186,	0.0134003251571540,	0.1127733714038550,	-0.0292410570982518,	-0.0610425980967124,	0.0738466452323067,	-0.0247447088758215,	-0.0621479414824334,	-0.0122111324899302,	
  -0.0269562783144592,	-0.0762802044804606,	-0.1053291229719898,	0.0492788489685249,	-0.0120573401327708,	0.1182509630376021,	0.1421847831261980,	-0.0678098442485405,	-0.0450278871466559,	-0.0285076810250050,	-0.1214407486952941,	0.1243209339728587,	
  0.1216701027519465,	-0.0647995682928538,	-0.0257118223677942,	0.0103951698407097,	0.0456033897017504,	-0.0232841743804702,	0.1510359465959932,	-0.0791553074346652,	0.0409325069039122,	-0.0637903678196325,	-0.0324483288200937,	-0.0819551815720270,	
  0.0473414580454214,	0.1220305517206560,	0.1016503417633974,	-0.0564596285680176,	0.0783740873104081,	-0.0341582120139341,	0.0452626828345459,	0.0774315781150569,	0.0730549681256567,	-0.0385466042802679,	0.0149460481826219,	0.0205796669883037,	
  -0.1247058628406730,	0.1016894223360533,	0.1482269135029096,	-0.0659867824192549,	-0.0513080706067012,	-0.0550137073622643,	0.0953546396046524,	0.0522110334545922,	-0.1474908023177553,	-0.0133514606856051,	0.0558534223590477,	-0.1035654473233810,	
  0.0179595069738457,	-0.0014758384909714,	0.0008644921497704,	-0.0724854741151072,	-0.0251439481938579,	-0.0215526998541791,	-0.1273988408958658,	-0.0743526409646708,	0.1334159681109754,	-0.1398028626289181,	0.1389599356697539,	0.0057791432615196,	
  -0.0531451548811364,	-0.0357580432265155,	0.0130855174687580,	-0.1506715995188974,	0.1270005683749697,	-0.0971933771667763,	0.0567484709636837,	0.0946904660428558,	0.0553775193148794,	-0.0011240708455734,	0.1159847127428179,	-0.0562318892150949,	
  0.1343615991819323,	0.0230849220767178,	0.0960778088551703,	0.1472528432288143,	0.1370716551175647,	0.1169871837940219,	-0.0213717127940280,	0.0077601462568516,	0.0805753816941525,	0.0725711894825843,	-0.0280990372072449,	0.1357863677809219,	
  0.0667823828874725,	0.0550687278586776,	0.0557513915154894,	-0.1284102351002704,	-0.0771112609203834,	0.0720488642498642,	0.1250819785111000,	0.0281045376948820,	-0.0140280561293889,	-0.0500818447179212,	0.0157724118752212,	-0.0233309674648511,	
  0.1101704358452245,	-0.0613525898824283,	0.0167710193438029,	0.0078449762038778,	-0.0701081955173387,	0.0665274742893233,	0.1190018080428846,	-0.0639813561208510,	-0.0632104192334328,	0.1098014073941440,	0.1466257774714151,	0.0144229975121357,	
  -0.0228638996304797,	-0.0816023272810490,	-0.0330446237223219,	-0.1324047227756420,	-0.0271017330518363,	-0.0575419393175410,	0.1428239814168916,	0.0324846657618071,	-0.0777341958907850,	0.0638654711092467,	-0.0731737731664230,	-0.1108442894307606,	
};

const PROGMEM tinytype Bdyn_data[12*4] = {
  0.9446768657918505,	-0.0099673912274492,	-0.5883139995391358,	0.9561511205426070,	
  -0.9767359008822452,	0.4319100674704750,	-0.9514875304177941,	0.0877171996038049,	
  -0.6983034933366044,	-0.3575095315755219,	-0.9794557049981980,	-0.0353516224103496,	
  0.1118331395218692,	0.8651325485093049,	-0.2201071854119807,	0.2201693438458787,	
  -0.9633953985479016,	-0.0399661797010051,	-0.3495618022626028,	0.6527651955244465,	
  -0.3777575541271259,	-0.1039625474275792,	-0.3622347654821696,	0.8551326131620971,	
  -0.3596413912538832,	0.3747167338496447,	0.9399920097110346,	-0.3460044105471685,	
  0.0292897405164023,	-0.4125543294387506,	0.3838574844816323,	-0.9870583106307722,	
  -0.6264643146626068,	-0.2193999364739752,	0.7394803170754101,	-0.4810904768406592,	
  0.4101961236138492,	-0.6669462818676670,	0.6778847856068837,	0.2899964519509237,	
  0.7458572176695002,	-0.1178279095014401,	-0.8500875394377478,	-0.5815960175862405,	
  -0.3988742298930259,	0.6239763862193899,	-0.9620845980307233,	-0.4785171243574295,	
};

const PROGMEM tinytype Q_data[12] = {
  3.3138882706421438,3.1635928767862276,9.1531568268159820,7.2752353230476521,9.5345344242000873,8.9126349876989437,4.9814059896355758,6.4328203664275527,5.6413058722840344,1.0980132996655736,
  3.3546625273705053,4.2892498182081180,
};

const PROGMEM tinytype Qf_data[12] = {
  29.8249944357792955,28.4723358910760496,82.3784114413438431,65.4771179074288625,85.8108098178007879,80.2137148892904861,44.8326539067201821,57.8953832978479710,50.7717528505563109,9.8821196969901628,
  30.1919627463345464,38.6032483638730639,
};

const PROGMEM tinytype R_data[4] = {
  0.1000000000000000,0.1000000000000000,0.1000000000000000,0.1000000000000000,
};

const PROGMEM tinytype umin[4] = {
  -3.0,	
  -3.0,	
  -3.0,	
  -3.0,	
};

const PROGMEM tinytype umax[4] = {
  3.0,	
  3.0,	
  3.0,	
  3.0,	
};

const PROGMEM tinytype xmin[12] = {
  -10000.0,	
  -10000.0,	
  -10000.0,	
  -10000.0,	
  -10000.0,	
  -10000.0,	
  -10000.0,	
  -10000.0,	
  -10000.0,	
  -10000.0,	
  -10000.0,	
  -10000.0,	
};

const PROGMEM tinytype xmax[12] = {
  10000.0,	
  10000.0,	
  10000.0,	
  10000.0,	
  10000.0,	
  10000.0,	
  10000.0,	
  10000.0,	
  10000.0,	
  10000.0,	
  10000.0,	
  10000.0,	
};

const PROGMEM tinytype rho_value = 85.0;

const PROGMEM tinytype Kinf_data[4*12] = {
  -0.0039343547621389,	-0.0087973122774553,	-0.0176748281859235,	-0.0012784769033596,	-0.0088389379402141,	-0.0052240146714793,	-0.0057711837333219,	-0.0083941417367713,	-0.0078871594680182,	0.0034854255067026,	0.0115190651679447,	-0.0074860029015290,	
  0.0092443614679465,	-0.0067175861899753,	-0.0006752804920424,	-0.0029883235096664,	-0.0017088286814123,	-0.0062110338346687,	0.0022550945980968,	-0.0074935195317555,	0.0045379520489077,	-0.0054878271493234,	-0.0026375642610299,	-0.0134035179387545,	
  0.0032188565370928,	0.0145393851405093,	0.0065285173282591,	0.0050950823569427,	0.0059967782510976,	-0.0092072760300695,	-0.0308069736109529,	0.0074201545416199,	0.0171824790072572,	-0.0034877237114619,	0.0139676878253707,	0.0001056268757145,	
  -0.0082030597186460,	0.0151521569124613,	0.0087126421727477,	-0.0045591221843108,	-0.0043902002512732,	-0.0036491199947822,	0.0061350423852041,	-0.0012558325603279,	-0.0096943824247616,	-0.0114309376957971,	-0.0001974574566532,	-0.0057456721860417,	
};

const PROGMEM tinytype Pinf_data[12*12] = {
  3.7890189324576888,	-0.0928837000430630,	0.0353942219044691,	0.2326319888478703,	0.1574315330724284,	0.1923996435174475,	0.0128108953087226,	-0.1222084690963711,	0.2834288731395078,	0.0491455516532765,	-0.0807514716903907,	0.1626970659544020,	
  -0.0928837000430630,	3.6351804181867111,	0.3104566587588614,	-0.0034505698265294,	-0.0161262701963941,	-0.1978248742871037,	-0.1105920192800037,	0.2856876904936450,	-0.0552203214887369,	0.0346039978739682,	0.1183146422959664,	-0.0857702850316203,	
  0.0353942219044690,	0.3104566587588613,	9.7179917521825132,	-0.0598935731319134,	0.0479744774592722,	-0.1163383650365829,	-0.0432415917958664,	0.2647568284181102,	-0.0141558996923030,	0.0926333116633887,	0.1518990455107225,	-0.1835628865804576,	
  0.2326319888478704,	-0.0034505698265294,	-0.0598935731319134,	7.8662015023982663,	-0.0337868101513587,	0.3112241889690761,	-0.1545516836730404,	-0.1208089060585740,	0.0143568170682818,	0.1814120108552441,	-0.3034362293850848,	0.3258783831626175,	
  0.1574315330724284,	-0.0161262701963941,	0.0479744774592721,	-0.0337868101513587,	9.9091766846311380,	0.0032526523245422,	0.0614731166469268,	0.0611094369281879,	0.2490896520078184,	-0.0267749158892216,	0.0371208226191513,	0.1095733117152552,	
  0.1923996435174475,	-0.1978248742871037,	-0.1163383650365829,	0.3112241889690760,	0.0032526523245421,	9.3201152169153811,	0.0081532571162438,	-0.2315959730786210,	0.0481006088771040,	0.0477494094135453,	-0.2030762323490533,	0.3659051199184233,	
  0.0128108953087226,	-0.1105920192800037,	-0.0432415917958663,	-0.1545516836730405,	0.0614731166469268,	0.0081532571162438,	5.6691998743964387,	-0.0224700579663910,	-0.2272698235214173,	0.0054259852206761,	-0.1059161346378455,	-0.1191681220216986,	
  -0.1222084690963711,	0.2856876904936450,	0.2647568284181102,	-0.1208089060585740,	0.0611094369281879,	-0.2315959730786210,	-0.0224700579663910,	6.7903206941845138,	-0.0566303130157938,	0.1310211225807853,	0.0556383565867872,	-0.1622349994178980,	
  0.2834288731395078,	-0.0552203214887369,	-0.0141558996923030,	0.0143568170682818,	0.2490896520078184,	0.0481006088771040,	-0.2272698235214173,	-0.0566303130157938,	6.0985560469134228,	-0.1423584866766890,	0.0713140708643432,	0.1652444048004384,	
  0.0491455516532765,	0.0346039978739682,	0.0926333116633887,	0.1814120108552441,	-0.0267749158892216,	0.0477494094135453,	0.0054259852206761,	0.1310211225807852,	-0.1423584866766890,	1.4100442259089159,	-0.0944854798273579,	0.0200676008225985,	
  -0.0807514716903907,	0.1183146422959664,	0.1518990455107225,	-0.3034362293850847,	0.0371208226191513,	-0.2030762323490533,	-0.1059161346378455,	0.0556383565867872,	0.0713140708643431,	-0.0944854798273579,	3.8566951789927124,	-0.1464366899478718,	
  0.1626970659544020,	-0.0857702850316203,	-0.1835628865804576,	0.3258783831626175,	0.1095733117152552,	0.3659051199184233,	-0.1191681220216985,	-0.1622349994178980,	0.1652444048004384,	0.0200676008225985,	-0.1464366899478718,	4.7906043380934236,	
};

const PROGMEM tinytype Quu_inv_data[4*4] = {
  0.0089105735451006,	-0.0000767987405273,	-0.0005828032774631,	0.0002599547033724,	
  -0.0000767987405273,	0.0102258043583074,	0.0001651403806412,	-0.0002511770911824,	
  -0.0005828032774631,	0.0001651403806412,	0.0085108753629077,	0.0006986052434583,	
  0.0002599547033724,	-0.0002511770911824,	0.0006986052434583,	0.0090398817035863,	
};

const PROGMEM tinytype AmBKt_data[12*12] = {
  -0.0492268075698182,	-0.1173973350458478,	-0.1371401063351587,	-0.1341347262070233,	0.0910808872928910,	0.0392934405860908,	0.0324971250699515,	-0.1328120604951324,	0.0266559707930586,	-0.1092305216686546,	0.1124799166324571,	0.0641699829042891,	
  0.0720354101332861,	-0.1448004398574559,	0.1300724816635050,	-0.0270838069527529,	0.0115960332567026,	0.1019129790253135,	-0.0657025774794036,	-0.0588345885260715,	0.0813822648435476,	-0.0212859566367213,	-0.0364502652206133,	-0.0131293690115726,	
  -0.0235359687217229,	-0.0700486624149673,	-0.1112105368721062,	0.0521469650585826,	-0.0131221459471844,	0.1032353901991039,	0.1090037808228525,	-0.0691271904252658,	-0.0324263921016706,	-0.0318559198112990,	-0.1006661485272639,	0.1142018845882499,	
  0.1166270517292908,	-0.0581399520855156,	-0.0236322668445149,	0.0152486850371684,	0.0503567606848232,	-0.0185497521460096,	0.1415988159458821,	-0.0698239513985730,	0.0438050155981844,	-0.0576833870067416,	-0.0283368368185558,	-0.0682339086222626,	
  0.0504004417564423,	0.1084783983000677,	0.0811903159494010,	-0.0530536567528253,	0.0747524143552324,	-0.0402757284808636,	0.0250191951378097,	0.0724587796243176,	0.0779723733617201,	-0.0291655455774949,	0.0309495126787419,	0.0166194967818716,	
  -0.1170503420691728,	0.0899773610253872,	0.1363943012322172,	-0.0610361404220043,	-0.0488982553903038,	-0.0578475472234993,	0.0770033450443441,	0.0520227789426259,	-0.1354843855028206,	-0.0040937505193746,	0.0651590627777884,	-0.1028352319416797,	
  0.0072165389498026,	-0.0105467168984450,	-0.0083612102533116,	-0.0781923055904298,	-0.0348384217198423,	-0.0137119391595452,	-0.0992383583633714,	-0.0819729841980136,	0.1093732804863752,	-0.1371697011238318,	0.1308931716570253,	0.0060220728900774,	
  -0.0585485977456816,	-0.0288967309002384,	0.0194184843345606,	-0.1583229040017862,	0.1199191820450804,	-0.0996703684328861,	0.0757289884446241,	0.0877569825283805,	0.0413161400259934,	-0.0134343981044092,	0.1090026802217394,	-0.0672541646361452,	
  0.1275983836767738,	0.0126378511470049,	0.0842208623453361,	0.1398352217010924,	0.1246128759994928,	0.1174048671140802,	0.0012402752357466,	-0.0052337890211551,	0.0592600040468057,	0.0706304430252230,	-0.0318852604964630,	0.1253136259520648,	
  0.0747585768091137,	0.0399469823977332,	0.0555989438228980,	-0.1320106096378969,	-0.0774172420187150,	0.0773490130841173,	0.1480577608418124,	0.0218841842226873,	-0.0166026082339638,	-0.0494924324480356,	-0.0001229987864906,	-0.0276050428504537,	
  0.1121595894969156,	-0.0344103859046936,	0.0404913998507184,	0.0101261282357762,	-0.0611724940838413,	0.0597427059226903,	0.1009514919916002,	-0.0530260769608826,	-0.0478246299244399,	0.0969421001133431,	0.1494823377967171,	0.0151753103381642,	
  -0.0310299678679202,	-0.0596810482238251,	-0.0292231636748113,	-0.1283297487374073,	-0.0258924668769217,	-0.0663544705644199,	0.1124116871887305,	0.0403501171924865,	-0.0718196850613983,	0.0598546073770279,	-0.0535897265499028,	-0.1081145649287363,	
};

const PROGMEM tinytype coeff_d2p_data[12*4] = {
  0.0304259588076477,	0.0000030699697520,	-0.0180820714185198,	0.0344347307789225,	
  -0.0296091159307880,	0.0124023833052288,	-0.0290149564719874,	-0.0055644080057905,	
  -0.0549153725324089,	-0.0387457437076272,	-0.0790502606963615,	-0.0127882730746446,	
  0.0085958492857759,	0.0695361813324704,	-0.0148345305122387,	0.0191187221656956,	
  -0.0820531350888632,	-0.0057824459647486,	-0.0195868922015704,	0.0523836621360855,	
  -0.0256352348266827,	-0.0068850376407875,	-0.0216291984924636,	0.0725001035335708,	
  -0.0203361760655909,	0.0214029795167133,	0.0471182242187861,	-0.0124241411529001,	
  -0.0043761631024275,	-0.0290127641349642,	0.0149711734311991,	-0.0597252482626264,	
  -0.0360322449129074,	-0.0110907729833288,	0.0321541776230613,	-0.0205299021774048,	
  0.0047973779574061,	-0.0082559571153568,	0.0064113438540697,	0.0054189426352735,	
  0.0245030132369765,	-0.0083542025747212,	-0.0316260009223072,	-0.0244102014384493,	
  -0.0150491221294430,	0.0329453840324080,	-0.0385206816760119,	-0.0178055841659687,	
};

const PROGMEM tinytype dKinf_drho_data[4*12] = {
  0.0000402350273146,	0.0000838862491869,	0.0001584983430498,	0.0000160238268945,	0.0000821580935467,	0.0000412225313780,	0.0000315879616581,	0.0000789620568649,	0.0000823538427968,	-0.0000298466472058,	-0.0000934691386368,	0.0000669994309268,	
  -0.0000980312274234,	0.0000694444971397,	0.0000066782325653,	0.0000280381973519,	0.0000141196565245,	0.0000632645853477,	-0.0000173777034226,	0.0000744367383213,	-0.0000522740920604,	0.0000535746995435,	0.0000255237326518,	0.0001345267310238,	
  -0.0000276224128484,	-0.0001360233885953,	-0.0000732001884186,	-0.0000417881534195,	-0.0000549756258653,	0.0000768716932944,	0.0002520516436669,	-0.0000661008566476,	-0.0001450559604917,	0.0000382864631422,	-0.0001096693310853,	0.0000000081433820,	
  0.0000745002338206,	-0.0001455499018451,	-0.0000796117090020,	0.0000365264077352,	0.0000369942738119,	0.0000385279553622,	-0.0000322107780324,	0.0000063069924397,	0.0000788007361322,	0.0001023497426405,	-0.0000108585918089,	0.0000502988266328,	
};

const PROGMEM tinytype dPinf_drho_data[12*12] = {
  0.0002122353195157,	-0.0001214266023048,	0.0000243715097373,	0.0000555197148022,	0.0000997038012143,	-0.0000115904905450,	-0.0000790714127439,	0.0000003201384342,	0.0002061506294006,	0.0000534152053652,	-0.0000374029127247,	-0.0000310830635227,	
  -0.0001214266023048,	0.0005896451622814,	0.0003785109062273,	0.0000196333988375,	0.0000897013148959,	-0.0001235328587004,	-0.0003278339371820,	0.0002174140079851,	0.0001337406621136,	-0.0002330666681670,	0.0001352335758968,	0.0000549668697496,	
  0.0000243715097373,	0.0003785109062273,	0.0004440061498407,	0.0000182940966901,	0.0001647881835348,	0.0000096895741228,	-0.0000286761150039,	0.0001982713020779,	0.0001598903702409,	-0.0001639067016978,	-0.0001207515462977,	0.0000871561955945,	
  0.0000555197148022,	0.0000196333988375,	0.0000182940966901,	0.0001014287950070,	0.0000816434520448,	0.0000214234583229,	-0.0001954448465091,	0.0000676453298870,	0.0001335990395824,	0.0000741499010699,	0.0000520077820448,	0.0001036488424874,	
  0.0000997038012143,	0.0000897013148959,	0.0001647881835348,	0.0000816434520448,	0.0001770752011244,	0.0000441206065908,	-0.0001333838334061,	0.0001361184236383,	0.0002151016064621,	0.0000270962423315,	-0.0000310386738803,	0.0001391893250377,	
  -0.0000115904905450,	-0.0001235328587004,	0.0000096895741228,	0.0000214234583229,	0.0000441206065908,	0.0001913357990550,	0.0002887517013518,	0.0000211329347366,	-0.0001026452878617,	0.0001122501403896,	-0.0001879207054674,	0.0001664134687962,	
  -0.0000790714127439,	-0.0003278339371820,	-0.0000286761150039,	-0.0001954448465091,	-0.0001333838334061,	0.0002887517013518,	0.0010883366443302,	-0.0001891037881146,	-0.0005421899628529,	0.0000308407225007,	-0.0005168334099665,	-0.0000292267578636,	
  0.0000003201384342,	0.0002174140079851,	0.0001982713020779,	0.0000676453298870,	0.0001361184236383,	0.0000211329347366,	-0.0001891037881146,	0.0001925886853386,	0.0001645585014471,	0.0000072953590891,	0.0000269332903134,	0.0001602608893106,	
  0.0002061506294006,	0.0001337406621136,	0.0001598903702409,	0.0001335990395824,	0.0002151016064621,	-0.0001026452878617,	-0.0005421899628529,	0.0001645585014471,	0.0004812776904899,	-0.0000082313439745,	0.0001355526952925,	0.0000674611042212,	
  0.0000534152053652,	-0.0002330666681670,	-0.0001639067016978,	0.0000741499010699,	0.0000270962423315,	0.0001122501403896,	0.0000308407225007,	0.0000072953590891,	-0.0000082313439745,	0.0002293297799021,	-0.0000077998413751,	0.0001226083857122,	
  -0.0000374029127247,	0.0001352335758968,	-0.0001207515462977,	0.0000520077820448,	-0.0000310386738803,	-0.0001879207054674,	-0.0005168334099665,	0.0000269332903134,	0.0001355526952925,	-0.0000077998413751,	0.0003521468718988,	-0.0000585429655267,	
  -0.0000310830635227,	0.0000549668697496,	0.0000871561955945,	0.0001036488424874,	0.0001391893250377,	0.0001664134687962,	-0.0000292267578636,	0.0001602608893106,	0.0000674611042212,	0.0001226083857122,	-0.0000585429655267,	0.0002987942938067,	
};

const PROGMEM tinytype dC1_drho_data[4*4] = {
  -0.0000800441327036,	0.0000016672105027,	0.0000098639712498,	-0.0000043259293818,	
  0.0000016672105027,	-0.0001046899296520,	-0.0000029712767867,	0.0000047469407148,	
  0.0000098639712498,	-0.0000029712767867,	-0.0000735443357564,	-0.0000121723011501,	
  -0.0000043259293818,	0.0000047469407148,	-0.0000121723011501,	-0.0000824063450281,	
};

const PROGMEM tinytype dC2_drho_data[12*12] = {
  -0.0001264703493228,	-0.0000194099805247,	-0.0001166070242337,	-0.0000743671922434,	-0.0001451871608594,	-0.0000299252432275,	0.0001490702551007,	-0.0001187701855388,	-0.0002390026708520,	-0.0000466079217265,	0.0000344149898927,	-0.0001100404204404,	
  0.0000488223364359,	-0.0000647163945749,	0.0000892608756740,	-0.0000394238338086,	0.0000185946811250,	0.0000827018082570,	0.0002810081364614,	-0.0000184722734881,	-0.0000419154560568,	-0.0000248404844824,	-0.0002057151361546,	0.0000029329761627,	
  -0.0000313720637823,	-0.0000549691786517,	0.0000385567332062,	-0.0000184249603953,	0.0000098808127291,	0.0001280579742187,	0.0002615800064439,	0.0000172314248655,	-0.0001004706642296,	0.0000394295719344,	-0.0001639449691572,	0.0000966666464692,	
  0.0000578278370480,	-0.0000673540562276,	-0.0000220867533820,	-0.0000432886200563,	-0.0000416489072383,	-0.0000509049596582,	0.0000740716396561,	-0.0000891660997460,	-0.0000132632358663,	-0.0000571185221288,	-0.0000333767434119,	-0.0001349486775990,	
  -0.0000234425935908,	0.0001310523869893,	0.0001793432408176,	-0.0000218928491785,	0.0000363490847702,	0.0000439637401686,	0.0001388708781369,	0.0000518233145697,	-0.0000248942834610,	-0.0000800398112191,	-0.0001202757502049,	0.0000370929861806,	
  -0.0000687058684902,	0.0001141003587876,	0.0001021311481456,	-0.0000374040003725,	-0.0000190453370483,	0.0000170483587270,	0.0001289723156434,	0.0000082298031762,	-0.0000942541527855,	-0.0000793589490883,	-0.0000630956693689,	-0.0000037139344322,	
  0.0001029463794111,	0.0000816469426329,	0.0000957617088881,	0.0000471752781556,	0.0000887334104361,	-0.0000678089052391,	-0.0002301995476018,	0.0000648218568102,	0.0002128226737196,	-0.0000313849332171,	0.0000561516334787,	-0.0000089176875667,	
  0.0000425174640444,	-0.0000652600229717,	-0.0000523702003864,	0.0000631923357407,	0.0000610370470523,	0.0000334142450538,	-0.0001366402760293,	0.0000599950983650,	0.0001094837119034,	0.0001093052934297,	0.0000446469434943,	0.0001031819383072,	
  0.0000599653473679,	0.0000983518067128,	0.0001165884231503,	0.0000646639583069,	0.0001130179515871,	0.0000013950191601,	-0.0001859074642164,	0.0001177128429302,	0.0001852991225895,	0.0000139838268770,	0.0000229191720574,	0.0000956801734376,	
  -0.0000847658049407,	0.0001463230756548,	0.0000121470236375,	0.0000298620845725,	0.0000022550531293,	-0.0000379983642894,	-0.0001860682171952,	0.0000602351358262,	0.0000068340563718,	-0.0000076604474332,	0.0001328557610260,	0.0000476471946821,	
  -0.0000217128297912,	-0.0002546676954851,	-0.0002259586719380,	-0.0000229277800063,	-0.0000848328896490,	0.0000644635852876,	0.0001699246136887,	-0.0001026470876647,	-0.0001450636252592,	0.0001206469800581,	-0.0000268218058241,	-0.0000048604858015,	
  0.0000862924262490,	-0.0002103857909459,	-0.0000494664948064,	-0.0000338289086397,	-0.0000112283953499,	0.0000693603566671,	0.0002505244958656,	-0.0000755274495687,	-0.0000363819791093,	0.0000404765151962,	-0.0001639158335959,	-0.0000331404725587,	
};

