#pragma once

typedef float tinytype;

const PROGMEM tinytype Adyn_data[12*12] = {
  0.1224924670865791,	-0.0838201101315872,	0.0115684097117353,	0.1188528058724337,	-0.0826171885657088,	-0.0511363031928041,	0.0342175977083832,	-0.1040673476826973,	0.0085029506633092,	-0.0800072799697927,	0.1165161038873458,	-0.0432308048750734,	
  0.0872404251354460,	-0.0981052854244989,	0.0152370675141887,	-0.0231387896390537,	-0.0790073888759666,	-0.0415728079996564,	-0.0558597079112134,	-0.0223885985036899,	0.0460229859502138,	0.0644153960123542,	-0.0822223640609333,	-0.0472365070136360,	
  0.1145517369993449,	0.0758429751836853,	0.0260854159095071,	-0.1016825162658472,	-0.0467913845721835,	-0.0814390479435568,	0.0643193219327270,	0.0703931577526187,	0.0481073889453138,	-0.0183368520938448,	0.0748663669769526,	-0.0923138213688670,	
  0.0196926959582489,	-0.0439895096129054,	0.0683914385014412,	0.0891707670976302,	-0.1164896465600435,	0.0684743273498271,	-0.0933896821325051,	0.1147347998814989,	0.1215761402237020,	-0.0794438977614258,	0.0268726340340534,	-0.0365829229810887,	
  -0.0120323663746512,	-0.0505818032838683,	-0.0881827494242154,	-0.0678630662547046,	0.0205711507956634,	-0.0207036634238371,	0.0398121268283946,	0.0624892565787391,	-0.1176510838250639,	-0.0285697257847403,	0.0865784992133157,	0.1049369831330872,	
  -0.0321283690476161,	0.0443514727007945,	-0.1005498730791841,	-0.0532740453053213,	0.0393088737760817,	0.1218500651807638,	0.1282950940702082,	-0.0607524547869033,	0.0776399756114038,	-0.0513484786322182,	0.0806569042156672,	-0.0936972552805477,	
  0.0677981425985999,	0.1197383269216291,	-0.1255261701028752,	-0.0934313630182297,	0.0759515312754091,	-0.0389146468538367,	-0.0470350386450836,	-0.0965785216107086,	0.0843890025383314,	0.0371502195213587,	0.1235667738185720,	0.0960260985478099,	
  -0.0493567750885242,	0.0101074369116417,	-0.0830429955241633,	-0.0894797269124537,	-0.0275154795845780,	-0.0450066485135965,	-0.0597752203367262,	-0.0085318024821154,	-0.1146625600321234,	0.1165837355907236,	-0.0860411092144488,	0.0980966733679439,	
  0.0888299861609178,	0.0285755629990292,	0.0132862571886877,	-0.0025720949678640,	0.0137866799417929,	-0.0666556843110104,	0.0470254565777746,	-0.0265634031761191,	-0.1172744275775727,	-0.0449557048213878,	-0.0882153907087036,	-0.0340132259572154,	
  0.0485462624639917,	0.0421153498701335,	0.0610420416971268,	0.1239979853965891,	0.0155722256521650,	-0.0780281942942768,	0.0637371623607517,	0.0315888619529629,	0.1297459401518453,	-0.1078716845434417,	0.1013806857343247,	0.1196002718719685,	
  0.0578749609970924,	-0.1155374895593653,	0.0762676641053340,	-0.1091601271983323,	0.0394697374399279,	0.1163979959989100,	0.0891004558577245,	-0.0314108110181227,	-0.0670326077361671,	0.1249167117973751,	-0.1200767578466738,	0.0844171949753611,	
  0.0671927219052715,	0.0862830815888473,	0.0939564581494225,	0.0975414591985265,	0.0407856419944621,	0.0135687382673202,	0.0531877102287508,	0.1211325743157341,	0.0710659462094972,	-0.0193415897609694,	0.0197814783927448,	0.0686099707355426,	
};

const PROGMEM tinytype Bdyn_data[12*4] = {
  -0.9230347445317033,	0.6706139180954622,	-0.4803560500479827,	-0.9843190929540124,	
  -0.4492535501797577,	-0.9930675909388458,	0.0774013118022785,	-0.7239528147154530,	
  -0.3466766272575408,	0.4765507992321754,	0.8986462751033728,	-0.2005396247976696,	
  0.8822593459457639,	0.1088530819055822,	0.7023281056102613,	-0.1776273355840714,	
  0.5691539012906397,	0.2057695314316705,	0.4956260024425096,	0.7199723971853085,	
  -0.1325211604005883,	0.9437702491832454,	0.0365265082522837,	-0.4081833317135317,	
  0.5430350947009330,	-0.2450292359587760,	-0.0751050505555855,	-0.4951247268630379,	
  -0.5049646220141715,	0.9239866600515583,	0.1058126209138390,	0.4800038961201329,	
  -0.9630785435899709,	0.6206011941580345,	-0.2367205608300931,	-0.5121392324033944,	
  -0.2459668927264138,	-0.7742746548456525,	0.0896563553871306,	0.5061364835813151,	
  -0.1040628426931549,	-0.2762014769132963,	0.7226801303832155,	-0.3029024482493594,	
  -0.9516619062777807,	-0.6556586142360310,	0.6232977092938550,	0.5019983189349648,	
};

const PROGMEM tinytype Q_data[12] = {
  5.0079744589557587,8.5233947112513473,0.9129496840031074,6.5447728587827498,3.8734298879734870,8.9229910137928581,4.9794312395909941,1.6010501623677977,5.2287883557509174,8.0754529333955247,
  4.2079010069258000,3.2135120444066989,
};

const PROGMEM tinytype Qf_data[12] = {
  45.0717701306018270,76.7105524012621203,8.2165471560279659,58.9029557290447485,34.8608689917613859,80.3069191241357174,44.8148811563189469,14.4094514613101801,47.0590952017582538,72.6790764005597225,
  37.8711090623322022,28.9216083996602897,
};

const PROGMEM tinytype R_data[4] = {
  0.1000000000000000,0.1000000000000000,0.1000000000000000,0.1000000000000000,
};

const PROGMEM tinytype umin[4] = {
  -3.0,	
  -3.0,	
  -3.0,	
  -3.0,	
};

const PROGMEM tinytype umax[4] = {
  3.0,	
  3.0,	
  3.0,	
  3.0,	
};

const PROGMEM tinytype xmin[12] = {
  -10000.0,	
  -10000.0,	
  -10000.0,	
  -10000.0,	
  -10000.0,	
  -10000.0,	
  -10000.0,	
  -10000.0,	
  -10000.0,	
  -10000.0,	
  -10000.0,	
  -10000.0,	
};

const PROGMEM tinytype xmax[12] = {
  10000.0,	
  10000.0,	
  10000.0,	
  10000.0,	
  10000.0,	
  10000.0,	
  10000.0,	
  10000.0,	
  10000.0,	
  10000.0,	
  10000.0,	
  10000.0,	
};

const PROGMEM tinytype rho_value = 85.0;

const PROGMEM tinytype Kinf_data[4*12] = {
  -0.0128131327926751,	0.0016546544430858,	-0.0068156870021418,	-0.0069303219707754,	0.0001847068131356,	0.0090922063766914,	-0.0115587402408876,	0.0061739510421008,	0.0057881096851707,	0.0013721574340261,	0.0064428199628088,	0.0025747458540630,	
  -0.0083415270218461,	0.0054011299933281,	-0.0130531962965346,	-0.0069133636192652,	0.0020772845861607,	0.0112879667307986,	0.0099128608068361,	-0.0068190820826769,	-0.0105924101204768,	-0.0071898809659170,	0.0066646650816448,	-0.0145006233622638,	
  0.0030335439722508,	-0.0037905628242774,	0.0066215617736985,	-0.0022152427173912,	-0.0030372466955307,	0.0082766607234754,	0.0005072865100205,	0.0119322644070676,	0.0046689437709223,	0.0016163682738102,	-0.0027917583249345,	0.0041461883350522,	
  -0.0134317007467658,	0.0093960898009429,	0.0031115902834802,	0.0054106564594931,	0.0082266358730559,	-0.0034280583899043,	0.0022794679512803,	0.0145141982758382,	-0.0033007027191835,	-0.0040911058230832,	0.0041677309530283,	0.0151799422399873,	
};

const PROGMEM tinytype Pinf_data[12*12] = {
  5.2695997645057773,	-0.0620413234231872,	0.0900823885070959,	0.0817101359814565,	-0.0774029213854634,	-0.1190456004165574,	-0.0004223836485439,	-0.0337097457955155,	0.0618358592541497,	-0.0367180856064142,	0.0279412048778199,	0.0478668957024701,	
  -0.0620413234231872,	8.8680023889878186,	-0.1263313784922423,	-0.0006512146729605,	0.1832163333055644,	-0.0421097315987078,	0.0780309480575115,	-0.0074213158671297,	0.1341226629913075,	-0.1060642777223330,	0.2084180238272986,	0.0716698068101688,	
  0.0900823885070959,	-0.1263313784922424,	1.2370623837548993,	0.2381184877856047,	-0.1335541345876932,	-0.0355750314727308,	-0.0563672505019007,	0.1732924893936000,	0.0321052011227114,	-0.0478087188015268,	-0.1476289682294416,	0.0187046768259101,	
  0.0817101359814565,	-0.0006512146729605,	0.2381184877856047,	7.0047085848469184,	-0.1518016856412533,	-0.1240406048350202,	-0.0314964156257612,	0.1501078603881560,	0.2294451340769845,	-0.3004834495104037,	0.1758125041493952,	0.0131503015556909,	
  -0.0774029213854633,	0.1832163333055644,	-0.1335541345876932,	-0.1518016856412533,	4.1254822136372420,	0.0424398275381810,	0.1670595153023093,	-0.0911268875348468,	-0.0605020332245856,	0.0474088993311925,	0.0636682424434733,	0.1320636209248689,	
  -0.1190456004165574,	-0.0421097315987077,	-0.0355750314727308,	-0.1240406048350202,	0.0424398275381810,	9.2474777252736011,	0.1041363740761165,	-0.0003050393743894,	0.0419710907734121,	0.0558019869055442,	-0.0488631640348004,	-0.1179656780754108,	
  -0.0004223836485439,	0.0780309480575114,	-0.0563672505019007,	-0.0314964156257611,	0.1670595153023093,	0.1041363740761165,	5.3174668593168972,	-0.0833083825459484,	0.0163258238533987,	-0.0980383786027926,	0.1291990228681187,	0.0300335341748052,	
  -0.0337097457955155,	-0.0074213158671297,	0.1732924893936000,	0.1501078603881560,	-0.0911268875348467,	-0.0003050393743894,	-0.0833083825459484,	1.8797457121627437,	0.0485371348345745,	-0.0816589089912810,	-0.0426942656080752,	0.0320941958179598,	
  0.0618358592541497,	0.1341226629913075,	0.0321052011227115,	0.2294451340769845,	-0.0605020332245856,	0.0419710907734120,	0.0163258238533987,	0.0485371348345745,	5.7523580453903413,	-0.2232039856996323,	0.3154706740244935,	-0.0235529239905679,	
  -0.0367180856064142,	-0.1060642777223330,	-0.0478087188015268,	-0.3004834495104037,	0.0474088993311925,	0.0558019869055442,	-0.0980383786027926,	-0.0816589089912810,	-0.2232039856996323,	8.4263981516596669,	-0.2975255146333435,	0.0232239470521408,	
  0.0279412048778199,	0.2084180238272986,	-0.1476289682294416,	0.1758125041493952,	0.0636682424434733,	-0.0488631640348004,	0.1291990228681186,	-0.0426942656080752,	0.3154706740244935,	-0.2975255146333435,	4.7439293304351269,	0.0932549222506189,	
  0.0478668957024701,	0.0716698068101688,	0.0187046768259101,	0.0131503015556909,	0.1320636209248689,	-0.1179656780754108,	0.0300335341748052,	0.0320941958179598,	-0.0235529239905680,	0.0232239470521408,	0.0932549222506189,	3.5783881647509577,	
};

const PROGMEM tinytype Quu_inv_data[4*4] = {
  0.0092230569441675,	0.0000059927895616,	-0.0004580234099164,	-0.0006089101923890,	
  0.0000059927895616,	0.0086053694233881,	0.0003252337373483,	0.0004208691922225,	
  -0.0004580234099164,	0.0003252337373483,	0.0104480936874734,	-0.0002713653207651,	
  -0.0006089101923890,	0.0004208691922225,	-0.0002713653207651,	0.0094903392853669,	
};

const PROGMEM tinytype AmBKt_data[12*12] = {
  0.1044955461559319,	-0.0784869487329440,	0.0202744538972357,	0.1213537829834210,	-0.0772010787800145,	-0.0497123076715655,	0.0193881784082379,	-0.0737772671259871,	0.0199428053418880,	-0.0771696180315513,	0.1207549725522920,	-0.0141963515175006,	
  0.0632416617501772,	-0.0849025186970203,	0.0009525167078137,	-0.0290291760773864,	-0.0706707416103109,	-0.0294007649957283,	-0.0495974096012330,	-0.0168027167183957,	0.0353534001778361,	0.0548049282403674,	-0.0694761151114227,	-0.0498112509116180,	
  0.1086652134880784,	0.0791333558760421,	0.0246166429794818,	-0.0977147573216118,	-0.0433381057661033,	-0.0917915339425657,	0.0555894476255430,	0.0679709482067926,	0.0503041621845936,	-0.0167077858170818,	0.0772684890216832,	-0.0851927102893979,	
  0.0273888226322304,	-0.0417060524013534,	0.0717277172584991,	0.0985545570748839,	-0.1132843055724965,	0.0528020650069057,	-0.0842223067317969,	0.1042278056848799,	0.1137571173816264,	-0.0817337688746904,	0.0231639598539045,	-0.0374916909361880,	
  0.0051436607614892,	-0.0575211681019166,	-0.0871397017986269,	-0.0652936782843115,	0.0156209700042707,	-0.0298352686307617,	0.0424584858168860,	0.0440147249476564,	-0.1187034488539388,	-0.0257268669835345,	0.0799231748584685,	0.0934712448066016,	
  -0.0315472963680218,	0.0434471068922901,	-0.0881056407501485,	-0.0453783778473991,	0.0408417876017335,	0.1107001339349896,	0.1183197647049235,	-0.0480100189791294,	0.0868859921161718,	-0.0461100044803581,	0.0770239730581507,	-0.0736260364320134,	
  0.0662896726950434,	0.1245307722287308,	-0.1229854895605866,	-0.0888493572906818,	0.0802053227216928,	-0.0421618495929719,	-0.0371625756083329,	-0.0935195563936975,	0.0773668074141874,	0.0327391486072137,	0.1235550057624272,	0.0989022089656240,	
  -0.0419932127017432,	0.0018433364784472,	-0.0766179173509524,	-0.0889541741098128,	-0.0329690306630552,	-0.0500756304159636,	-0.0759191571947655,	-0.0073428906414281,	-0.1008622067758172,	0.1257126952217123,	-0.0906508985264896,	0.1050700610114804,	
  0.0755058958430758,	0.0307319795271823,	0.0179840717622848,	-0.0027094816927956,	0.0161696060557450,	-0.0647008884926550,	0.0310290387206114,	-0.0061275702283734,	-0.1057115453311175,	-0.0408847489165781,	-0.0846729562158743,	-0.0137787073006176,	
  0.0454623203371869,	0.0422884423398231,	0.0470902948262553,	0.1144005933597796,	0.0133345541356636,	-0.0660588158156414,	0.0673701684666920,	0.0194116384651165,	0.1242201944014771,	-0.1111753816194685,	0.1062665455841814,	0.1009512542392050,	
  0.0479768708979981,	-0.1082880383924340,	0.0681103294343005,	-0.1085509844614184,	0.0447495336113711,	0.1134421643933934,	0.0909594178275356,	-0.0368785968698003,	-0.0737298637355615,	0.1206663234542417,	-0.1142855451681219,	0.0822817105015337,	
  0.0543816476650158,	0.0890448784377907,	0.0732225704922194,	0.0850779446346620,	0.0400867614946097,	0.0261845532236894,	0.0472266704374026,	0.1078136422182623,	0.0683760700243165,	-0.0217036175888945,	0.0299305124287748,	0.0513481844863981,	
};

const PROGMEM tinytype coeff_d2p_data[12*4] = {
  -0.0409342407507870,	0.0272377485985150,	-0.0203894355708794,	-0.0445361866075604,	
  -0.0327138313558570,	-0.0788121774366602,	0.0094038486983315,	-0.0620874260786100,	
  -0.0045443849191791,	0.0088458566025656,	0.0118220233406552,	-0.0019149222643980,	
  0.0510892021755202,	0.0117243347714157,	0.0514006741999983,	-0.0200612948092229,	
  0.0184725292464557,	0.0042293709237516,	0.0190942842363214,	0.0259415038252778,	
  -0.0074816897466025,	0.0735119863052597,	0.0061050397317581,	-0.0304422489180350,	
  0.0288421215447784,	-0.0126186222934467,	-0.0040538785678368,	-0.0280440009069786,	
  -0.0098244696326796,	0.0168727316660041,	0.0051057148961572,	0.0090593896916364,	
  -0.0479451791735773,	0.0299298379688721,	-0.0060455974843710,	-0.0272639418031139,	
  -0.0215867125441498,	-0.0543661248521131,	0.0015652633090674,	0.0427487866202210,	
  -0.0058626149403032,	-0.0107907113524714,	0.0358305075745384,	-0.0191440959049602,	
  -0.0333782470111221,	-0.0199486004930361,	0.0250673607996901,	0.0177351884719888,	
};

const PROGMEM tinytype dKinf_drho_data[4*12] = {
  0.0001104849604527,	-0.0000122460389851,	0.0000666282481666,	0.0000651788904623,	0.0000026595418603,	-0.0000809197753109,	0.0001078590094594,	-0.0000442805048035,	-0.0000529895488492,	-0.0000137007031628,	-0.0000579065109620,	-0.0000126841742867,	
  0.0000768905477852,	-0.0000486735100074,	0.0001090847684636,	0.0000584404633533,	-0.0000205842474188,	-0.0000989790583861,	-0.0000859922055989,	0.0000486926969746,	0.0000911081885041,	0.0000624837981309,	-0.0000578622410652,	0.0001167286551684,	
  -0.0000379633089311,	0.0000416392504755,	-0.0000666825855301,	0.0000232832805579,	0.0000329079799496,	-0.0000874420372257,	-0.0000136863336303,	-0.0001138876978418,	-0.0000439648381257,	-0.0000142542596329,	0.0000301752995443,	-0.0000324346596372,	
  0.0001238815023826,	-0.0000910534908729,	-0.0000261304036380,	-0.0000536985289748,	-0.0000795859799553,	0.0000354943533719,	-0.0000326361275863,	-0.0001265961010331,	0.0000400104048302,	0.0000437980729290,	-0.0000402706501591,	-0.0001345229838949,	
};

const PROGMEM tinytype dPinf_drho_data[12*12] = {
  0.0004410409022020,	-0.0001974637151881,	0.0001876692582260,	0.0000847500855971,	-0.0001532201126297,	-0.0001579159028158,	0.0000306624841198,	-0.0001684144749796,	0.0000807767996252,	0.0000884571073044,	-0.0001895876310949,	-0.0001054842978645,	
  -0.0001974637151881,	0.0001446797458597,	-0.0000755151872560,	0.0000150292675060,	0.0000965207592742,	0.0000024905543579,	0.0000543367149707,	0.0000730345662427,	-0.0000929802481199,	-0.0000859534471267,	0.0001025611827760,	0.0000550597490304,	
  0.0001876692582260,	-0.0000755151872560,	0.0002892976851393,	0.0001590484526154,	-0.0000347054635336,	-0.0001791513218933,	-0.0000417173184392,	0.0001869932254280,	0.0001209184667251,	0.0000696758461465,	-0.0001347433689351,	0.0002440287381670,	
  0.0000847500855971,	0.0000150292675060,	0.0001590484526154,	0.0001629005319367,	0.0000213960994361,	-0.0001987235142471,	0.0000229683587599,	0.0000638920505563,	0.0000160653126393,	-0.0000139472198160,	-0.0000417808470774,	0.0001453159894941,	
  -0.0001532201126297,	0.0000965207592742,	-0.0000347054635336,	0.0000213960994361,	0.0000929714220600,	-0.0000139596495578,	0.0000408671592834,	0.0000592068498951,	-0.0000677610998909,	-0.0000430617830794,	0.0000496204417765,	0.0000845486441022,	
  -0.0001579159028158,	0.0000024905543579,	-0.0001791513218933,	-0.0001987235142471,	-0.0000139596495578,	0.0003119193835848,	0.0000073647937395,	0.0000136049543383,	-0.0000262335940916,	-0.0000244167866779,	0.0000810968715127,	-0.0001559794390934,	
  0.0000306624841198,	0.0000543367149707,	-0.0000417173184392,	0.0000229683587599,	0.0000408671592834,	0.0000073647937395,	0.0002455445515419,	-0.0001050064204708,	-0.0001803274622327,	-0.0000977754415555,	-0.0000034192671387,	-0.0001394062144385,	
  -0.0001684144749796,	0.0000730345662427,	0.0001869932254280,	0.0000638920505563,	0.0000592068498951,	0.0000136049543383,	-0.0001050064204708,	0.0004670513915517,	0.0001131624948872,	0.0000173922222574,	0.0000140302413160,	0.0003933670281656,	
  0.0000807767996252,	-0.0000929802481199,	0.0001209184667251,	0.0000160653126393,	-0.0000677610998909,	-0.0000262335940916,	-0.0001803274622327,	0.0001131624948872,	0.0001886908757984,	0.0000930705956766,	-0.0000422089031339,	0.0001333106325553,	
  0.0000884571073044,	-0.0000859534471267,	0.0000696758461465,	-0.0000139472198160,	-0.0000430617830794,	-0.0000244167866779,	-0.0000977754415555,	0.0000173922222574,	0.0000930705956766,	0.0001002350146708,	-0.0000835311156508,	0.0000636314442222,	
  -0.0001895876310949,	0.0001025611827760,	-0.0001347433689351,	-0.0000417808470774,	0.0000496204417765,	0.0000810968715127,	-0.0000034192671387,	0.0000140302413160,	-0.0000422089031339,	-0.0000835311156508,	0.0001432567584367,	-0.0000376942198000,	
  -0.0001054842978645,	0.0000550597490304,	0.0002440287381670,	0.0001453159894941,	0.0000845486441022,	-0.0001559794390934,	-0.0001394062144385,	0.0003933670281656,	0.0001333106325553,	0.0000636314442222,	-0.0000376942198000,	0.0004732805329722,	
};

const PROGMEM tinytype dC1_drho_data[4*4] = {
  -0.0000858408243124,	0.0000003770990490,	0.0000089249057338,	0.0000113436079827,	
  0.0000003770990490,	-0.0000744112173167,	-0.0000060727150435,	-0.0000075180077695,	
  0.0000089249057338,	-0.0000060727150435,	-0.0001096906860303,	0.0000049052778193,	
  0.0000113436079827,	-0.0000075180077695,	0.0000049052778193,	-0.0000907875949610,	
};

const PROGMEM tinytype dC2_drho_data[12*12] = {
  0.0001541206086654,	-0.0000482864098736,	-0.0000694056145586,	-0.0000207008302505,	-0.0000462715199836,	-0.0000153805718718,	0.0001185265064986,	-0.0002528440487646,	-0.0000917453845400,	-0.0000182845701608,	-0.0000397907795012,	-0.0002379815208457,	
  0.0002186160440325,	-0.0001229790254316,	0.0001245056655884,	0.0000466398204370,	-0.0000794103553902,	-0.0001021820259850,	-0.0000595077057860,	-0.0000543725811696,	0.0000990394276685,	0.0000887065819171,	-0.0001149654802709,	0.0000153432264214,	
  0.0000606190376207,	-0.0000367288056313,	0.0000257978985186,	-0.0000369459678030,	-0.0000348013356010,	0.0001048130399459,	0.0000841261878803,	0.0000384016611250,	-0.0000142554085333,	-0.0000129336310664,	-0.0000276933183004,	-0.0000578543433248,	
  -0.0000571787220010,	-0.0000293155609680,	-0.0000284660278886,	-0.0000897569387659,	-0.0000373545916787,	0.0001498841713624,	-0.0000819838741563,	0.0000912661420298,	0.0000748178006840,	0.0000230769215786,	0.0000290409144981,	-0.0000026307286967,	
  -0.0001490803374571,	0.0000619039110491,	-0.0000085052564278,	-0.0000220004271846,	0.0000437115805407,	0.0000842062729473,	-0.0000134133863318,	0.0001627743513633,	0.0000043956490874,	-0.0000295280750471,	0.0000589020963013,	0.0000961283424892,	
  -0.0000059723847799,	0.0000056262976769,	-0.0001023516195578,	-0.0000692860898682,	-0.0000139084381679,	0.0001003720637841,	0.0000826288770850,	-0.0000993373210034,	-0.0000750699719003,	-0.0000423876811504,	0.0000293948171609,	-0.0001655712683657,	
  0.0000173287800079,	-0.0000472319208149,	-0.0000273985275030,	-0.0000459135803984,	-0.0000434213980735,	0.0000306963081888,	-0.0000968286983887,	-0.0000352573987942,	0.0000676075138693,	0.0000433652619610,	-0.0000004053503178,	-0.0000335517774341,	
  -0.0000707014507286,	0.0000780899296460,	-0.0000475494080266,	0.0000022266634244,	0.0000550820454200,	0.0000428087490480,	0.0001510342900121,	0.0000054658867108,	-0.0001254937137582,	-0.0000841675314137,	0.0000403603408888,	-0.0000462572267637,	
  0.0001131452107845,	-0.0000183622571543,	-0.0000326974452726,	0.0000045146773763,	-0.0000176331509845,	-0.0000190268547246,	0.0001372894853228,	-0.0001646587396780,	-0.0000974914312344,	-0.0000329159378676,	-0.0000333402083695,	-0.0001612302474209,	
  0.0000274127486833,	0.0000016534849311,	0.0001200539828187,	0.0000863721093028,	0.0000220472566735,	-0.0001066658147995,	-0.0000223064382541,	0.0001010956442926,	0.0000412000880743,	0.0000241198841936,	-0.0000413673134161,	0.0001582551156557,	
  0.0000976940013311,	-0.0000723902372489,	0.0000773381154358,	-0.0000101677372084,	-0.0000532973714673,	0.0000381850454399,	-0.0000125217806299,	0.0000527991469972,	0.0000635417376649,	0.0000394001969377,	-0.0000560127205156,	0.0000136132186101,	
  0.0001170324156388,	-0.0000238122450131,	0.0001896104552973,	0.0001127894162020,	0.0000084753051672,	-0.0001052204241133,	0.0000711777217785,	0.0001243226876934,	0.0000166257604781,	0.0000148276915993,	-0.0000916376938023,	0.0001522098636350,	
};

