#pragma once

typedef float tinytype;

const PROGMEM tinytype Adyn_data[12*12] = {
  0.0526047584531562,	0.0611193121570639,	0.1270097282604588,	0.0340987903022798,	0.0691367476405418,	0.1336430324142334,	-0.0556476892584509,	0.0872635675779068,	-0.0487824131976501,	0.0102012887770611,	-0.0633753297154324,	-0.0761154219680340,	
  0.0488207734930497,	-0.0261216655907627,	-0.0771911978911909,	-0.0267957114352465,	-0.1463633644989353,	0.1535467198499973,	-0.1339238209800898,	-0.0152330528880153,	-0.1461355156909896,	0.0126646034571809,	0.0998490457222617,	0.0943960674123652,	
  0.0254436645409390,	0.0975166407143942,	0.0284400044512446,	-0.1484314287954531,	0.1425548658969404,	0.0723193851892789,	0.0301545060731025,	-0.0168865648558369,	-0.1468081786260798,	0.1015338242340033,	-0.0300643860802495,	0.0143736400232594,	
  -0.0414716180155553,	-0.0880409243654102,	0.1189233208692000,	0.0007064491295774,	-0.1550212286604874,	-0.0922675682505728,	0.0217627292935263,	-0.1339281297231245,	-0.1350405527116219,	0.1413037091016543,	0.0640081224633560,	-0.0414072672606453,	
  0.0833139712660525,	-0.1216443815247913,	-0.0899896090839653,	0.0047828623052674,	-0.0702337842334613,	0.0262836728118939,	0.1102947868319152,	-0.0474090392275070,	-0.0282224443948586,	0.1006054387753147,	-0.0027076632105987,	0.0265622524516615,	
  0.0676893859739334,	-0.0998014765981543,	0.1446419185033625,	-0.1066462856805743,	0.0096547752102398,	-0.1466883566782430,	-0.0526970281337709,	0.0442681000443037,	0.0099311537738005,	0.0765520372985222,	-0.0388209827345781,	-0.0231581050113732,	
  0.0426871773881328,	-0.0104986756478406,	0.0711381324551636,	-0.1041717119417455,	0.0599172126211366,	-0.0485695258197301,	0.1287683059842623,	-0.0808574976362364,	0.1390639565718380,	-0.1538298411507362,	0.0941808356069683,	-0.1033938157892187,	
  -0.1416169125718952,	0.0897413849786077,	-0.0797615394050973,	0.0594816693474778,	0.0235060177308156,	0.0571115097133311,	0.0246739549983145,	0.0959517986263561,	-0.0845306207367929,	-0.0677481349613999,	0.1322536843532945,	0.1505079433775076,	
  0.1321234765738755,	0.1346944071557190,	-0.0744526606820688,	-0.1416860869870917,	0.0924022808860448,	0.1128290825691365,	-0.0423342374434827,	0.0012860310597519,	-0.0019430777865941,	-0.1223288123609456,	0.0130520322204078,	0.0535350053279659,	
  0.0825086944625642,	0.0750458970039834,	0.0774182201953371,	0.1283857080292249,	-0.0501931668605754,	-0.0163695780550976,	-0.1274805536850505,	-0.0060042226507454,	0.0339629557536636,	0.0231976099665862,	0.0081232614979954,	-0.0993930631917393,	
  -0.1543785938551522,	-0.0197278149245870,	-0.1344555274397842,	-0.0289051726049617,	-0.1111162537516439,	-0.0543041129813845,	-0.0351252592820282,	-0.1118373919513012,	-0.0022453925267145,	-0.0069875959995609,	-0.1278735076884847,	0.0077661189383078,	
  -0.0841755017693658,	-0.0484519244111294,	0.0490408579369200,	-0.0166723589994310,	-0.0351338252163822,	0.1138833977237600,	-0.0071305557654028,	-0.0638938786461392,	0.1238487272754268,	-0.0091903348231719,	0.1491403765338486,	0.1140050680845881,	
};

const PROGMEM tinytype Bdyn_data[12*4] = {
  0.6662436088773334,	-0.4993901246965833,	0.2856318146350578,	-0.6137623127606653,	
  -0.5431231860459544,	0.2361104724196583,	-0.3780812091192363,	0.6436197932435903,	
  -0.4955986931922791,	-0.4645772576149827,	-0.0057346558566287,	0.4951545504262300,	
  -0.1569193759885879,	0.0895949321096163,	0.8613460296903028,	-0.6177549015894774,	
  0.0079650787896874,	-0.9695644169306596,	0.9495396030402672,	-0.9984942919108091,	
  -0.5746596822725034,	-0.7639657787911924,	0.7369065948302127,	-0.4053312063143224,	
  0.0526096518301733,	-0.7437425233313324,	0.1975114701997960,	-0.3949771081914153,	
  -0.4214281536565383,	0.0802772372644291,	-0.7558842587977737,	-0.3311265213446204,	
  -0.7242658667599406,	-0.9432898868060098,	-0.0369513848139376,	0.8785008910442966,	
  -0.8786773381069655,	-0.6698202810424547,	-0.2657663987761076,	-0.2678010944189435,	
  0.2507058362644126,	-0.8981871362736207,	0.2185891169653182,	-0.9718020498968900,	
  -0.8418704327728381,	0.3692824538295740,	0.5323228457474298,	-0.7871678556463622,	
};

const PROGMEM tinytype Q_data[12] = {
  6.3213050443725267,5.5546733542347138,5.4053317951148179,6.0576097975227317,7.8150403533598389,2.4049538594620188,2.8521558367798088,6.6660865813340084,6.7582350201072119,0.6193996103437627,
  5.3589301760283590,3.5077081777907639,
};

const PROGMEM tinytype Qf_data[12] = {
  56.8917453993527431,49.9920601881124256,48.6479861560333617,54.5184881777045831,70.3353631802385451,21.6445847351581691,25.6694025310182781,59.9947792320060742,60.8241151809649097,5.5745964930938641,
  48.2303715842552307,31.5693736001168759,
};

const PROGMEM tinytype R_data[4] = {
  0.1000000000000000,0.1000000000000000,0.1000000000000000,0.1000000000000000,
};

const PROGMEM tinytype umin[4] = {
  -3.0,	
  -3.0,	
  -3.0,	
  -3.0,	
};

const PROGMEM tinytype umax[4] = {
  3.0,	
  3.0,	
  3.0,	
  3.0,	
};

const PROGMEM tinytype xmin[12] = {
  -10000.0,	
  -10000.0,	
  -10000.0,	
  -10000.0,	
  -10000.0,	
  -10000.0,	
  -10000.0,	
  -10000.0,	
  -10000.0,	
  -10000.0,	
  -10000.0,	
  -10000.0,	
};

const PROGMEM tinytype xmax[12] = {
  10000.0,	
  10000.0,	
  10000.0,	
  10000.0,	
  10000.0,	
  10000.0,	
  10000.0,	
  10000.0,	
  10000.0,	
  10000.0,	
  10000.0,	
  10000.0,	
};

const PROGMEM tinytype rho_value = 85.0;

const PROGMEM tinytype Kinf_data[4*12] = {
  -0.0010911483421048,	-0.0032172954178359,	0.0058268547741500,	0.0113309988614969,	0.0018564620358970,	-0.0082088490315248,	0.0029534174135313,	0.0036822150694979,	0.0065057668106744,	0.0009720162603554,	-0.0162048211309278,	-0.0162846214300343,	
  -0.0139318457652828,	-0.0054334216471992,	0.0091789309321261,	0.0163654047797944,	-0.0083224032544335,	-0.0074709973642074,	-0.0044728464852549,	0.0033801307743284,	0.0037936352193856,	0.0023012551972407,	0.0105145848658831,	0.0017290418774422,	
  0.0091485211453535,	-0.0177131156438852,	0.0097303607533332,	-0.0051571244909805,	-0.0102264105433785,	-0.0070752563070522,	0.0070061273997534,	-0.0135503005626898,	0.0003518698854668,	0.0163720744234290,	-0.0038398265485122,	-0.0082024142662640,	
  0.0169762625106790,	0.0177031548346876,	-0.0030546392341816,	-0.0123328174429781,	0.0164062444274707,	0.0090589212659067,	-0.0090912997155982,	0.0071414572088557,	-0.0034151955786878,	-0.0107820137319484,	-0.0004000352083345,	0.0008536164706782,	
};

const PROGMEM tinytype Pinf_data[12*12] = {
  6.8371100537972360,	0.0177093352992413,	0.0886655437099988,	-0.1495331062331778,	0.1668105474217437,	0.1680808937689905,	-0.0010931489373897,	0.0693421604601042,	-0.0006250364527159,	0.0137109491236216,	-0.0548072525974158,	-0.1339006159875871,	
  0.0177093352992412,	5.9677773771432792,	-0.0097746303328774,	-0.0946292672390073,	0.3572354658196532,	0.2182721675497693,	-0.0742994315837151,	0.1778639343444315,	-0.0520025909575972,	-0.2229765983010545,	-0.0301908994747514,	0.0346391481518031,	
  0.0886655437099988,	-0.0097746303328774,	5.9692376910911271,	0.0218148142417540,	0.1332190966004765,	-0.1248947116238501,	-0.0351120663942768,	0.0469039896335281,	0.0295421066678761,	0.1353071501315191,	-0.0123532281241970,	-0.2907150358255875,	
  -0.1495331062331778,	-0.0946292672390072,	0.0218148142417540,	6.3971983278778932,	-0.1471638707059739,	-0.0707373454800318,	-0.0068578638801019,	0.0997033035956855,	0.0438257006102451,	0.0406260791478349,	0.0302590086070188,	-0.0153542247091554,	
  0.1668105474217437,	0.3572354658196531,	0.1332190966004766,	-0.1471638707059739,	8.3954774281492455,	0.1334785126763741,	0.0832748998818691,	0.2509698480276904,	0.1232587429217288,	-0.1884831544318869,	-0.1074863644805157,	-0.0842677957924542,	
  0.1680808937689906,	0.2182721675497693,	-0.1248947116238501,	-0.0707373454800318,	0.1334785126763741,	2.9739974456635130,	-0.1277427577594487,	0.1628315116942316,	-0.1760346285693865,	-0.0990533009060539,	0.1336749971629488,	0.2143232932422262,	
  -0.0010931489373897,	-0.0742994315837152,	-0.0351120663942768,	-0.0068578638801019,	0.0832748998818691,	-0.1277427577594487,	3.1576111438196177,	-0.0632058355345958,	0.0852117240474695,	0.0248685535422254,	0.0493617143222705,	-0.0286595124395204,	
  0.0693421604601042,	0.1778639343444315,	0.0469039896335281,	0.0997033035956855,	0.2509698480276904,	0.1628315116942316,	-0.0632058355345958,	7.0042323155406025,	-0.0082207218649160,	-0.1058677039546747,	-0.0025716577133442,	0.0519767895627186,	
  -0.0006250364527159,	-0.0520025909575972,	0.0295421066678762,	0.0438257006102452,	0.1232587429217288,	-0.1760346285693864,	0.0852117240474695,	-0.0082207218649160,	7.3441010024073989,	-0.2938399009614863,	-0.0555542266080925,	-0.1259249523278046,	
  0.0137109491236216,	-0.2229765983010544,	0.1353071501315191,	0.0406260791478349,	-0.1884831544318869,	-0.0990533009060539,	0.0248685535422254,	-0.1058677039546747,	-0.2938399009614863,	1.0781716961370600,	-0.0721722214331570,	-0.0569699454254889,	
  -0.0548072525974158,	-0.0301908994747514,	-0.0123532281241970,	0.0302590086070188,	-0.1074863644805158,	0.1336749971629488,	0.0493617143222705,	-0.0025716577133442,	-0.0555542266080926,	-0.0721722214331570,	5.7693340414836376,	0.2196510938798085,	
  -0.1339006159875871,	0.0346391481518031,	-0.2907150358255874,	-0.0153542247091555,	-0.0842677957924543,	0.2143232932422262,	-0.0286595124395204,	0.0519767895627186,	-0.1259249523278046,	-0.0569699454254889,	0.2196510938798085,	3.8796395973289108,	
};

const PROGMEM tinytype Quu_inv_data[4*4] = {
  0.0099806131319168,	-0.0002062498681310,	-0.0000791424434987,	0.0005681304473834,	
  -0.0002062498681310,	0.0090693080714812,	0.0008611503711517,	-0.0005762969596926,	
  -0.0000791424434987,	0.0008611503711517,	0.0097954965617819,	0.0012687315367537,	
  0.0005681304473834,	-0.0005762969596926,	0.0012687315367537,	0.0087372639657309,	
};

const PROGMEM tinytype AmBKt_data[12*12] = {
  0.0541805843130545,	0.0764743761718451,	0.1230573679300517,	0.0286259265323031,	0.0767342883992247,	0.1429621260776774,	-0.0674301501207851,	0.0947518734817848,	-0.0534189583616526,	-0.0005910657354590,	-0.0464768412663629,	-0.0615356424879898,	
  0.0440502255834718,	-0.0446772626109433,	-0.0705488468491949,	-0.0185177931367712,	-0.1578158676686572,	0.1423467618357627,	-0.1227634400462240,	-0.0237507380146226,	-0.1411666770329497,	0.0257786687163212,	0.0873709323541559,	0.0814926838833633,	
  0.0100770641383357,	0.0845305328857175,	0.0371604274100157,	-0.1291357293524750,	0.1314262552463993,	0.0602540946227453,	0.0340820092828398,	-0.0171051633379434,	-0.1401284249657998,	0.1085173164256131,	-0.0330345780842673,	0.0066365663543414,	
  -0.0377874905464536,	-0.0618656408051127,	0.1087470556287920,	-0.0021583446508244,	-0.1350407526104309,	-0.0811958952722992,	0.0109760271078628,	-0.1175699936333654,	-0.1367723978707287,	0.1204873933491854,	0.0635835141677680,	-0.0365251105623202,	
  0.0780786585105122,	-0.0923910039562538,	-0.0934258583504197,	0.0131425702717285,	-0.0522257539382845,	0.0348689609779682,	0.0902043435329346,	-0.0241638625609545,	-0.0283402573030086,	0.0765171995271145,	0.0108626113157722,	0.0370092265839762,	
  0.0565582970114817,	-0.0855727219232658,	0.1465942585197016,	-0.0888307649908203,	0.0185494500259829,	-0.1482275710568183,	-0.0632647688356015,	0.0618463861375115,	0.0149243825641577,	0.0624337198266748,	-0.0374330103281890,	-0.0248048810036929,	
  0.0372811734111652,	-0.0038795971671719,	0.0745299744779237,	-0.0964487737297372,	0.0621297439646921,	-0.0487186487615247,	0.1203116357965093,	-0.0730402187953051,	0.1401247558637287,	-0.1596617583344587,	0.1034539145217161,	-0.0992938956907135,	
  -0.1284218292393973,	0.0812946249773892,	-0.0716992435099837,	0.0549611896326626,	0.0226590425314581,	0.0519033948667927,	0.0285631269716983,	0.0893545071498893,	-0.0829583389203648,	-0.0587180557125635,	0.1215455079682523,	0.1375889219547079,	
  0.1036158146422719,	0.1110321767617622,	-0.0585310223449971,	-0.1073982822320037,	0.0711056337682748,	0.0916166662297483,	-0.0361687678648368,	0.0003668980323932,	0.0093605792266646,	-0.1093770839141266,	0.0114432793448356,	0.0423186041938829,	
  0.0791957254943327,	0.0686128896992037,	0.0904543467406859,	0.1446305475634069,	-0.0524606763169484,	-0.0280411095850789,	-0.1284541227887520,	-0.0021933880965231,	0.0413994015047040,	0.0270568382123514,	-0.0002002921482383,	-0.1144951703614322,	
  -0.1521206416997172,	-0.0027255931505209,	-0.1327674118850473,	-0.0279044900806488,	-0.1008777511487331,	-0.0486064080633085,	-0.0502495583416120,	-0.0998225237897508,	-0.0038648408734777,	-0.0192210686713633,	-0.1139162103264979,	0.0160242764720481,	
  -0.0714561197588283,	-0.0257895524623297,	0.0429724894070830,	-0.0201393251949054,	-0.0121393870158238,	0.1206287308753475,	-0.0138783178209080,	-0.0492074935250780,	0.1250491765140463,	-0.0264243201163253,	0.1333442975934282,	0.1046952939174524,	
};

const PROGMEM tinytype coeff_d2p_data[12*4] = {
  0.0430536437377824,	-0.0309223643939600,	0.0103376704485196,	-0.0290710427194284,	
  -0.0302297693713809,	0.0078470259238465,	-0.0130714943332040,	0.0249918749385805,	
  -0.0250333595329578,	-0.0288798920810367,	-0.0004057782412914,	0.0264074345596787,	
  -0.0138011199108508,	0.0134531947043831,	0.0470859566985582,	-0.0272308325168263,	
  -0.0045730087748114,	-0.0639201441788251,	0.0578300148234657,	-0.0549406282735176,	
  -0.0172034685048296,	-0.0156004530701801,	0.0181707048292896,	-0.0121684015212710,	
  0.0025098278020565,	-0.0213323802678101,	0.0027224459581298,	-0.0087056748123845,	
  -0.0319134729627632,	0.0009995280830672,	-0.0503142560655047,	-0.0307740747071158,	
  -0.0432873177256853,	-0.0646087975993205,	0.0008383938072041,	0.0581772476159720,	
  -0.0055300100799946,	-0.0026531913920282,	-0.0041598862186804,	-0.0031283447168431,	
  0.0103320677070296,	-0.0411005587072608,	0.0022491493713754,	-0.0451248911473995,	
  -0.0341418713596133,	0.0184346381031218,	0.0178671122638398,	-0.0297462961909916,	
};

const PROGMEM tinytype dKinf_drho_data[4*12] = {
  0.0000005634339064,	0.0000199911777601,	-0.0000529890974228,	-0.0001028908279685,	-0.0000292358597031,	0.0000752344700858,	-0.0000246986071980,	-0.0000402225611829,	-0.0000619418704813,	-0.0000019922825235,	0.0001632624612210,	0.0001607372721489,	
  0.0001269400212099,	0.0000734445164732,	-0.0000928582740469,	-0.0001488582810640,	0.0000930654254862,	0.0000769471100028,	0.0000299836171160,	-0.0000147787396794,	-0.0000353994041115,	-0.0000409373966392,	-0.0000949504147787,	-0.0000105413374720,	
  -0.0000995619895720,	0.0001549526961237,	-0.0000993990608317,	0.0000529018500196,	0.0000861365883784,	0.0000639884049744,	-0.0000532193217724,	0.0001212078885911,	-0.0000020441672835,	-0.0001485349297678,	0.0000280522324155,	0.0000772987958010,	
  -0.0001661234105561,	-0.0001322794503167,	0.0000171923715078,	0.0001172518888673,	-0.0001350092389723,	-0.0000704717313829,	0.0000671853013247,	-0.0000456565404003,	0.0000274177299725,	0.0000742165148660,	0.0000233881615462,	0.0000115504751102,	
};

const PROGMEM tinytype dPinf_drho_data[12*12] = {
  0.0006142543394891,	0.0002325884821783,	-0.0000756073001371,	-0.0004918637652194,	0.0003326403174050,	0.0002173731770823,	-0.0000262295423243,	-0.0000261914789901,	-0.0001168823919499,	-0.0000697108069853,	-0.0001819965112986,	-0.0000953503540814,	
  0.0002325884821783,	0.0006961996889168,	-0.0002673215561728,	-0.0002497987666141,	0.0005401213990177,	0.0003321172810720,	-0.0002603628935007,	0.0003278010989620,	-0.0000992975202789,	-0.0004992321399921,	0.0000400273577124,	0.0001608778606347,	
  -0.0000756073001371,	-0.0002673215561728,	0.0002626641776376,	0.0002117627443273,	-0.0001782058178506,	-0.0002368690179125,	0.0000792664063485,	-0.0001016462915961,	0.0001146393428816,	0.0002093684540059,	-0.0000531646130676,	-0.0002143193603882,	
  -0.0004918637652194,	-0.0002497987666141,	0.0002117627443273,	0.0005781484167081,	-0.0002583143730358,	-0.0002920645047577,	0.0000352803641978,	0.0000830031768040,	0.0001830614379636,	0.0000952453665793,	0.0000095903902993,	-0.0001326356680032,	
  0.0003326403174050,	0.0005401213990177,	-0.0001782058178506,	-0.0002583143730358,	0.0004885678164435,	0.0002575008712616,	-0.0001713919712268,	0.0002437465476386,	-0.0000612464134666,	-0.0003693905385956,	-0.0001060144117373,	0.0000027650399240,	
  0.0002173731770823,	0.0003321172810720,	-0.0002368690179125,	-0.0002920645047577,	0.0002575008712616,	0.0003024011166136,	-0.0001357519624174,	0.0001387566054133,	-0.0001415548304086,	-0.0002310154201709,	0.0000837227962598,	0.0002233840398616,	
  -0.0000262295423243,	-0.0002603628935007,	0.0000792664063485,	0.0000352803641978,	-0.0001713919712268,	-0.0001357519624174,	0.0001722524378400,	-0.0001731612353401,	0.0000310351672655,	0.0002052878405044,	-0.0001154544119766,	-0.0001345648828396,	
  -0.0000261914789901,	0.0003278010989620,	-0.0001016462915961,	0.0000830031768040,	0.0002437465476386,	0.0001387566054133,	-0.0001731612353401,	0.0002960991286357,	-0.0000003680699983,	-0.0002866606557223,	0.0000230234243883,	0.0000727765399908,	
  -0.0001168823919499,	-0.0000992975202789,	0.0001146393428816,	0.0001830614379636,	-0.0000612464134666,	-0.0001415548304086,	0.0000310351672655,	-0.0000003680699983,	0.0001245962115178,	0.0000383270871697,	-0.0000826641518457,	-0.0001404959485815,	
  -0.0000697108069853,	-0.0004992321399921,	0.0002093684540059,	0.0000952453665793,	-0.0003693905385956,	-0.0002310154201709,	0.0002052878405044,	-0.0002866606557223,	0.0000383270871697,	0.0003986216991369,	-0.0000453484506578,	-0.0001426840006856,	
  -0.0001819965112986,	0.0000400273577124,	-0.0000531646130676,	0.0000095903902993,	-0.0001060144117373,	0.0000837227962598,	-0.0001154544119766,	0.0000230234243883,	-0.0000826641518457,	-0.0000453484506578,	0.0004060006556254,	0.0003409123545114,	
  -0.0000953503540814,	0.0001608778606347,	-0.0002143193603882,	-0.0001326356680032,	0.0000027650399240,	0.0002233840398616,	-0.0001345648828396,	0.0000727765399908,	-0.0001404959485815,	-0.0001426840006856,	0.0003409123545114,	0.0004129565036726,	
};

const PROGMEM tinytype dC1_drho_data[4*4] = {
  -0.0001000381452351,	0.0000043646221868,	0.0000010320373898,	-0.0000106781735310,	
  0.0000043646221868,	-0.0000834146637051,	-0.0000155399595511,	0.0000093066898863,	
  0.0000010320373898,	-0.0000155399595511,	-0.0000983195704570,	-0.0000229465861076,	
  -0.0000106781735310,	0.0000093066898863,	-0.0000229465861076,	-0.0000787040898084,	
};

const PROGMEM tinytype dC2_drho_data[12*12] = {
  -0.0000105050081347,	-0.0001020890893102,	0.0000278747062596,	0.0000510663400715,	-0.0000415127736849,	-0.0000732278750689,	0.0000878657488603,	-0.0000432254253257,	0.0000410021110658,	0.0000688612152214,	-0.0001498477087620,	-0.0001273441691088,	
  0.0000396119433969,	0.0001372390278467,	-0.0000555010641645,	-0.0000761998362857,	0.0000816088491106,	0.0000922433813039,	-0.0000838568475062,	0.0000568554877929,	-0.0000437033509516,	-0.0000953417905679,	0.0001066433536413,	0.0001115801673139,	
  0.0001409384929656,	0.0001104156257618,	-0.0000784840701308,	-0.0001779031642873,	0.0000960912290057,	0.0001082953323560,	-0.0000318831930058,	-0.0000034979858462,	-0.0000607318045019,	-0.0000576063978372,	0.0000253809744044,	0.0000694879280516,	
  -0.0000281509955992,	-0.0002186274217365,	0.0000962422728284,	0.0000240575136569,	-0.0001705218908851,	-0.0000937387410543,	0.0000807822305504,	-0.0001375940842502,	0.0000121498999992,	0.0001771427434054,	0.0000244115919223,	-0.0000332784053891,	
  0.0000517368147171,	-0.0002081640391605,	0.0000219398135821,	-0.0000766652188516,	-0.0001261302654812,	-0.0000571192148231,	0.0001468857681418,	-0.0001746880496475,	-0.0000045111660627,	0.0001754689902927,	-0.0000966447017393,	-0.0000733659751708,	
  0.0001033344992253,	-0.0001002054317424,	-0.0000211748134090,	-0.0001643077157326,	-0.0000638999473163,	0.0000263013059836,	0.0000751631320551,	-0.0001422296486431,	-0.0000500198070246,	0.0001071189842606,	0.0000100895631857,	0.0000320357842629,	
  0.0000484307402568,	-0.0000292802084770,	-0.0000398518612632,	-0.0000694360931203,	0.0000004162797889,	0.0000127976138666,	0.0000606475586944,	-0.0000508487187740,	-0.0000118361797154,	0.0000283091073912,	-0.0000755106915740,	-0.0000270015984007,	
  -0.0001402181550335,	0.0000758539918876,	-0.0000843180270441,	0.0000474017256616,	0.0000006123019933,	0.0000505615912129,	-0.0000307965028532,	0.0000607365203258,	-0.0000157286980710,	-0.0000852534217416,	0.0001053744360498,	0.0001308390528879,	
  0.0002624099249921,	0.0002056917289911,	-0.0001447469120242,	-0.0003159879180244,	0.0001884017423642,	0.0001913471283606,	-0.0000505939900718,	0.0000015156469398,	-0.0001024163174334,	-0.0001107466202587,	0.0000091697100535,	0.0000991821775758,	
  0.0000145738147084,	0.0000725170599905,	-0.0001305714688249,	-0.0001446564161631,	0.0000233848110160,	0.0001157811199198,	0.0000022299181465,	-0.0000252556399900,	-0.0000713389295669,	-0.0000487716014982,	0.0000935740273715,	0.0001578120492636,	
  -0.0000258012655701,	-0.0001014653990063,	-0.0000316842964550,	-0.0000055254048358,	-0.0000591110073210,	-0.0000322205583179,	0.0001100469622667,	-0.0000740538879209,	0.0000108253379463,	0.0000683219142217,	-0.0001096173423878,	-0.0000554377660767,	
  -0.0001241702714178,	-0.0001969027811997,	0.0000561266500586,	0.0000324860600165,	-0.0002111076415339,	-0.0000546131132136,	0.0000493505195554,	-0.0001288657449219,	-0.0000164041378397,	0.0001509296099016,	0.0001759869258281,	0.0001071569356056,	
};

