#pragma once

typedef float tinytype;

const PROGMEM tinytype Adyn_data[12*12] = {
  -0.1429326299777803,	-0.0543050839903957,	0.1120594233363125,	-0.0478441153434984,	0.0319272418680156,	0.1169374638220882,	-0.0422109335041175,	-0.0195205422151791,	0.1372728581132662,	0.0551730703946152,	-0.0416107350793932,	0.1051599809780968,	
  0.1054892221342855,	-0.0981525242067445,	0.1141687401039906,	-0.0777426982610318,	-0.1200412761488591,	0.0611259763479828,	0.0682640939399703,	0.0405098334215321,	0.0805816757566716,	0.1212345420406354,	-0.0746254786581715,	-0.1218669207620295,	
  -0.0108534655763517,	0.1352503313812013,	0.0599510607462252,	0.0336198851873113,	0.0961873298715099,	0.0077782027896610,	0.0196403249853592,	0.0176726324806511,	-0.0799773528938669,	-0.0524233875783750,	-0.0175297386883876,	0.0144308485938010,	
  -0.1093880804589814,	0.0428751174155059,	0.0247835521449142,	0.0995085000967171,	-0.1232367793087142,	-0.0042674346563176,	0.1408652225533946,	-0.0590073394195741,	-0.1295156838606386,	-0.1382756576780970,	0.0928575790984263,	0.0363636702003571,	
  0.1034793884390581,	0.1437773210812431,	-0.0032978203544792,	0.1133677020418998,	-0.0566410413513984,	0.0214631575524472,	0.1261011176780708,	-0.1269806050572115,	0.0780948450020623,	0.0362599040121305,	-0.1201423906351330,	0.0177773943058751,	
  -0.1123767953978746,	0.0815719805354814,	-0.1015059989577590,	0.0166268482945578,	-0.0992734756153574,	-0.0766952033582447,	-0.0377307210554409,	-0.1096491745508303,	-0.0279285449935769,	0.1195690955030518,	-0.0251301977247763,	-0.0028644281506051,	
  -0.0072036287507338,	0.1009015808204709,	0.0403216421599866,	-0.0008052856333471,	-0.1188557562264219,	-0.0628993378516970,	0.0390415722293517,	-0.0318082932439454,	-0.0045747600635309,	0.0419262925585046,	-0.0717906772643096,	-0.0053505251720997,	
  -0.0802396853025919,	-0.0060448679524389,	-0.0692730137185578,	-0.0447343062581783,	-0.0777917016705138,	0.1246484001086729,	-0.0116151650491962,	-0.0619409662851557,	-0.0619189073825351,	-0.1232161238970605,	-0.1044986913841061,	0.0933296128806454,	
  0.1048328359667220,	-0.0302122819340502,	0.1288530170184085,	0.0752948132639159,	0.0171564645375861,	0.0123197663969236,	-0.1233705383121975,	-0.1254358411990772,	0.0807627205451028,	-0.0616192119625971,	0.0059794666266693,	0.1411693424852579,	
  -0.0246016704587862,	-0.0580261740627926,	-0.0408080828786799,	0.1093063527858100,	0.0030883068570524,	-0.0711652432984193,	0.1317229966180085,	-0.1234012702649633,	-0.0863616224206701,	0.0308787396102705,	-0.1213149328872414,	0.0121330496387266,	
  -0.0368744519208788,	0.1290597838239732,	-0.0335830729516563,	0.1353017773933547,	-0.0217912683769227,	0.0151130406674968,	0.0312986291534798,	0.0309547249706588,	-0.0412016193490857,	-0.1306397764235945,	-0.1273931765494674,	0.0430726517675785,	
  -0.1188644794106869,	0.0696156801320428,	-0.0248250117387211,	-0.0786960465266704,	-0.0613638624383946,	-0.1318079609958538,	-0.1398089493244696,	0.1198138579767349,	-0.0811964213207015,	0.0193172111935775,	0.0498416615765730,	0.0084690516385046,	
};

const PROGMEM tinytype Bdyn_data[12*4] = {
  0.2624000200337304,	-0.1930214404188046,	0.0152103797101766,	0.5914259054775952,	
  0.7732326320882490,	0.6358309816543299,	0.8528216054019362,	-0.2413837458576407,	
  -0.5514756766188365,	0.2872930933855840,	-0.8085281240675661,	0.4969924611148699,	
  0.7677171027023459,	0.6323504178102362,	-0.6308906003513972,	0.2880059106654183,	
  0.8969840926839716,	0.0985863608898752,	-0.8886194382551091,	0.6045382554509222,	
  -0.7047226449477868,	0.4875595231726886,	0.4825476972523590,	-0.6523436421091968,	
  -0.9108044065911165,	-0.5528822423121253,	0.6131719093145573,	0.5185322082820907,	
  0.3889100075200018,	-0.2026407441117828,	0.5483858688028309,	-0.0749448309802794,	
  -0.7923707478315591,	0.1502066511438849,	-0.3779337767360027,	0.8048972771455116,	
  0.8266930565058770,	0.2683603121998848,	-0.4498793813787019,	0.5191091477667522,	
  0.6579407692811041,	0.1522725768947437,	0.6342186401872476,	0.7333646925817203,	
  -0.3785699727388609,	0.2248536126414900,	0.5611547986074648,	0.0471669167711823,	
};

const PROGMEM tinytype Q_data[12] = {
  7.9618625908702505,6.3941101660180264,5.6728438674707355,9.1160565138376715,0.6202169903551611,8.3315980583138494,7.3162876226999369,1.4188872364357956,2.5145377131575808,5.0797152309481577,
  1.9395253164468307,6.2575854348197089,
};

const PROGMEM tinytype Qf_data[12] = {
  71.6567633178322581,57.5469914941622349,51.0555948072366164,82.0445086245390485,5.5819529131964494,74.9843825248246389,65.8465886042994271,12.7699851279221601,22.6308394184182262,45.7174370785334219,
  17.4557278480214748,56.3182689133773806,
};

const PROGMEM tinytype R_data[4] = {
  0.1000000000000000,0.1000000000000000,0.1000000000000000,0.1000000000000000,
};

const PROGMEM tinytype umin[4] = {
  -3.0,	
  -3.0,	
  -3.0,	
  -3.0,	
};

const PROGMEM tinytype umax[4] = {
  3.0,	
  3.0,	
  3.0,	
  3.0,	
};

const PROGMEM tinytype xmin[12] = {
  -10000.0,	
  -10000.0,	
  -10000.0,	
  -10000.0,	
  -10000.0,	
  -10000.0,	
  -10000.0,	
  -10000.0,	
  -10000.0,	
  -10000.0,	
  -10000.0,	
  -10000.0,	
};

const PROGMEM tinytype xmax[12] = {
  10000.0,	
  10000.0,	
  10000.0,	
  10000.0,	
  10000.0,	
  10000.0,	
  10000.0,	
  10000.0,	
  10000.0,	
  10000.0,	
  10000.0,	
  10000.0,	
};

const PROGMEM tinytype rho_value = 85.0;

const PROGMEM tinytype Kinf_data[4*12] = {
  0.0025540221150684,	-0.0186533696389418,	0.0051545276397908,	0.0044509005611946,	-0.0031255346564324,	0.0139413562093761,	0.0207939600592022,	0.0014194533563908,	0.0003876646161227,	-0.0085986148048921,	-0.0016377086737898,	-0.0037602185925691,	
  -0.0057485480800662,	0.0031519194986336,	-0.0007277169606682,	0.0055910710803014,	-0.0113494582220391,	-0.0048748755743298,	0.0066371355632442,	-0.0044562480829075,	-0.0108344682781585,	-0.0001668339020778,	0.0037432764813978,	-0.0035303295854157,	
  0.0008530406797565,	-0.0022533859145540,	-0.0011772439464560,	-0.0153057356706377,	-0.0162616365912645,	-0.0029799667369479,	-0.0090447289933152,	0.0092694852716600,	0.0094990261198654,	0.0181522124069374,	-0.0094072441833015,	-0.0102522170340534,	
  -0.0052081561820530,	0.0046128360737490,	0.0141011517930044,	0.0080303430795117,	0.0028764372172603,	0.0043656105037119,	0.0048532838443891,	-0.0045424944938961,	0.0010193556829127,	-0.0096389629931640,	-0.0066947180412294,	0.0128249142806785,	
};

const PROGMEM tinytype Pinf_data[12*12] = {
  8.5584770211545376,	-0.1937502601842783,	0.0828468319465261,	-0.0400706232547133,	0.1536236495685580,	0.0756384471389575,	0.0560064526680225,	0.0989733998984870,	0.1560893343418225,	0.0349643520241747,	-0.0754169151282442,	-0.2239887761997558,	
  -0.1937502601842783,	6.8293814798438870,	-0.1217720042562416,	0.1317466700542790,	-0.1252590889027383,	-0.1968917713161559,	0.0054528245365260,	-0.0290639531162410,	-0.2656293233101872,	-0.1252136902555145,	0.0289723684808760,	0.0499922449383358,	
  0.0828468319465262,	-0.1217720042562415,	6.0357588130498900,	-0.0904987259623246,	0.0112325926479333,	0.2104632045241676,	0.0286445769305609,	0.0611244014698866,	0.2213772369598596,	0.0236147067900967,	-0.0273802002134138,	0.0332332744663736,	
  -0.0400706232547133,	0.1317466700542790,	-0.0904987259623246,	9.4108278156019889,	-0.0403979401311904,	-0.0823817014559221,	0.2000751148353947,	-0.2279279483166817,	-0.1975293528764224,	-0.1840628693945806,	-0.0158735795770639,	0.0869962560428253,	
  0.1536236495685580,	-0.1252590889027383,	0.0112325926479333,	-0.0403979401311905,	1.1172903789689359,	0.1425186407946564,	-0.1845572022624024,	0.1068449013418764,	0.1513793230592423,	-0.0500914532960905,	-0.0045327515831894,	0.0795575098235985,	
  0.0756384471389576,	-0.1968917713161559,	0.2104632045241676,	-0.0823817014559221,	0.1425186407946564,	8.7114597418585760,	0.0205886254935647,	0.0107912316784928,	0.2890188193565714,	-0.0308311055245282,	-0.0650337825656264,	0.0735449821800808,	
  0.0560064526680225,	0.0054528245365260,	0.0286445769305610,	0.2000751148353947,	-0.1845572022624024,	0.0205886254935647,	7.7829189124027023,	-0.1513964584370668,	-0.1684307976561324,	-0.1040700824526360,	-0.0606483634525511,	-0.1094135106996316,	
  0.0989733998984870,	-0.0290639531162409,	0.0611244014698865,	-0.2279279483166816,	0.1068449013418763,	0.0107912316784928,	-0.1513964584370668,	1.8420919212753346,	0.0166071602328530,	-0.0442616458283770,	0.1289672257395455,	-0.1437025345901287,	
  0.1560893343418225,	-0.2656293233101872,	0.2213772369598596,	-0.1975293528764225,	0.1513793230592422,	0.2890188193565713,	-0.1684307976561324,	0.0166071602328530,	3.0113480058878306,	0.2540566099521782,	-0.1344187557233663,	0.0366337303343603,	
  0.0349643520241747,	-0.1252136902555146,	0.0236147067900967,	-0.1840628693945806,	-0.0500914532960905,	-0.0308311055245282,	-0.1040700824526360,	-0.0442616458283770,	0.2540566099521782,	5.5516007022125873,	-0.1834852634961732,	-0.1214824412164464,	
  -0.0754169151282442,	0.0289723684808760,	-0.0273802002134138,	-0.0158735795770639,	-0.0045327515831894,	-0.0650337825656264,	-0.0606483634525511,	0.1289672257395455,	-0.1344187557233663,	-0.1834852634961732,	2.2731965774628700,	0.0046133867528228,	
  -0.2239887761997558,	0.0499922449383357,	0.0332332744663736,	0.0869962560428253,	0.0795575098235985,	0.0735449821800808,	-0.1094135106996316,	-0.1437025345901287,	0.0366337303343603,	-0.1214824412164464,	0.0046133867528228,	6.5359903839775528,	
};

const PROGMEM tinytype Quu_inv_data[4*4] = {
  0.0086016889984132,	-0.0006560340137865,	0.0004319548349143,	-0.0001724382140710,	
  -0.0006560340137865,	0.0103018325743815,	0.0001867608984608,	0.0003326137719748,	
  0.0004319548349143,	0.0001867608984608,	0.0092732569055880,	0.0007129152813127,	
  -0.0001724382140710,	0.0003326137719748,	0.0007129152813127,	0.0099406948391842,	
};

const PROGMEM tinytype AmBKt_data[12*12] = {
  -0.1416451350494798,	-0.0514959272780732,	0.1022445300643841,	-0.0524493820223223,	0.0291028396319830,	0.1098016874487033,	-0.0491189436034041,	-0.0182076016996797,	0.1343324930850768,	0.0628217749443992,	-0.0363559502367505,	0.0980361866832243,	
  0.1051848180904566,	-0.0826980183286733,	0.1150535640324406,	-0.0697477996710690,	-0.0958455733827673,	0.0570408291461856,	0.0568504731858785,	0.0332439847125927,	0.0793158926139880,	0.1101820618423120,	-0.0693325350609554,	-0.1048756660773281,	
  -0.0045153446026010,	0.1199434563961732,	0.0550427244470112,	0.0181020347599227,	0.0831467363536661,	0.0122879772977130,	0.0194759217234323,	0.0294879008333171,	-0.0694772797010080,	-0.0376503180824533,	-0.0237871097634982,	-0.0012916727095244,	
  -0.1056755950264917,	0.0524523466518583,	0.0164825780399058,	0.0805869204421863,	-0.1247481628412440,	-0.0150251772793531,	0.1136003393986256,	-0.0501228713092777,	-0.1172628542443370,	-0.1173407180473126,	0.0877409900452048,	0.0313211812359577,	
  0.1056617578471611,	0.1554073222508717,	-0.0174204142449418,	0.0903684878594229,	-0.0689079074093383,	0.0041513441191623,	0.0958236174934430,	-0.1168313503647327,	0.0866400265561977,	0.0659467029228981,	-0.1233546748887120,	0.0046348222677731,	
  -0.1115832992049891,	0.0709863006473961,	-0.0877518081975913,	0.0296618095150007,	-0.0862191334050334,	-0.0602077675828431,	-0.0187822231667948,	-0.1139124036116563,	-0.0262916637539068,	0.0985435738704874,	-0.0279372109411642,	0.0095203414796753,	
  -0.0058781481625157,	0.0846444587434269,	0.0380240184030508,	0.0115608737612381,	-0.1194977674602882,	-0.0533331990820698,	0.0646797468313017,	-0.0363075875857288,	-0.0165649632746072,	0.0278700828283043,	-0.0619730336394725,	-0.0110909650027539,	
  -0.0832559799621517,	0.0034297546990865,	-0.0697227338259993,	-0.0363370453665924,	-0.0697427868118268,	0.1201999703359820,	-0.0130334600183822,	-0.0688197145442592,	-0.0693979149974066,	-0.1305826511185081,	-0.0984461644974207,	0.1006599428860864,	
  0.1122344621517563,	-0.0500305955018121,	0.1212517229330821,	0.0657336048398637,	0.0079235881994274,	0.0194586298861384,	-0.1152156580754111,	-0.1164822567536592,	0.0854668300470500,	-0.0537887339853646,	0.0059527741552814,	0.1245227365637736,	
  -0.0220830137196117,	-0.0468597302668027,	-0.0527236594054641,	0.0930720431686985,	-0.0000910510751804,	-0.0849890964841336,	0.1061632093233588,	-0.1168506416267814,	-0.0800303016427482,	0.0512019063161150,	-0.1217224331599790,	0.0049192052103936,	
  -0.0344010374090435,	0.1388988935310723,	-0.0464582922902448,	0.1353399944333949,	-0.0098026849002614,	0.0053711297507466,	0.0187838900487631,	0.0281517978501053,	-0.0465789061967159,	-0.1294005892927587,	-0.1160097401485573,	0.0431810330917027,	
  -0.1168380567266474,	0.0628922790742146,	-0.0227145243263702,	-0.0700581212593763,	-0.0510055065937507,	-0.1239677385248168,	-0.1285827856991635,	0.1163658631943503,	-0.0839919977580668,	0.0063679860946549,	0.0539746744324130,	0.0129875222700693,	
};

const PROGMEM tinytype coeff_d2p_data[12*4] = {
  0.0176053455030362,	-0.0182310917031209,	0.0011861098447701,	0.0513080585825224,	
  0.0475963246804073,	0.0407853862759891,	0.0578078910072693,	-0.0149378710153985,	
  -0.0364228720105662,	0.0201444487051262,	-0.0443254798223077,	0.0285982325402063,	
  0.0542145763292489,	0.0553725511622024,	-0.0456500711610114,	0.0215900245975508,	
  0.0064025157623298,	0.0010873680613181,	-0.0089497986578135,	0.0060139939062070,	
  -0.0575298837013369,	0.0461584803196717,	0.0286149399554025,	-0.0469215488903363,	
  -0.0570892740989673,	-0.0368665244512239,	0.0426928166104568,	0.0408299579096797,	
  0.0078173193482908,	-0.0051274257674173,	0.0087062895872179,	-0.0001466370613893,	
  -0.0240554889172560,	0.0073172921701792,	-0.0148953694664765,	0.0240965427429708,	
  0.0328924843490188,	0.0113571426841461,	-0.0222965296762274,	0.0264771843173992,	
  0.0140668737681486,	0.0024804562890029,	0.0169384688251551,	0.0148257979725771,	
  -0.0212241336719031,	0.0200198301240943,	0.0316721777305394,	0.0047750808102399,	
};

const PROGMEM tinytype dKinf_drho_data[4*12] = {
  -0.0000251493662395,	0.0001620289886586,	-0.0000416259252252,	-0.0000268561722052,	0.0000277152529115,	-0.0001201163781407,	-0.0001691966529550,	-0.0000189820160175,	-0.0000132995893053,	0.0000647153655685,	0.0000185141023365,	0.0000356904852073,	
  0.0000629153657340,	-0.0000452715562531,	0.0000068942713742,	-0.0000547291252682,	0.0001164619548436,	0.0000581738894540,	-0.0000545600316229,	0.0000474230231384,	0.0001097402997001,	-0.0000038474509028,	-0.0000353107659605,	0.0000309000098739,	
  -0.0000041672495480,	0.0000248523760701,	-0.0000012658022087,	0.0001331829387959,	0.0001520442252863,	0.0000194856524810,	0.0000707069698973,	-0.0000819873429232,	-0.0000872207469423,	-0.0001579173080904,	0.0000920034681453,	0.0000877158049966,	
  0.0000532532531675,	-0.0000477044720147,	-0.0001382608859993,	-0.0000697664819165,	-0.0000140874438272,	-0.0000373318343723,	-0.0000404742753428,	0.0000400088870478,	-0.0000131115140064,	0.0000814413680482,	0.0000716937907358,	-0.0001193704125665,	
};

const PROGMEM tinytype dPinf_drho_data[12*12] = {
  0.0000884577397244,	-0.0001225728888184,	-0.0000514862711393,	-0.0000823596752884,	0.0000419100799712,	0.0000481038020709,	-0.0000204356584879,	0.0000663307006682,	0.0000774871571322,	0.0000512344340739,	-0.0000067760649623,	-0.0000712617021107,	
  -0.0001225728888184,	0.0004742894343483,	-0.0000314781485998,	0.0000189332628669,	0.0000255273252152,	-0.0002753478000551,	-0.0003131855763424,	-0.0000728264533110,	-0.0000764391892352,	0.0000679245335142,	0.0000537927053105,	0.0001379644766270,	
  -0.0000514862711393,	-0.0000314781485998,	0.0002328862240500,	0.0001462298634631,	0.0000502910766044,	0.0001395477047452,	0.0001804199776249,	-0.0000583949155891,	0.0000136441645243,	-0.0001985988976756,	-0.0000922757335259,	0.0001711185071638,	
  -0.0000823596752884,	0.0000189332628669,	0.0001462298634631,	0.0003554242816418,	0.0001894335744834,	0.0001137770930312,	0.0003089283000842,	-0.0002012548177220,	-0.0001958589671502,	-0.0003965133078076,	0.0001031794962859,	0.0002276652932230,	
  0.0000419100799712,	0.0000255273252152,	0.0000502910766044,	0.0001894335744834,	0.0004393522175893,	0.0000871144119643,	0.0000108325598545,	-0.0001293453262825,	-0.0000187155779048,	-0.0002904900285589,	0.0000842218997309,	0.0002633752024387,	
  0.0000481038020709,	-0.0002753478000551,	0.0001395477047452,	0.0001137770930312,	0.0000871144119643,	0.0002580981838809,	0.0003023787449258,	-0.0000129133466991,	0.0000442620483426,	-0.0002136213502279,	-0.0000536566559796,	0.0000559001598305,	
  -0.0000204356584879,	-0.0003131855763424,	0.0001804199776249,	0.0003089283000842,	0.0000108325598545,	0.0003023787449258,	0.0005933918948423,	-0.0000941810168746,	-0.0001509350826778,	-0.0003946241343706,	0.0000463961506790,	0.0000431720378930,	
  0.0000663307006682,	-0.0000728264533110,	-0.0000583949155891,	-0.0002012548177220,	-0.0001293453262825,	-0.0000129133466991,	-0.0000941810168746,	0.0001525907712773,	0.0001239082322855,	0.0002004731451244,	-0.0000670872159483,	-0.0001635207190124,	
  0.0000774871571322,	-0.0000764391892352,	0.0000136441645243,	-0.0001958589671502,	-0.0000187155779048,	0.0000442620483426,	-0.0001509350826778,	0.0001239082322855,	0.0002234332695923,	0.0001660611735404,	-0.0001483404599951,	-0.0000412327833871,	
  0.0000512344340739,	0.0000679245335142,	-0.0001985988976756,	-0.0003965133078076,	-0.0002904900285589,	-0.0002136213502279,	-0.0003946241343706,	0.0002004731451244,	0.0001660611735404,	0.0005002073668291,	-0.0000941430743691,	-0.0002769024741424,	
  -0.0000067760649623,	0.0000537927053105,	-0.0000922757335259,	0.0001031794962859,	0.0000842218997309,	-0.0000536566559796,	0.0000463961506790,	-0.0000670872159483,	-0.0001483404599951,	-0.0000941430743691,	0.0001619772740573,	-0.0000028068108455,	
  -0.0000712617021107,	0.0001379644766270,	0.0001711185071638,	0.0002276652932230,	0.0002633752024387,	0.0000559001598305,	0.0000431720378930,	-0.0001635207190124,	-0.0000412327833871,	-0.0002769024741424,	-0.0000028068108455,	0.0003142114705975,	
};

const PROGMEM tinytype dC1_drho_data[4*4] = {
  -0.0000748804137215,	0.0000123451178291,	-0.0000075112222577,	0.0000031239582915,	
  0.0000123451178291,	-0.0001067575521815,	-0.0000036063537300,	-0.0000069783077915,	
  -0.0000075112222577,	-0.0000036063537300,	-0.0000867613374713,	-0.0000136728350119,	
  0.0000031239582915,	-0.0000069783077915,	-0.0000136728350119,	-0.0000994838495928,	
};

const PROGMEM tinytype dC2_drho_data[12*12] = {
  -0.0000126887593027,	-0.0000234191443881,	0.0000940437088308,	0.0000357191072020,	0.0000212262001807,	0.0000645299777413,	0.0000567280043147,	-0.0000082806920136,	0.0000337531929433,	-0.0000634885063592,	-0.0000554748085202,	0.0000658637440202,	
  -0.0000041488379247,	-0.0001292107707289,	-0.0000044914947070,	-0.0000748572402499,	-0.0002285475372926,	0.0000302600585368,	0.0000954490679968,	0.0000641025592900,	0.0000117262250258,	0.0001067402107229,	-0.0000530208587405,	-0.0001508642423948,	
  -0.0000617802176204,	0.0001461638595460,	0.0000427548194953,	0.0001432683411717,	0.0001117589582078,	-0.0000486458792744,	-0.0000003491349658,	-0.0001102656149532,	-0.0001028661334708,	-0.0001313620347249,	0.0000591107342984,	0.0001410519654469,	
  -0.0000384432894679,	-0.0000663466378507,	0.0000666187089935,	0.0001593429513166,	0.0000050583001890,	0.0000784742184586,	0.0002206614162022,	-0.0000786629901019,	-0.0001104345580673,	-0.0001703342964462,	0.0000455110723661,	0.0000427786312008,	
  -0.0000195407432132,	-0.0000899507846459,	0.0001191172900160,	0.0001900105600780,	0.0001072841514824,	0.0001418911799889,	0.0002444454168809,	-0.0000846911462497,	-0.0000684690160926,	-0.0002472321594514,	0.0000252887356328,	0.0001150498333115,	
  -0.0000116479958139,	0.0000931459099629,	-0.0001222788997800,	-0.0001020212878300,	-0.0001198090140408,	-0.0001467679070434,	-0.0001531580714768,	0.0000291637435419,	-0.0000293424921574,	0.0001768126369460,	0.0000326363342544,	-0.0001101112903528,	
  -0.0000131796517122,	0.0001320444036643,	0.0000383675209863,	-0.0001002073504241,	0.0000037084666573,	-0.0000698295122887,	-0.0002066386420778,	0.0000384568825833,	0.0001088401926712,	0.0001114163377477,	-0.0000962494513264,	0.0000577036539516,	
  0.0000288063735634,	-0.0000893924524791,	0.0000079180084853,	-0.0000789099953312,	-0.0000716134877047,	0.0000450193772906,	0.0000129381453241,	0.0000649512922462,	0.0000742581842555,	0.0000667551261355,	-0.0000594360423510,	-0.0000646670892011,	
  -0.0000738162713610,	0.0001829768717519,	0.0000767886903521,	0.0000934298157589,	0.0000732689889249,	-0.0000665022314217,	-0.0000665710126034,	-0.0000853528781217,	-0.0000494321728158,	-0.0000733777447203,	-0.0000029609737444,	0.0001528703949590,	
  -0.0000256121912611,	-0.0000858547515224,	0.0001037647469219,	0.0001330216133158,	0.0000215487092709,	0.0001118333026553,	0.0002073356197581,	-0.0000546875508284,	-0.0000508877717714,	-0.0001657879402724,	-0.0000016559109470,	0.0000636303926240,	
  -0.0000294445997925,	-0.0000804889256160,	0.0001285360323092,	-0.0000072993122396,	-0.0001220670046934,	0.0000851908594003,	0.0001044680988099,	0.0000279246122746,	0.0000569724487545,	-0.0000015651395860,	-0.0001177323306715,	0.0000037235979245,	
  -0.0000238408618467,	0.0000598228255654,	-0.0000100768765166,	-0.0000693064741983,	-0.0001003506140721,	-0.0000677267030723,	-0.0000895532607568,	0.0000262712356996,	0.0000198524423740,	0.0001101391244036,	-0.0000400611261908,	-0.0000370284434119,	
};

