#pragma once

typedef float tinytype;

const PROGMEM tinytype Adyn_data[12*12] = {
  -0.0954682472978044,	-0.0042812208197155,	-0.0484381400994003,	0.0586386308418478,	0.0218562177517474,	0.1064228532602518,	0.0335502694679822,	-0.0444354737378010,	0.0996163481737363,	0.1293928242502053,	0.0849916183361745,	0.0838677668650005,	
  0.1341478176349979,	-0.1348413255531635,	0.0703780612927558,	-0.0371523059532237,	0.0225777912319951,	0.1104600878504764,	-0.0912974079171931,	-0.1093588113574912,	0.0637053372772680,	0.0223128543290392,	0.0866306510015818,	-0.0822318144041428,	
  -0.0781821597253619,	-0.0210843671630652,	0.1083712246478896,	0.0338359415593263,	-0.0845323118332591,	0.0071204480193570,	-0.0497523744827240,	0.0054628058639285,	-0.0166643826698071,	0.0740770962314428,	0.1109152641000148,	-0.0471423305147014,	
  0.0501791460917429,	-0.0228979023502840,	0.1428800488844119,	-0.0610063182964553,	0.0969198937528666,	-0.0452846603025108,	0.0471885210242797,	-0.0829537774120552,	0.0957223360921632,	-0.0970752099505022,	0.1285884667040265,	-0.0892729882934901,	
  0.1138700032614603,	0.0314757063586358,	-0.0173906265360551,	0.0063737740126416,	0.1388780831614939,	0.1172660364391765,	-0.0538790189038409,	-0.0346875631816569,	0.0484359620913991,	-0.0107058514056903,	-0.0934657413557727,	-0.1128793300912370,	
  -0.0157213574756370,	0.0604361051579174,	-0.0834000795744643,	0.0729453335512382,	0.1387105294586635,	0.1210033671524672,	-0.1317956169536939,	-0.0937899968889276,	-0.0056846422350699,	0.0250625326686127,	-0.1284115331160598,	-0.0827135606814097,	
  -0.1255213353114729,	0.1231166305095075,	0.1312867377578140,	0.0636810509000821,	-0.0839915090689591,	0.1353300654424536,	0.0357527971768549,	-0.0478926967903780,	0.0037645626318880,	-0.0450851717338623,	0.0906890949412030,	-0.0164894145200170,	
  0.1127918378620066,	0.0562913283980080,	0.0265312842322475,	0.0475838116777052,	-0.0453075133300079,	-0.0662344425757535,	-0.1426675337453804,	-0.0174738809494053,	-0.1249191934240683,	0.0525559258995482,	0.0678323616985289,	-0.1392698798396433,	
  -0.0981637731646868,	-0.0477029730285408,	0.0000139483751185,	0.0752312419501887,	-0.1206352839874749,	0.0940534509345254,	0.1194339587030435,	0.0916099960388624,	0.0894521162346617,	-0.0866753117839186,	0.1061746978721986,	-0.1046764223658254,	
  0.0454194234880839,	0.0377253345732817,	0.0760165068619199,	0.0783327599777931,	0.1057473217809014,	-0.0901628946314762,	0.0226831727162161,	0.0653713083075507,	0.1389754497902660,	-0.0008192308798891,	-0.0043811703599167,	-0.0849994273696045,	
  -0.0495202385483606,	-0.1409349100498699,	0.0823137170166623,	-0.0942337038028795,	0.0604485004509741,	-0.0617883082336148,	0.1211837545688540,	-0.1350128948017304,	0.0442045185569486,	0.0779859422280893,	0.1261744839329894,	0.0866586300023399,	
  0.0122095767193803,	-0.0977548107013121,	-0.1100990387814512,	-0.0928108294822657,	0.1059803306621732,	0.0167808285540478,	-0.0130640783985231,	0.1349205398243691,	0.0429178375836680,	-0.0074124250117188,	0.0322345183461855,	-0.1120240217166086,	
};

const PROGMEM tinytype Bdyn_data[12*4] = {
  -0.9424356700321974,	-0.4669639609232421,	0.3359069949633839,	0.8805251940832741,	
  0.6990018425379989,	-0.8274488534459485,	-0.5258197606477200,	-0.0283759737759608,	
  0.5193577869975179,	-0.6329679174934670,	0.6091071816145643,	-0.1622557506316615,	
  0.6669500123277252,	-0.2819302593650277,	0.4124853371239008,	0.1954432461195077,	
  0.4065785770254509,	0.1451544779068308,	-0.3731408167501087,	-0.0998921508564274,	
  0.3636234912265781,	0.6174168768531099,	0.5258686115719187,	-0.1682332045972710,	
  0.7061184770986382,	0.3908771260201049,	0.6831752501660309,	0.5715535004514967,	
  0.8755351202714525,	-0.2208070894460670,	0.0139802886719327,	-0.9372021210841655,	
  0.0140352254457601,	-0.7338705772572878,	-0.2648474965838594,	-0.8640763648168479,	
  -0.0237830105384063,	0.9231862203303296,	-0.3754866573691000,	0.9945844069681042,	
  0.8026916515816827,	-0.7950537984331747,	-0.9502303176065185,	-0.6540782464083459,	
  -0.9341046599259120,	-0.4545466909552938,	-0.5114631800629075,	-0.3707023852715334,	
};

const PROGMEM tinytype Q_data[12] = {
  3.2833354762175992,8.5976247419256353,6.6706224456442618,3.7321507998292649,7.5167422827540840,7.2760075026520896,1.3991030580030828,8.7956549925952494,4.9001622829441498,8.8796967256456796,
  2.2856392399620731,0.5511305717901955,
};

const PROGMEM tinytype Qf_data[12] = {
  29.5500192859583919,77.3786226773307249,60.0356020107983568,33.5893571984633823,67.6506805447867521,65.4840675238688021,12.5919275220277456,79.1608949333572411,44.1014605464973499,79.9172705308111233,
  20.5707531596586577,4.9601751461117596,
};

const PROGMEM tinytype R_data[4] = {
  0.1000000000000000,0.1000000000000000,0.1000000000000000,0.1000000000000000,
};

const PROGMEM tinytype umin[4] = {
  -3.0,	
  -3.0,	
  -3.0,	
  -3.0,	
};

const PROGMEM tinytype umax[4] = {
  3.0,	
  3.0,	
  3.0,	
  3.0,	
};

const PROGMEM tinytype xmin[12] = {
  -10000.0,	
  -10000.0,	
  -10000.0,	
  -10000.0,	
  -10000.0,	
  -10000.0,	
  -10000.0,	
  -10000.0,	
  -10000.0,	
  -10000.0,	
  -10000.0,	
  -10000.0,	
};

const PROGMEM tinytype xmax[12] = {
  10000.0,	
  10000.0,	
  10000.0,	
  10000.0,	
  10000.0,	
  10000.0,	
  10000.0,	
  10000.0,	
  10000.0,	
  10000.0,	
  10000.0,	
  10000.0,	
};

const PROGMEM tinytype rho_value = 85.0;

const PROGMEM tinytype Kinf_data[4*12] = {
  0.0167102356882790,	-0.0017319607210354,	0.0169234195212911,	0.0013993147911242,	0.0048407960813282,	0.0028028280711289,	-0.0175555087456272,	-0.0148869110934895,	-0.0031596240968590,	0.0017142622764573,	0.0108913412056073,	-0.0234121208287423,	
  0.0031309593529492,	0.0192032075070294,	-0.0094106416800896,	0.0084909525573944,	0.0190071922680488,	-0.0081994723462336,	-0.0037195855694060,	0.0071544886317693,	0.0010461030242951,	-0.0044982605669872,	-0.0261600326552305,	-0.0028560564013101,	
  -0.0138251727978886,	0.0103804346759770,	-0.0023738839390186,	0.0052385382740893,	-0.0063954543400025,	0.0025819160010540,	-0.0056184343990679,	-0.0014232657460334,	-0.0099027017491122,	0.0023727271991042,	-0.0015194170929955,	0.0033122423172836,	
  -0.0008333079468587,	0.0003005268720346,	0.0053984083201709,	0.0009172746360755,	0.0142182355637714,	-0.0026049655206918,	0.0079636229741397,	0.0013135309183665,	0.0195996618278645,	0.0012028414270000,	-0.0039003277392083,	0.0086836308550469,	
};

const PROGMEM tinytype Pinf_data[12*12] = {
  3.8275364374208216,	-0.0219520149608766,	0.0400116112986104,	-0.0528781584851033,	0.2617550834846171,	0.0016771181096743,	-0.3289411663139097,	-0.1390861831280314,	-0.0058744008703384,	0.0012528481894136,	-0.0900775474640699,	-0.2985118770810529,	
  -0.0219520149608765,	8.8766455017385848,	-0.0958312841627566,	0.1409140565984188,	0.0397478766523024,	-0.0526191318190908,	-0.0900772246384547,	0.0866671584774959,	-0.1253058764249076,	-0.0088939907361354,	-0.1805930378902376,	-0.0723704658872754,	
  0.0400116112986104,	-0.0958312841627565,	7.0403214886008625,	-0.0215405627743866,	-0.0796493737940729,	-0.1592604013762896,	0.0730462395015230,	-0.0188828241868865,	0.1228075157435665,	-0.0078923696690028,	0.3376214685503480,	-0.1099090280724437,	
  -0.0528781584851033,	0.1409140565984188,	-0.0215405627743865,	3.9540185594300250,	0.0070546707789174,	0.0664595136450992,	-0.0767056663728182,	0.0732035291299435,	0.0483371078625969,	0.0399208610927429,	-0.0296169736399445,	-0.1736125331250223,	
  0.2617550834846171,	0.0397478766523024,	-0.0796493737940728,	0.0070546707789174,	8.0836798026002494,	0.1515418105331548,	-0.1657388660475052,	-0.1961142465274701,	0.2232930790888102,	0.0024446152571385,	-0.2964491150017187,	-0.1814516523407743,	
  0.0016771181096742,	-0.0526191318190908,	-0.1592604013762896,	0.0664595136450992,	0.1515418105331548,	7.8700436834945835,	-0.1414020981216404,	-0.1958734287548520,	0.1405418223601231,	-0.0070938563647628,	-0.1479347085697999,	-0.1347573704086972,	
  -0.3289411663139096,	-0.0900772246384547,	0.0730462395015229,	-0.0767056663728182,	-0.1657388660475053,	-0.1414020981216404,	1.9202863552939844,	0.1890694239591888,	0.1909617023363828,	-0.1519709711876820,	0.1552293701411445,	0.2789367328969782,	
  -0.1390861831280313,	0.0866671584774958,	-0.0188828241868865,	0.0732035291299435,	-0.1961142465274701,	-0.1958734287548519,	0.1890694239591888,	9.1368641274744036,	-0.0038848619903780,	-0.0913200633537210,	0.0131878037416135,	0.0203247058143219,	
  -0.0058744008703384,	-0.1253058764249076,	0.1228075157435665,	0.0483371078625968,	0.2232930790888102,	0.1405418223601230,	0.1909617023363828,	-0.0038848619903780,	5.3447820185200179,	-0.0774568207736036,	0.0720940285086706,	-0.1053627868640333,	
  0.0012528481894136,	-0.0088939907361354,	-0.0078923696690028,	0.0399208610927429,	0.0024446152571385,	-0.0070938563647628,	-0.1519709711876820,	-0.0913200633537210,	-0.0774568207736035,	9.1138835233837412,	0.0401284133122940,	0.0502806390387083,	
  -0.0900775474640699,	-0.1805930378902376,	0.3376214685503479,	-0.0296169736399445,	-0.2964491150017187,	-0.1479347085698000,	0.1552293701411445,	0.0131878037416135,	0.0720940285086706,	0.0401284133122940,	2.8245009753519366,	-0.0289733465372027,	
  -0.2985118770810528,	-0.0723704658872754,	-0.1099090280724437,	-0.1736125331250223,	-0.1814516523407742,	-0.1347573704086973,	0.2789367328969782,	0.0203247058143219,	-0.1053627868640333,	0.0502806390387083,	-0.0289733465372027,	1.1025257768364807,	
};

const PROGMEM tinytype Quu_inv_data[4*4] = {
  0.0092599686202216,	0.0005485695427652,	0.0001004712012484,	0.0010191237278576,	
  0.0005485695427652,	0.0091522766792852,	-0.0002043929705873,	-0.0010647892949885,	
  0.0001004712012484,	-0.0002043929705873,	0.0101113675252596,	0.0000397347119970,	
  0.0010191237278576,	-0.0010647892949885,	0.0000397347119970,	0.0092374031664240,	
};

const PROGMEM tinytype AmBKt_data[12*12] = {
  -0.0728801590585553,	-0.0006977586431472,	-0.0408393667108921,	0.0613550187762110,	0.0249227936571251,	0.1066619344526989,	0.0101435201605376,	-0.0558030535660769,	0.0831954888843378,	0.1270517327514245,	0.0869849339856213,	0.0517109125677370,	
  0.1177648458504838,	-0.1122742443643989,	0.0496666852052538,	-0.0283240451097861,	0.0319621453104241,	0.1029999658930716,	-0.0848321500462638,	-0.0937439681931169,	0.0621286403173005,	0.0186742599352520,	0.0564618792746648,	-0.0662418904578664,	
  -0.0765931508994092,	-0.0143038807071138,	0.0959471532201389,	0.0354416988845862,	-0.0688129664138182,	-0.0015205597150368,	-0.0382747902774660,	0.0188030501670461,	-0.0051492930435685,	0.0690894489074219,	0.0889929371008701,	-0.0373993968648597,	
  0.0457825118483688,	-0.0206693188971706,	0.1288639392473069,	-0.0618858302153655,	0.0989092004195018,	-0.0500215654590597,	0.0586095895565525,	-0.0706775295346462,	0.0983786732584138,	-0.1007005353769460,	0.1153382117473114,	-0.0775268911314194,	
  0.1013795294506820,	0.0332958370730918,	-0.0232518639571570,	0.0066186837971494,	0.1331848251848657,	0.1180198593545437,	-0.0475023744107576,	-0.0300732372292716,	0.0478315011796546,	-0.0097443752763296,	-0.0950532501449305,	-0.1008425345768351,	
  -0.0166006645034288,	0.0438013161855962,	-0.0815870008865120,	0.0645935856147314,	0.1309700890261306,	0.1232506953517095,	-0.1188211825581099,	-0.0918246380325425,	0.0033232235858076,	0.0261711037353648,	-0.1160773858464693,	-0.0727179153675261,	
  -0.1286232659224391,	0.1095700821732404,	0.1215515026937010,	0.0552709385129548,	-0.0985964275013590,	0.1362808989908550,	0.0488897059333434,	-0.0399557130171144,	0.0011497592630966,	-0.0468458535652620,	0.0964911501812728,	-0.0060673178824322,	
  0.0982650796021451,	0.0621844581424645,	0.0147288869979529,	0.0490199604118394,	-0.0319341066797314,	-0.0729763937542399,	-0.1205763084702157,	-0.0016091640146515,	-0.1034145573296653,	0.0511559153733159,	0.0488861357552084,	-0.1113103721629929,	
  -0.1004821902489604,	-0.0305770852864805,	-0.0030938488566443,	0.0836228715871150,	-0.0961625852614329,	0.0864296859584021,	0.1223438099220783,	0.0978274485456340,	0.1045770652776867,	-0.0883327552139381,	0.0830511623493718,	-0.0980632444632874,	
  0.0385640118372193,	0.0235548221542881,	0.0788462369673325,	0.0715820036738418,	0.0717726293372755,	-0.0789662619614875,	0.0156693776245210,	0.0565714927587666,	0.1147227061054586,	0.0030688716862863,	0.0233371244995372,	-0.0903124672200087,	
  -0.0741262710443045,	-0.1142167247391568,	0.0625227079953777,	-0.0830283707471564,	0.0748972582355782,	-0.0698075729791630,	0.1321881700891895,	-0.1178683704488159,	0.0509822956349966,	0.0760749487913081,	0.0926385462281109,	0.1120077925582606,	
  0.0218618768699671,	-0.0852232726954799,	-0.0977813211677764,	-0.0846248332870620,	0.1211414916124434,	0.0160268083301844,	-0.0310749745302875,	0.1240256369531114,	0.0426426947215588,	-0.0061963353019557,	0.0282942279459783,	-0.1302784712083623,	
};

const PROGMEM tinytype coeff_d2p_data[12*4] = {
  -0.0313125838086801,	-0.0208133065523547,	0.0123920637976347,	0.0298620369589990,	
  0.0529296547254222,	-0.0608516419541624,	-0.0437562324486571,	0.0127047891625393,	
  0.0321716547978010,	-0.0410895095363774,	0.0422105862220876,	-0.0029019241251921,	
  0.0275678190226004,	-0.0094415671685969,	0.0166854859193729,	0.0105429743091907,	
  0.0252986583200252,	0.0143667117913008,	-0.0274775518524529,	-0.0026713682488288,	
  0.0259248183695442,	0.0481677557337787,	0.0407994633842963,	-0.0134601587935875,	
  0.0143269825717118,	0.0029694230589653,	0.0098895566985536,	0.0024471751402570,	
  0.0660188642175950,	-0.0065832618850978,	0.0026110863458147,	-0.0688450417144282,	
  -0.0021120025030286,	-0.0292551184167363,	-0.0106962970959972,	-0.0384166753532817,	
  0.0097438678033860,	0.0674517465304139,	-0.0373716839780923,	0.0745585981570613,	
  0.0183977285895881,	-0.0176580766500845,	-0.0226769671881986,	-0.0124100119384829,	
  -0.0088172375187490,	-0.0004003144369068,	-0.0055607251488596,	-0.0040820731104754,	
};

const PROGMEM tinytype dKinf_drho_data[4*12] = {
  -0.0001537715621932,	0.0000040342599692,	-0.0001565509843831,	-0.0000192127428762,	-0.0000689674460869,	-0.0000191571902565,	0.0001567821728278,	0.0001324258790033,	0.0000096452428480,	-0.0000150723735310,	-0.0000824379807123,	0.0002089514934529,	
  -0.0000410659629164,	-0.0001723097190770,	0.0000819474436791,	-0.0000769975951567,	-0.0001627256985424,	0.0000705294485997,	0.0000506252309848,	-0.0000558811244863,	0.0000102853719327,	0.0000415709222134,	0.0002287805710950,	0.0000487416959350,	
  0.0001385766188090,	-0.0001007840495641,	0.0000201502855407,	-0.0000510816825631,	0.0000674139393465,	-0.0000277402786012,	0.0000575440522844,	0.0000167005363651,	0.0000999771916222,	-0.0000246031466570,	0.0000090177571545,	-0.0000314439857450,	
  -0.0000051559704119,	0.0000187018579678,	-0.0000769560133584,	-0.0000009918405394,	-0.0001153662581628,	0.0000121857738728,	-0.0000595655113640,	0.0000094455535256,	-0.0001760188968061,	-0.0000166814438618,	-0.0000032881403983,	-0.0000581283696740,	
};

const PROGMEM tinytype dPinf_drho_data[12*12] = {
  0.0005667903413287,	-0.0001059976143316,	0.0002725492798899,	-0.0000320909549855,	0.0002321601315001,	0.0000082527063769,	-0.0002893623577934,	-0.0002023849604784,	0.0000630298507775,	-0.0000521648229258,	0.0001016852301798,	-0.0005094071075726,	
  -0.0001059976143316,	0.0004880243582989,	-0.0002374285850916,	0.0002202703591235,	0.0002893224356947,	-0.0001238006414255,	-0.0001025576440860,	0.0001579814895033,	-0.0000733816437133,	-0.0000735991527518,	-0.0005374922065206,	0.0000061201530937,	
  0.0002725492798899,	-0.0002374285850916,	0.0004152467308012,	-0.0000639729410711,	-0.0000042409338047,	0.0000998670311129,	-0.0001983003256071,	-0.0003138410005359,	0.0000700045150241,	0.0000771271665194,	0.0004159678435468,	-0.0003217662686805,	
  -0.0000320909549855,	0.0002202703591235,	-0.0000639729410711,	0.0001155449292895,	0.0001423728899866,	-0.0000358166681185,	-0.0000726166064147,	0.0000339538214635,	-0.0000192709226939,	-0.0000196521179163,	-0.0002135141039790,	-0.0000363475337497,	
  0.0002321601315001,	0.0002893224356947,	-0.0000042409338047,	0.0001423728899866,	0.0006365103478105,	-0.0001996229469058,	-0.0000152257647109,	0.0000850852662471,	0.0003477457642457,	-0.0000752526274765,	-0.0004966022276345,	-0.0000654242555173,	
  0.0000082527063769,	-0.0001238006414255,	0.0000998670311129,	-0.0000358166681185,	-0.0001996229469058,	0.0001343091585575,	-0.0000659823556667,	-0.0000921633841606,	-0.0000775133501104,	0.0000251940518867,	0.0002537758651140,	-0.0001034343896109,	
  -0.0002893623577934,	-0.0001025576440860,	-0.0001983003256071,	-0.0000726166064147,	-0.0000152257647109,	-0.0000659823556667,	0.0004542312711820,	0.0002515512056166,	0.0002718281359539,	0.0000026289136723,	-0.0001007564356375,	0.0005055910293695,	
  -0.0002023849604784,	0.0001579814895033,	-0.0003138410005359,	0.0000339538214635,	0.0000850852662471,	-0.0000921633841606,	0.0002515512056166,	0.0003136408673048,	0.0000941753124747,	-0.0000895736555337,	-0.0003446801303605,	0.0002892838908870,	
  0.0000630298507775,	-0.0000733816437133,	0.0000700045150241,	-0.0000192709226939,	0.0003477457642457,	-0.0000775133501104,	0.0002718281359539,	0.0000941753124747,	0.0005114541632685,	-0.0000076257274381,	-0.0001178212625428,	0.0002028071614795,	
  -0.0000521648229258,	-0.0000735991527518,	0.0000771271665194,	-0.0000196521179163,	-0.0000752526274765,	0.0000251940518867,	0.0000026289136723,	-0.0000895736555337,	-0.0000076257274381,	0.0000672617697015,	0.0001286797599217,	0.0000484419346181,	
  0.0001016852301798,	-0.0005374922065206,	0.0004159678435468,	-0.0002135141039790,	-0.0004966022276345,	0.0002537758651140,	-0.0001007564356375,	-0.0003446801303605,	-0.0001178212625428,	0.0001286797599217,	0.0008301662646715,	-0.0002183557216781,	
  -0.0005094071075726,	0.0000061201530937,	-0.0003217662686805,	-0.0000363475337497,	-0.0000654242555173,	-0.0001034343896109,	0.0005055910293695,	0.0002892838908870,	0.0002028071614795,	0.0000484419346181,	-0.0002183557216781,	0.0007407688865587,	
};

const PROGMEM tinytype dC1_drho_data[4*4] = {
  -0.0000871352998356,	-0.0000089960519299,	-0.0000018737804295,	-0.0000182617502092,	
  -0.0000089960519299,	-0.0000852792426494,	0.0000039383336100,	0.0000190498105407,	
  -0.0000018737804295,	0.0000039383336100,	-0.0001023148674400,	-0.0000011104537161,	
  -0.0000182617502092,	0.0000190498105407,	-0.0000011104537161,	-0.0000875766890320,	
};

const PROGMEM tinytype dC2_drho_data[12*12] = {
  -0.0002061050236987,	-0.0000592737883162,	-0.0000482796422387,	-0.0000360298411507,	-0.0000620463349238,	0.0000134685639645,	0.0002045167542549,	0.0000847815259410,	0.0001352989541931,	0.0000281601807025,	0.0000290059508275,	0.0002814297048826,	
  0.0001462266402245,	-0.0001978609960272,	0.0001856484613531,	-0.0000771697316997,	-0.0000542648692600,	0.0000575098192106,	-0.0000391336679394,	-0.0001297552069951,	0.0000493438520597,	0.0000315232558919,	0.0002515769323791,	-0.0001239095366599,	
  -0.0000313755783530,	-0.0000467389759933,	0.0001084158362235,	-0.0000078054319691,	-0.0001269625197672,	0.0000734663289416,	-0.0000940972375552,	-0.0001127871917130,	-0.0000879559251691,	0.0000464203077473,	0.0001815992685429,	-0.0000679475601770,	
  0.0000348270839916,	-0.0000133531826952,	0.0001342439807498,	0.0000123702807127,	-0.0000051391648878,	0.0000417221049829,	-0.0001023874885066,	-0.0001128108175689,	-0.0000103705582806,	0.0000351813333754,	0.0001164051302320,	-0.0001012874618362,	
  0.0001196746831010,	-0.0000123671901190,	0.0000515868303681,	-0.0000001717024529,	0.0000652917586290,	-0.0000115825291864,	-0.0000555708440823,	-0.0000385549415597,	0.0000143081478398,	-0.0000107528848723,	0.0000033454263915,	-0.0001095698786964,	
  0.0000075292713102,	0.0001610654186202,	-0.0000172130786665,	0.0000812212123414,	0.0000706884661070,	-0.0000199422738957,	-0.0001285480607896,	-0.0000208444432286,	-0.0000920446891206,	-0.0000100542700619,	-0.0001165719291646,	-0.0000993173340053,	
  0.0000329074835941,	0.0001226673181598,	0.0001087304638615,	0.0000791277026421,	0.0001321873951853,	-0.0000020544520986,	-0.0001357628296935,	-0.0000884737389627,	0.0000214712729056,	0.0000207363573472,	-0.0000354954710686,	-0.0001118912983786,	
  0.0001187952199119,	-0.0000226429327779,	0.0000827554157084,	-0.0000003956021252,	-0.0000846115348530,	0.0000441545453642,	-0.0001827192946930,	-0.0001196635418733,	-0.0001725366592537,	0.0000070856212343,	0.0001194859963792,	-0.0002262202942930,	
  0.0000042676350375,	-0.0001370422245287,	0.0000011769265645,	-0.0000706224961433,	-0.0002002824725747,	0.0000552108584901,	-0.0000012768579920,	-0.0000302833653492,	-0.0001182023008950,	0.0000097890976702,	0.0001685994914241,	-0.0000257177960533,	
  0.0000914160995654,	0.0001027262629251,	0.0000047294097641,	0.0000524321608772,	0.0002886403852952,	-0.0000881033158997,	0.0000378421890619,	0.0000516145985024,	0.0002033398308636,	-0.0000313832183207,	-0.0002065113134193,	0.0000059786065066,	
  0.0002190887958384,	-0.0002237693444194,	0.0001596269525414,	-0.0000949834269554,	-0.0000854158823615,	0.0000530628185574,	-0.0000698783611955,	-0.0001286781607520,	-0.0000196935046973,	0.0000108599626024,	0.0002544833860872,	-0.0001968708795492,	
  -0.0000933396227550,	-0.0001191688987213,	-0.0001272077132628,	-0.0000794397922011,	-0.0001466760398608,	0.0000044932711180,	0.0001768130762872,	0.0001103422491099,	-0.0000004311244704,	-0.0000139507038775,	0.0000303790788704,	0.0001797071740985,	
};

