#pragma once

typedef float tinytype;

const PROGMEM tinytype Adyn_data[12*12] = {
  0.0029451024944260,	0.0585129151796054,	-0.0641072820295657,	0.0718076092270992,	-0.0941700586885722,	0.0718993007558005,	-0.0683224511720380,	-0.1335494754778674,	0.0904583789777092,	0.0776695603778600,	0.0274419967639348,	-0.0257065540309151,	
  0.0454053063698946,	0.1252389660012189,	-0.1072225301656672,	-0.1281333043738421,	-0.1060591402363113,	-0.1369546973344439,	0.1432663830142591,	-0.1395609062175056,	-0.0979072204171552,	0.1068566809050423,	0.1295594476503344,	0.0150902978297738,	
  -0.1442451231876699,	0.1341720334237550,	-0.0203745050140463,	0.1218706812870559,	-0.0410434126133139,	-0.0205067970504557,	-0.1289897561286633,	-0.0750881399953506,	-0.1076416319128030,	-0.1356955125825202,	0.0731666259424821,	-0.0699638675288718,	
  0.0124831286253930,	-0.0415750996610526,	-0.0803810362922896,	0.0726831355118114,	-0.0170224692495315,	-0.0635630526522008,	0.0340292529807452,	-0.0426854049051498,	0.0176246820706248,	0.0861546641213864,	-0.0475311143371495,	0.1170242415614483,	
  -0.0226579521326366,	-0.1418369663450356,	-0.0465805950358004,	0.1043669185794995,	-0.0844901158402079,	-0.0974043495357225,	-0.0641079332281853,	0.0435024269373401,	0.1215789692782905,	-0.0580180556819332,	0.0033782350975780,	0.0914854851126284,	
  0.1229880140122404,	-0.0474785390000196,	-0.1319731627210767,	-0.0749881908547348,	0.1448655022484808,	0.1279368181058165,	-0.0826080734139019,	-0.1057968501939167,	0.1363199260485591,	0.1071722577729875,	0.0479890310486913,	-0.0362155188511512,	
  -0.1027057916168443,	0.0660431328955633,	0.1394435720094519,	-0.0066045876609522,	0.1162411823770978,	0.0609489711345717,	-0.1444305479780996,	-0.1036764230315659,	0.0370162534925116,	0.0713491557308941,	0.1214864236338370,	0.0691366960268369,	
  -0.0068201514174748,	0.0921804457330054,	-0.0419672495381983,	-0.1153411114570085,	0.0557437133750153,	0.0430683394734597,	-0.0189402959689270,	0.0814709375675173,	-0.0094422139752579,	0.0411980205601867,	0.0673258521340523,	0.0746479842843387,	
  -0.0149528649160256,	-0.0630195598562437,	0.1097252753443221,	0.1430982332724168,	-0.0522582102195965,	-0.0349367644942867,	0.0118635580554780,	0.1049353747637467,	-0.0535438406094239,	0.0955764135325807,	0.0536240625322371,	-0.1033189163375187,	
  0.0318479729704154,	-0.0989184049728911,	-0.1218700732929643,	0.0995254787876173,	-0.0204081712184633,	0.0436745669547305,	-0.0462854181513705,	-0.1036344873556649,	0.1124248500389150,	-0.0203573136165027,	-0.0866865893931746,	-0.0257972513849375,	
  -0.0556015683329090,	-0.1259772685824200,	0.0698374969246869,	0.0175796015817867,	0.0755174887056627,	-0.0662156720510119,	0.0000419311245841,	-0.1069048138993513,	-0.1322683745042373,	0.1352635151869973,	0.1187552102009129,	-0.0048178436049567,	
  0.1420250325477478,	-0.0717598336513929,	0.0103509983023643,	0.0816946172042393,	-0.1121179641186768,	0.1018821880535999,	0.0875693565236703,	-0.0893564702637862,	0.1265100092809884,	-0.1066789744044630,	0.0474874337443492,	0.0041385969323496,	
};

const PROGMEM tinytype Bdyn_data[12*4] = {
  -0.0224230175700542,	-0.2290422464403947,	0.2671576205291113,	0.1171198833168610,	
  -0.5662746641827168,	-0.1015495762326388,	0.5642987404016944,	0.9270019614811207,	
  -0.6452850298310417,	-0.5346673751555846,	-0.9678877557602201,	-0.2273429341729172,	
  0.9877382483641788,	-0.2475164139837589,	-0.5400640598868067,	0.9420087854625632,	
  -0.7365806028288862,	0.3289704042018382,	-0.1653491265614568,	0.7480563387492909,	
  0.4473575048010161,	-0.3206362447313766,	-0.7508522356884946,	-0.4598427749105645,	
  0.6211783750437871,	-0.5610089893605030,	0.5064893553936085,	0.6264499632829890,	
  0.4215515278282567,	0.4278489719497787,	0.2861079155128619,	-0.4119257089800592,	
  0.2742131615702090,	0.9033840379953826,	-0.6897114459933220,	0.6895724177109102,	
  -0.1314212844863971,	0.1215838815490013,	0.8435274479171200,	-0.5853502207306955,	
  -0.8742600569663441,	0.0662278391282884,	0.6798776736090144,	-0.3475737765413982,	
  0.6078318846171917,	-0.6632822749276186,	-0.8305291626392517,	-0.0299574680069150,	
};

const PROGMEM tinytype Q_data[12] = {
  5.7942962218825240,9.2150969253147661,2.5838273436211643,4.6439393963895155,3.3187396388362767,7.1714945036330784,9.2143498403419724,5.7070447173003789,5.3817225251660785,3.0516008779453050,
  8.5877253730819696,5.9189030552484159,
};

const PROGMEM tinytype Qf_data[12] = {
  52.1486659969427180,82.9358723278328966,23.2544460925904772,41.7954545675056366,29.8686567495264903,64.5434505326977046,82.9291485630777458,51.3634024557034081,48.4355027264947040,27.4644079015077445,
  77.2895283577377228,53.2701274972357410,
};

const PROGMEM tinytype R_data[4] = {
  0.1000000000000000,0.1000000000000000,0.1000000000000000,0.1000000000000000,
};

const PROGMEM tinytype umin[4] = {
  -3.0,	
  -3.0,	
  -3.0,	
  -3.0,	
};

const PROGMEM tinytype umax[4] = {
  3.0,	
  3.0,	
  3.0,	
  3.0,	
};

const PROGMEM tinytype xmin[12] = {
  -10000.0,	
  -10000.0,	
  -10000.0,	
  -10000.0,	
  -10000.0,	
  -10000.0,	
  -10000.0,	
  -10000.0,	
  -10000.0,	
  -10000.0,	
  -10000.0,	
  -10000.0,	
};

const PROGMEM tinytype xmax[12] = {
  10000.0,	
  10000.0,	
  10000.0,	
  10000.0,	
  10000.0,	
  10000.0,	
  10000.0,	
  10000.0,	
  10000.0,	
  10000.0,	
  10000.0,	
  10000.0,	
};

const PROGMEM tinytype rho_value = 85.0;

const PROGMEM tinytype Kinf_data[4*12] = {
  0.0058513990148972,	0.0055260774955047,	0.0052369378724955,	0.0007262817991311,	0.0105122811718293,	0.0216861280436937,	-0.0089737741495032,	0.0068059957896269,	0.0201495350540273,	0.0009116510215985,	-0.0058640817185054,	0.0072406488695929,	
  -0.0016243437400880,	-0.0073111444788423,	0.0017218892146583,	0.0030923992871391,	-0.0037740360138999,	-0.0096098903395304,	0.0059980072732358,	0.0242612204276356,	-0.0087255391974024,	0.0031592305696897,	-0.0075598710360193,	-0.0054972357829830,	
  -0.0123705985381769,	0.0089884741895681,	0.0062583571972464,	-0.0147690111183055,	0.0057918948910887,	-0.0086472194344731,	-0.0002517618738015,	-0.0135825119760674,	-0.0125099946469243,	0.0142241859220424,	0.0096494300454646,	0.0078400302857145,	
  -0.0038280629165840,	0.0107593002107677,	0.0032393968862339,	0.0015865521960895,	-0.0143569023060659,	-0.0170313043411387,	0.0086804870149928,	-0.0069991985544260,	-0.0059205766725385,	0.0120515206794688,	0.0115468956636135,	0.0076993836408396,	
};

const PROGMEM tinytype Pinf_data[12*12] = {
  6.2314555970108714,	-0.1121669933390289,	-0.3335665713081216,	-0.1178126849901544,	-0.1586752851079137,	0.0947571132836372,	0.2782925703379754,	-0.0967671230756800,	0.2420654429509213,	0.0100856016740601,	-0.0601396967687419,	-0.0613395917081713,	
  -0.1121669933390289,	9.8919652551550232,	-0.0776992658114793,	-0.3707101351121050,	-0.0622153983292242,	-0.0217936653178776,	0.0287067823841710,	-0.0328576353769779,	-0.1738170385499322,	-0.0074421793952446,	0.1500174203108870,	0.0570491200611034,	
  -0.3335665713081215,	-0.0776992658114792,	3.2449865075719759,	0.2026275700376548,	0.1812723988211146,	0.0450283537462395,	-0.1862241597769159,	0.1801964046768431,	-0.1834287460654943,	-0.0358863552451390,	0.1069891274644227,	-0.0157207108519269,	
  -0.1178126849901544,	-0.3707101351121048,	0.2026275700376547,	5.2708792317977480,	-0.1698455052332894,	0.0434677717910377,	-0.1717723664572498,	0.0555061263477180,	0.1387331477702778,	-0.1719288938748132,	-0.1670879594685610,	-0.1041466498929693,	
  -0.1586752851079136,	-0.0622153983292242,	0.1812723988211146,	-0.1698455052332894,	3.9132250147147847,	0.1972126398980054,	-0.3670684212227068,	-0.0212710031396339,	0.0045527863348379,	0.2306555211908717,	0.1080172377808376,	0.0604891885039208,	
  0.0947571132836372,	-0.0217936653178775,	0.0450283537462395,	0.0434677717910377,	0.1972126398980054,	7.6208222826223153,	-0.2800092210421883,	-0.0529387835530159,	0.3767298276273788,	-0.0593159294352309,	-0.0357028783023395,	-0.0459273421709486,	
  0.2782925703379754,	0.0287067823841710,	-0.1862241597769160,	-0.1717723664572499,	-0.3670684212227069,	-0.2800092210421884,	9.8080333558560291,	0.0443871785004735,	-0.2178060566447877,	-0.0335418700863435,	-0.0356583443066477,	-0.0253124763128535,	
  -0.0967671230756800,	-0.0328576353769780,	0.1801964046768431,	0.0555061263477180,	-0.0212710031396338,	-0.0529387835530159,	0.0443871785004736,	6.4483482022489724,	-0.0730479279022290,	-0.3243266489933069,	-0.3627210628398075,	-0.0098032157228891,	
  0.2420654429509213,	-0.1738170385499322,	-0.1834287460654942,	0.1387331477702778,	0.0045527863348379,	0.3767298276273788,	-0.2178060566447876,	-0.0730479279022289,	6.0089562912496710,	-0.1384285021155191,	-0.1737108710771419,	0.0388012560920469,	
  0.0100856016740601,	-0.0074421793952446,	-0.0358863552451390,	-0.1719288938748133,	0.2306555211908717,	-0.0593159294352309,	-0.0335418700863435,	-0.3243266489933069,	-0.1384285021155191,	3.7125381076953321,	0.3492743186451732,	-0.0045898861633714,	
  -0.0601396967687419,	0.1500174203108870,	0.1069891274644227,	-0.1670879594685610,	0.1080172377808375,	-0.0357028783023395,	-0.0356583443066477,	-0.3627210628398076,	-0.1737108710771419,	0.3492743186451731,	9.1219821216471431,	0.0218481230034016,	
  -0.0613395917081713,	0.0570491200611033,	-0.0157207108519269,	-0.1041466498929692,	0.0604891885039208,	-0.0459273421709486,	-0.0253124763128535,	-0.0098032157228892,	0.0388012560920469,	-0.0045898861633714,	0.0218481230034016,	6.1701753712124452,	
};

const PROGMEM tinytype Quu_inv_data[4*4] = {
  0.0088619031133191,	0.0004436416140574,	0.0010218302467030,	-0.0003194459598262,	
  0.0004436416140574,	0.0100710874034651,	0.0000057496535761,	0.0000750152565621,	
  0.0010218302467030,	0.0000057496535761,	0.0086556991137372,	-0.0001127476544552,	
  -0.0003194459598262,	0.0000750152565621,	-0.0001127476544552,	0.0090502255837783,	
};

const PROGMEM tinytype AmBKt_data[12*12] = {
  0.0064575071302254,	0.0533007981949678,	-0.0656468343083609,	0.0762920217961113,	-0.0946646254445055,	0.0744893732600139,	-0.0680992707306190,	-0.1233916031882234,	0.0929472329088378,	0.0732020272507733,	0.0216486866684362,	-0.0297995708166751,	
  0.0590831889690472,	0.1125797229927791,	-0.1106166381614507,	-0.1205446001815148,	-0.0904490358969021,	-0.1049826051850316,	0.1308890975868927,	-0.1190902613956581,	-0.0748353636186616,	0.0884952707989771,	0.1093219088949290,	0.0070707889204608,	
  -0.1541814205158333,	0.1449747830680175,	-0.0092807081206040,	0.1100586914746446,	-0.0339358850212122,	-0.0238926426259356,	-0.1298436892904587,	-0.0724622151254205,	-0.1127589716399903,	-0.1169108568475276,	0.0773052757243059,	-0.0588921080471956,	
  0.0032265795032829,	-0.0541240494912738,	-0.0847991908198366,	0.0632604205695008,	-0.0116876649272512,	-0.0759882904927721,	0.0360645356218042,	-0.0441450170174420,	-0.0056164618188527,	0.0823654861991504,	-0.0492760954952599,	0.1054929511955702,	
  -0.0169954250355600,	-0.1419237410645409,	-0.0446780562498348,	0.1002557023058538,	-0.0638079707483560,	-0.0669588337700618,	-0.0792261300188895,	0.0435243062814552,	0.1416515783325423,	-0.0650491042979396,	-0.0054963635834529,	0.0941640039223517,	
  0.1088007246290770,	-0.0405982867444494,	-0.1275751313423907,	-0.0846813436262358,	0.1366996010710122,	0.1008295805312083,	-0.0728677864030260,	-0.1144795272464464,	0.1123924643471122,	0.1239994541843751,	0.0607434560209041,	-0.0317900802940523,	
  -0.0985881592356785,	0.0472161055611632,	0.1319573834166195,	0.0011655769461415,	0.1136542603234067,	0.0571357670646344,	-0.1408016735980127,	-0.0830293522711461,	0.0296498162868270,	0.0578011411339374,	0.1087670228091029,	0.0527607923520894,	
  -0.0066293951823777,	0.0948393437243583,	-0.0453677719030028,	-0.1120912838914740,	0.0453558784793763,	0.0334965065780803,	-0.0140758821785574,	0.0692246357878735,	-0.0130626975388937,	0.0403567181439467,	0.0750280326591895,	0.0748761437115675,	
  -0.0209824061375267,	-0.0591499749443598,	0.1088163726709296,	0.1288250544409965,	-0.0378365521468545,	-0.0264217331964292,	0.0027463135419465,	0.0766103221580053,	-0.0557322156138958,	0.0939726159430301,	0.0607544393330732,	-0.1002402064635316,	
  0.0410086473028075,	-0.0985873093864719,	-0.1247740965576566,	0.1126316967009940,	-0.0318572100262526,	0.0450178827122328,	-0.0429005310414616,	-0.0983295687527864,	0.1232207257376006,	-0.0255657457432635,	-0.0879186772550398,	-0.0262837455705414,	
  -0.0432983876503730,	-0.1230332507701103,	0.0711729176031056,	0.0286023226854536,	0.0760300397134888,	-0.0466604975776851,	-0.0050124393042626,	-0.0957596630664065,	-0.1076271383697499,	0.1303693923691042,	0.1115821177886094,	-0.0007777211672555,	
  0.1270021453280752,	-0.0721806009583698,	0.0136047113722814,	0.0710857282532280,	-0.1166306738154559,	0.0746346153775566,	0.0970532243201194,	-0.0888916845983184,	0.0979077030611340,	-0.0929630090555010,	0.0543975299409549,	0.0028333084554974,	
};

const PROGMEM tinytype coeff_d2p_data[12*4] = {
  0.0046338378259955,	-0.0121583546528532,	0.0168171780032243,	0.0070454818293461,	
  -0.0504139098503502,	-0.0128128226024508,	0.0450409218989727,	0.0794542344350170,	
  -0.0228223626842268,	-0.0174180014113679,	-0.0307317912836217,	-0.0069933528768087,	
  0.0430152852406574,	-0.0086800545927523,	-0.0262992184276862,	0.0396724123109160,	
  -0.0308317034359630,	0.0128439064414062,	-0.0117555316631288,	0.0208949626542704,	
  0.0221712424871251,	-0.0183629350462797,	-0.0505759711553876,	-0.0292483749072420,	
  0.0559644834407616,	-0.0534591657519942,	0.0552205041519945,	0.0494821361413829,	
  0.0299733636481319,	0.0267176541172480,	0.0137693854409603,	-0.0224947568242865,	
  0.0156268040463996,	0.0553482876346577,	-0.0393655091598037,	0.0368689141618053,	
  -0.0073384596765633,	0.0031659511193409,	0.0291124427854884,	-0.0201844884508905,	
  -0.0686898505639175,	-0.0003231832515511,	0.0481569507797943,	-0.0280030231886004,	
  0.0244525013510633,	-0.0384507332340505,	-0.0400547613397329,	-0.0022813546050597,	
};

const PROGMEM tinytype dKinf_drho_data[4*12] = {
  -0.0000399999414331,	-0.0000500173601858,	-0.0000528291379622,	0.0000068188145852,	-0.0001007989304156,	-0.0001835783032588,	0.0000788973565209,	-0.0000574211594604,	-0.0001634360626777,	-0.0000183419079072,	0.0000490281467599,	-0.0000664324608584,	
  0.0000147785338170,	0.0000703220355785,	-0.0000209340175454,	-0.0000317498720975,	0.0000348364427004,	0.0000892287663908,	-0.0000579224158739,	-0.0002454596367961,	0.0000807217360242,	-0.0000319460556288,	0.0000779647626408,	0.0000515689570411,	
  0.0000986182229449,	-0.0000810003510724,	-0.0000571139206001,	0.0001267220788364,	-0.0000623301109047,	0.0000499294452224,	0.0000132429807008,	0.0001088438919173,	0.0000846048542322,	-0.0001249741137429,	-0.0000771600852245,	-0.0000733267778634,	
  0.0000358763881812,	-0.0000944679687562,	-0.0000273857487240,	-0.0000156964400168,	0.0001340971346474,	0.0001609439324207,	-0.0000818698574310,	0.0000620058325453,	0.0000596269313176,	-0.0001063110177408,	-0.0001043107831350,	-0.0000665754571064,	
};

const PROGMEM tinytype dPinf_drho_data[12*12] = {
  0.0002254460890564,	-0.0001259606887618,	-0.0000790575974084,	0.0001863358211863,	0.0000422520953888,	0.0003179677430233,	-0.0000930325810375,	0.0001890203790577,	0.0003279632208106,	-0.0002071356444234,	-0.0001746763694436,	-0.0000892961020037,	
  -0.0001259606887618,	0.0003089530464271,	0.0001153926868830,	-0.0001512536745827,	-0.0000044672341638,	-0.0000670148937352,	-0.0000076795913964,	-0.0003199062964406,	-0.0000130977527284,	0.0002357677643515,	0.0002282257970721,	0.0002517889254340,	
  -0.0000790575974084,	0.0001153926868830,	0.0001027347473825,	-0.0000825340160561,	0.0000423324123439,	-0.0000205167404100,	-0.0000013878040163,	-0.0000347025720285,	-0.0000298749291359,	0.0001265168807980,	0.0000445254507527,	0.0001091007720750,	
  0.0001863358211863,	-0.0001512536745827,	-0.0000825340160561,	0.0002459989172629,	-0.0001239398521486,	0.0000830448584854,	0.0000357717759193,	0.0002496146904221,	0.0001664828425532,	-0.0001776192707923,	-0.0001449272999824,	-0.0001291063302862,	
  0.0000422520953888,	-0.0000044672341638,	0.0000423324123439,	-0.0001239398521486,	0.0003778680068287,	0.0004639604626968,	-0.0002520828422962,	0.0000226101086234,	0.0002570780130844,	-0.0000883939055727,	-0.0001512279846639,	0.0000427508977010,	
  0.0003179677430233,	-0.0000670148937352,	-0.0000205167404100,	0.0000830448584854,	0.0004639604626968,	0.0009347552950751,	-0.0004066496835408,	0.0001638633926480,	0.0007397289693867,	-0.0003283916341027,	-0.0003337020985448,	0.0000135021753073,	
  -0.0000930325810375,	-0.0000076795913964,	-0.0000013878040163,	0.0000357717759193,	-0.0002520828422962,	-0.0004066496835408,	0.0002057375805141,	0.0000073464835235,	-0.0002942305602852,	0.0001050714624077,	0.0001078535022422,	-0.0000388115783557,	
  0.0001890203790577,	-0.0003199062964406,	-0.0000347025720285,	0.0002496146904221,	0.0000226101086234,	0.0001638633926480,	0.0000073464835235,	0.0009097960143359,	0.0001488532642495,	-0.0001856108688689,	-0.0004452219375733,	-0.0002278542174965,	
  0.0003279632208106,	-0.0000130977527284,	-0.0000298749291359,	0.0001664828425532,	0.0002570780130844,	0.0007397289693867,	-0.0002942305602852,	0.0001488532642495,	0.0007019367895894,	-0.0002443908215546,	-0.0002354462455888,	0.0000433870388394,	
  -0.0002071356444234,	0.0002357677643515,	0.0001265168807980,	-0.0001776192707923,	-0.0000883939055727,	-0.0003283916341027,	0.0001050714624077,	-0.0001856108688689,	-0.0002443908215546,	0.0003974105410858,	0.0002552136042533,	0.0001864722825909,	
  -0.0001746763694436,	0.0002282257970721,	0.0000445254507527,	-0.0001449272999824,	-0.0001512279846639,	-0.0003337020985448,	0.0001078535022422,	-0.0004452219375733,	-0.0002354462455888,	0.0002552136042533,	0.0003286857750543,	0.0001552802705000,	
  -0.0000892961020037,	0.0002517889254340,	0.0001091007720750,	-0.0001291063302862,	0.0000427508977010,	0.0000135021753073,	-0.0000388115783557,	-0.0002278542174965,	0.0000433870388394,	0.0001864722825909,	0.0001552802705000,	0.0002182300810249,	
};

const PROGMEM tinytype dC1_drho_data[4*4] = {
  -0.0000800702225795,	-0.0000084670763648,	-0.0000178765137615,	0.0000057784726074,	
  -0.0000084670763648,	-0.0001017151612307,	-0.0000004333503754,	-0.0000013148768191,	
  -0.0000178765137615,	-0.0000004333503754,	-0.0000762711110999,	0.0000024052704487,	
  0.0000057784726074,	-0.0000013148768191,	0.0000024052704487,	-0.0000820716263264,	
};

const PROGMEM tinytype dC2_drho_data[12*12] = {
  -0.0000280604589854,	0.0000476891153893,	0.0000124864717274,	-0.0000391355674573,	0.0000066653242599,	-0.0000158679887838,	-0.0000054469385028,	-0.0000938487733361,	-0.0000147623727298,	0.0000381106435790,	0.0000517873548925,	0.0000377089707934,	
  -0.0001100578207592,	0.0001120979974867,	0.0000255743132686,	-0.0000563213429022,	-0.0001426777582519,	-0.0002722650627048,	0.0001072160983786,	-0.0001763424693914,	-0.0001873691383857,	0.0001554425907887,	0.0001759183254204,	0.0000707115739810,	
  0.0000856978503236,	-0.0000945524287988,	-0.0001067884089800,	0.0001065087319579,	-0.0000762606465467,	0.0000141629439364,	0.0000141472422596,	-0.0000488470161250,	0.0000331401981483,	-0.0001740462454875,	-0.0000250742770857,	-0.0001014031838120,	
  0.0000626316867852,	0.0001120541958689,	0.0000419522872994,	0.0000686304063097,	-0.0000517973813527,	0.0000787673965672,	-0.0000079925025101,	-0.0000036655784580,	0.0001709349528115,	0.0000428617163122,	0.0000274608679089,	0.0001014955539816,	
  -0.0000448560037806,	-0.0000027016602502,	-0.0000209839000350,	0.0000481625813170,	-0.0001963251365438,	-0.0002767131793000,	0.0001406020040859,	0.0000100670300667,	-0.0001775538608809,	0.0000558612833992,	0.0000757370722433,	-0.0000282198486883,	
  0.0001131780186503,	-0.0000593362727281,	-0.0000385559470911,	0.0000747010540333,	0.0000711258795449,	0.0002222336483203,	-0.0000815710912164,	0.0000572231441290,	0.0001899414210078,	-0.0001447611192647,	-0.0001028371631516,	-0.0000394178813736,	
  -0.0000392858532861,	0.0001707262677939,	0.0000671555401593,	-0.0000763980135733,	0.0000297220659315,	0.0000379809590849,	-0.0000369243872866,	-0.0001960081044181,	0.0000666038203662,	0.0001233681636375,	0.0001177099562516,	0.0001490424816712,	
  -0.0000028979916376,	-0.0000247412594281,	0.0000362866525179,	-0.0000320122885777,	0.0001006584022908,	0.0000912230122194,	-0.0000459904757684,	0.0001236263282579,	0.0000347157576227,	0.0000133639881810,	-0.0000749172158701,	-0.0000005037906857,	
  0.0000408965682595,	-0.0000405367496436,	0.0000128902344402,	0.0001250380192810,	-0.0001392897691519,	-0.0001068138430884,	0.0000962805232662,	0.0002698033217517,	-0.0000108705592209,	0.0000210022181198,	-0.0000651646402582,	-0.0000330356365972,	
  -0.0000692406013656,	-0.0000020941987093,	0.0000277492715642,	-0.0001113250563244,	0.0001135882719121,	0.0000171168326816,	-0.0000416821327446,	-0.0000332201097311,	-0.0000677573186433,	0.0000446635258671,	0.0000009923933951,	0.0000078825979805,	
  -0.0000905277376986,	-0.0000261497150390,	-0.0000154880790571,	-0.0000835470404398,	-0.0000014461226598,	-0.0001444106309105,	0.0000353534614042,	-0.0000863936954406,	-0.0001850278413843,	0.0000340963085700,	0.0000539036390311,	-0.0000347811915099,	
  0.0001170956551907,	0.0000069423311400,	-0.0000300291126329,	0.0000795723361106,	0.0000366254346108,	0.0002170579382433,	-0.0000778291726380,	-0.0000356510505681,	0.0002249360173259,	-0.0001170199109530,	-0.0000452968136350,	0.0000116900834809,	
};

