#pragma once

typedef float tinytype;

const PROGMEM tinytype Adyn_data[12*12] = {
  0.1271215816535235,	0.0801771616153623,	0.0412668863543318,	-0.0640993501813967,	0.1116640928609332,	-0.0311281220117280,	-0.0215519231600822,	0.0474592875267816,	-0.1282757340941513,	-0.0852937956024722,	-0.1201641463055380,	-0.1313833710277096,	
  0.1217774104577346,	0.0024180928050114,	-0.0002276545103968,	-0.0775834665221445,	-0.0021141935021523,	-0.1274752446774974,	-0.0600097426854142,	0.1187523177061629,	0.0987986639190062,	-0.0341320728926064,	-0.1253387577755622,	-0.1316834344181280,	
  0.0054617812397545,	-0.0989015170901284,	-0.1058564695858683,	0.0271445894706086,	0.0043338118455448,	0.0515021645030792,	-0.0178964290821015,	-0.0234273125374917,	-0.0834917265234777,	-0.0123440292255823,	0.1116727945567475,	-0.0881575465784383,	
  -0.0064152793115916,	0.0255631372391334,	-0.1261377840110781,	0.0395346466917329,	-0.0087920376205846,	-0.0294911693415478,	0.0465933944408482,	-0.0686447549101085,	-0.1161173153987626,	-0.0056793640677189,	-0.1329962922337661,	0.1123428593130758,	
  -0.0912451097919731,	0.0677316662875562,	-0.0537491832888326,	-0.1360836202042955,	-0.0535863494823132,	0.0455728033017012,	0.0291835488992206,	0.0677523454289291,	-0.0534128723727339,	0.0100534362064126,	-0.0575061322191764,	-0.0338467199788337,	
  -0.0855141249894558,	0.0434147161051410,	0.0117570973309717,	0.0195814549138320,	-0.0983365712958139,	-0.0244706772771961,	0.0999071240117103,	0.0941634063425933,	0.0824216255524773,	-0.0565737546281803,	0.0313928313758702,	0.0940438015830791,	
  -0.1073037849151747,	-0.1203296177785327,	-0.0295500242122853,	0.1212833851925464,	-0.0325549776775775,	0.0801981350864352,	0.0607654698606683,	0.0756252458242334,	-0.0325390125014135,	0.1321349706435287,	-0.1103480436611657,	-0.1050959076544825,	
  0.1216287975177766,	-0.0743824578086815,	-0.1332615059116920,	0.0119591747108538,	-0.0593230671119948,	0.0969651628367746,	0.0915649880347061,	-0.0401553507286063,	0.1267912918163928,	0.1220055829095161,	-0.0301188274701713,	0.0774119317327907,	
  -0.0134587503448383,	-0.0256234044595088,	-0.0355591237563747,	-0.0836999947273161,	-0.0604784973156130,	-0.1088491167819256,	-0.0313938933400674,	-0.0472583754935414,	0.0377731574826777,	0.0704925695241277,	-0.1331731703155956,	0.0290504773218977,	
  0.1325032880299873,	-0.1039899009933451,	-0.1114913735412239,	-0.1349994135666136,	-0.0534030605645973,	-0.0140508232928528,	-0.0772942382596881,	-0.1041735877818908,	0.0509210988061287,	-0.0027081473005586,	0.1109767440048336,	-0.0301268120432332,	
  0.0994939197044362,	-0.0542275917720408,	-0.0297642610257228,	-0.1058642628806003,	0.1103639554222912,	-0.0485820704995063,	-0.0957127758998906,	-0.0135418732444418,	-0.0596919157256012,	0.0113243538626178,	-0.0621694774473208,	-0.0769210544276323,	
  -0.1299524718485438,	-0.0856628515200986,	-0.1368015621634728,	-0.1066062638986896,	0.0072048161476450,	-0.0725191704652333,	0.0862092652778127,	0.0460720503766410,	0.0904151499309851,	0.0188243322505497,	0.0515227499453058,	0.0948101760869246,	
};

const PROGMEM tinytype Bdyn_data[12*4] = {
  -0.8697058376893123,	-0.2436662069493047,	-0.3946942670059497,	0.4386902864209323,	
  -0.1601919317012097,	0.4187316399540293,	-0.3846304389836592,	0.3271658020373405,	
  0.2938905985792664,	0.3828986714328799,	-0.1709969784167202,	0.2365188324232725,	
  -0.7054210380576897,	-0.8839798171045614,	0.7246493503352869,	-0.9696266257315131,	
  -0.2996125828237852,	0.4788889428956762,	0.1891241685233183,	0.3418403336114484,	
  0.3194813549246380,	-0.5278774179295715,	-0.0473511455885156,	0.8325701755017449,	
  -0.7668909407539009,	0.4589791254820781,	-0.2898634373532176,	0.2732280490345633,	
  -0.6431832122673935,	0.3040091071476445,	-0.9856762652470257,	0.2138932642388820,	
  -0.9963573284566585,	0.4661725522540106,	0.1983053652976334,	0.7819461752018548,	
  -0.0174931373360585,	0.4469296597195920,	0.5875057276859101,	0.3546581266960642,	
  -0.3536583947103418,	0.1704238086522520,	-0.7627600438757596,	-0.1034998863878249,	
  0.7487434398716752,	0.0513277393580314,	0.0971133614973376,	0.4920741347628470,	
};

const PROGMEM tinytype Q_data[12] = {
  7.2643645983648142,2.2502684246952187,8.9173605275145320,1.9299886538412503,4.9691678441194185,2.2774000551992577,5.9212827403770731,4.8265264974664372,4.9883350709027594,4.3732730715845411,
  7.1831360899084844,4.5721366578002218,
};

const PROGMEM tinytype Qf_data[12] = {
  65.3792813852833206,20.2524158222569675,80.2562447476307881,17.3698978845712517,44.7225105970747663,20.4966004967933202,53.2915446633936583,43.4387384771979370,44.8950156381248320,39.3594576442608712,
  64.6482248091763552,41.1492299202019964,
};

const PROGMEM tinytype R_data[4] = {
  0.1000000000000000,0.1000000000000000,0.1000000000000000,0.1000000000000000,
};

const PROGMEM tinytype umin[4] = {
  -3.0,	
  -3.0,	
  -3.0,	
  -3.0,	
};

const PROGMEM tinytype umax[4] = {
  3.0,	
  3.0,	
  3.0,	
  3.0,	
};

const PROGMEM tinytype xmin[12] = {
  -10000.0,	
  -10000.0,	
  -10000.0,	
  -10000.0,	
  -10000.0,	
  -10000.0,	
  -10000.0,	
  -10000.0,	
  -10000.0,	
  -10000.0,	
  -10000.0,	
  -10000.0,	
};

const PROGMEM tinytype xmax[12] = {
  10000.0,	
  10000.0,	
  10000.0,	
  10000.0,	
  10000.0,	
  10000.0,	
  10000.0,	
  10000.0,	
  10000.0,	
  10000.0,	
  10000.0,	
  10000.0,	
};

const PROGMEM tinytype rho_value = 85.0;

const PROGMEM tinytype Kinf_data[4*12] = {
  -0.0115263495357566,	-0.0019471944631154,	0.0001456573658931,	0.0032519877868405,	-0.0024721491400010,	0.0009742592566368,	0.0019210717884555,	-0.0004866144972293,	0.0087646188621883,	-0.0072008652975083,	0.0278057893988109,	0.0103176685347667,	
  -0.0004834195965511,	-0.0127805544075224,	-0.0102339087190049,	-0.0054753354827103,	-0.0051095602074039,	0.0032417698869877,	-0.0026699600758226,	-0.0008110252821776,	0.0035328317264985,	0.0094995705251395,	0.0017129593285644,	-0.0082175576951364,	
  -0.0124935470965508,	0.0043527051957443,	0.0014830072810394,	-0.0007378689876133,	-0.0091621362410836,	-0.0040823937313332,	0.0003955287489012,	-0.0049619565189241,	0.0016118147510263,	-0.0037942445878933,	0.0075786931979683,	0.0101343394576442,	
  -0.0014732597368533,	-0.0047138557190330,	-0.0066744014780601,	-0.0101967593313289,	-0.0040876911911232,	-0.0045415719879076,	0.0023266432216821,	0.0049387987159388,	0.0043128174748788,	0.0017280311049577,	-0.0032156183789079,	-0.0047450009837986,	
};

const PROGMEM tinytype Pinf_data[12*12] = {
  7.8301894571379851,	0.0421988475685998,	0.0166014698607067,	-0.1760510804642829,	0.1770870283136967,	-0.0619492303360936,	-0.2251395915980233,	-0.1384155190040699,	-0.0623199977641203,	-0.1352679598392172,	-0.0249227868989204,	-0.1817544418692028,	
  0.0421988475685998,	2.6494959794770772,	0.3010944710465941,	-0.0549586306341190,	0.0803245420820627,	-0.0629827164620299,	-0.0229421457160772,	0.0954041280809750,	-0.1008930793595962,	-0.2146269371844937,	-0.1338856089370480,	0.0087825811732374,	
  0.0166014698607066,	0.3010944710465940,	9.3446341539880748,	0.1024243281340077,	0.1119109308851136,	-0.0515264927242090,	-0.0829511461197646,	0.0982799834421205,	-0.0775123501580356,	-0.1552473590945684,	-0.1056923474749027,	-0.0780329973188591,	
  -0.1760510804642829,	-0.0549586306341189,	0.1024243281340077,	2.4184601647933799,	-0.0979232176291605,	0.2168676530857266,	0.1554859501056871,	0.0279789240512970,	0.0014240346299612,	0.1068462691834369,	0.0566602809105183,	0.0428226333590826,	
  0.1770870283136967,	0.0803245420820626,	0.1119109308851136,	-0.0979232176291605,	5.2493859121838957,	-0.0880385585725436,	-0.1472353843482536,	0.0315903703885014,	-0.2205046919358893,	-0.1504347537720161,	-0.0778017565330418,	-0.2006291493917089,	
  -0.0619492303360936,	-0.0629827164620299,	-0.0515264927242090,	0.2168676530857266,	-0.0880385585725436,	2.5608687177496670,	0.1181148574950958,	-0.0024618244978214,	-0.0390988465418672,	0.0971801663235723,	0.1168441297769984,	-0.0220949853776387,	
  -0.2251395915980234,	-0.0229421457160772,	-0.0829511461197646,	0.1554859501056871,	-0.1472353843482536,	0.1181148574950958,	6.1722391773768761,	0.0821313834056940,	0.1273011014920468,	0.1146843734023106,	-0.0071531407019498,	0.1824946591525778,	
  -0.1384155190040699,	0.0954041280809750,	0.0982799834421205,	0.0279789240512970,	0.0315903703885014,	-0.0024618244978214,	0.0821313834056941,	5.0587891570568768,	-0.0364165744458386,	-0.0351909980070237,	-0.1380347351693200,	-0.1098586209035164,	
  -0.0623199977641202,	-0.1008930793595962,	-0.0775123501580356,	0.0014240346299612,	-0.2205046919358893,	-0.0390988465418672,	0.1273011014920468,	-0.0364165744458386,	5.4376250320400477,	0.1625572578631810,	0.0837944648633728,	0.3104956963445766,	
  -0.1352679598392171,	-0.2146269371844937,	-0.1552473590945684,	0.1068462691834369,	-0.1504347537720162,	0.0971801663235723,	0.1146843734023106,	-0.0351909980070237,	0.1625572578631810,	4.6506941558889237,	-0.0590079956085553,	0.1082192120066735,	
  -0.0249227868989205,	-0.1338856089370480,	-0.1056923474749027,	0.0566602809105183,	-0.0778017565330418,	0.1168441297769984,	-0.0071531407019498,	-0.1380347351693201,	0.0837944648633729,	-0.0590079956085553,	7.6709446729418582,	0.0965412115826535,	
  -0.1817544418692028,	0.0087825811732375,	-0.0780329973188591,	0.0428226333590826,	-0.2006291493917089,	-0.0220949853776388,	0.1824946591525778,	-0.1098586209035164,	0.3104956963445766,	0.1082192120066735,	0.0965412115826534,	5.0500838854872026,	
};

const PROGMEM tinytype Quu_inv_data[4*4] = {
  0.0093484772683618,	0.0002506335193044,	-0.0005950788213269,	0.0004387096395140,	
  0.0002506335193044,	0.0105595363918928,	0.0002718087991524,	-0.0006148111873738,	
  -0.0005950788213269,	0.0002718087991524,	0.0100346436121563,	0.0001789539378930,	
  0.0004387096395140,	-0.0006148111873738,	0.0001789539378930,	0.0103215078797425,	
};

const PROGMEM tinytype AmBKt_data[12*12] = {
  0.1126944284779271,	0.0791553965107412,	0.0424132372637790,	-0.0584232450355206,	0.1064460109388695,	-0.0291098471618851,	-0.0213962977071157,	0.0427133977891662,	-0.1210480792896284,	-0.0914973429174594,	-0.0911619713372843,	-0.1183308240611660,	
  0.1158100070397957,	0.0106741857663619,	0.0068349856596718,	-0.0717176040385302,	-0.0025573610406638,	-0.1287609736773836,	-0.0591930714228797,	0.1154896423792156,	0.0979323233496848,	-0.0412880988032368,	-0.1176347284704756,	-0.1211392982678541,	
  0.0072464625951155,	-0.0915763825537088,	-0.1001485154555031,	0.0305709117595384,	0.0064169153858619,	0.0503506597953369,	-0.0179213505714318,	-0.0249903590862179,	-0.0881647292830975,	-0.0149226518055072,	0.1049015325569342,	-0.0851880969181308,	
  -0.0073486130132371,	0.0051669281446775,	-0.1426279406452162,	0.0276362281721583,	-0.0123768898726799,	-0.0273835723705274,	0.0475577236419322,	-0.0613204836925513,	-0.1037977947759958,	0.0020634645196732,	-0.1204771262387503,	0.1004122828157409,	
  -0.0916005935408591,	0.0740569127756593,	-0.0468035296721187,	-0.1288619936525158,	-0.0487500054659226,	0.0466368276831216,	0.0301675959969764,	0.0672450859428126,	-0.0542578444179181,	0.0034735996927627,	-0.0503295711121700,	-0.0271147349467761,	
  -0.0814518491606554,	0.0414209636308803,	0.0119354429120771,	0.0241067782567583,	-0.0972745350626937,	-0.0194828064599854,	0.0959656007469946,	0.0895438978304341,	0.0779719934057218,	-0.0508769726542589,	0.0264497204144316,	0.0908400546070722,	
  -0.1191402450729624,	-0.1134072481956759,	-0.0224876671413898,	0.1288625292748001,	-0.0336445613967772,	0.0795149291507644,	0.0629431234869147,	0.0728366011391236,	-0.0281501782535384,	0.1206806283633123,	-0.0867348650482004,	-0.0891776518489886,	
  0.1023627344499483,	-0.0664508354761369,	-0.1271672454898192,	0.0171690687033647,	-0.0675163297202205,	0.0935537555170194,	0.0935044913239818,	-0.0461690324808234,	0.1320207794478921,	0.1103766402341520,	-0.0045974286426331,	0.0975503969185225,	
  -0.0210882089908525,	-0.0187827456093119,	-0.0257182952184252,	-0.0697877614097071,	-0.0555464492390100,	-0.1050288051482670,	-0.0301329025234761,	-0.0502430318541977,	0.0411669178927031,	0.0582906873225840,	-0.1052556579274781,	0.0448620033055475,	
  0.1403802445871097,	-0.0991973866957269,	-0.1054191327423165,	-0.1284455704541805,	-0.0443301517843757,	-0.0114734884410422,	-0.0771248866708437,	-0.1026560361680603,	0.0470189660415934,	-0.0054634726953575,	0.1073855016959481,	-0.0305447827037474,	
  0.0858178548926585,	-0.0499059366065222,	-0.0275282674701633,	-0.1053992229873593,	0.1029488628219233,	-0.0523739293120875,	-0.0940358471350159,	-0.0168493675949649,	-0.0555185093178353,	0.0044435072662216,	-0.0471797474384043,	-0.0646326947096173,	
  -0.1193591370470614,	-0.0816520448330316,	-0.1332450582511217,	-0.1036709133649945,	0.0122192967280829,	-0.0707837883275742,	0.0837246263169666,	0.0445296450557271,	0.0813926121129684,	0.0232464938589891,	0.0314617554718622,	0.0888573905985478,	
};

const PROGMEM tinytype coeff_d2p_data[12*4] = {
  -0.0584956764533057,	-0.0241819555481853,	-0.0270021183235347,	0.0323685222501411,	
  -0.0010509617727417,	0.0116104509029545,	-0.0118027470429477,	0.0078310823062651,	
  0.0273260162609261,	0.0364508979903701,	-0.0175713724461865,	0.0199920028660853,	
  -0.0169500130046952,	-0.0207549741030537,	0.0175029041643504,	-0.0214320713333040,	
  -0.0128983953987181,	0.0244919961732702,	0.0091014917290029,	0.0144696444819069,	
  0.0063232632987220,	-0.0170176579526937,	-0.0004282292365295,	0.0202486106657997,	
  -0.0409105944585545,	0.0260862340520272,	-0.0118867081699181,	0.0136270368685910,	
  -0.0262328083383824,	0.0143173214317454,	-0.0468014638300219,	0.0070306655256026,	
  -0.0467159824552464,	0.0232232587764423,	0.0163583678128465,	0.0406770637846267,	
  -0.0015571809835856,	0.0194180658964581,	0.0312425711413984,	0.0160696843824049,	
  -0.0210131649654351,	0.0092958982049183,	-0.0547239792985989,	-0.0110138695649733,	
  0.0337615731205790,	0.0038745447577895,	0.0052291670377156,	0.0278210470307210,	
};

const PROGMEM tinytype dKinf_drho_data[4*12] = {
  0.0001007961701623,	0.0000256785651019,	0.0000048145839619,	-0.0000250215180667,	0.0000208875513825,	-0.0000107461027207,	-0.0000181676811908,	-0.0000002847213865,	-0.0000835366035531,	0.0000620018335395,	-0.0002543637302893,	-0.0000862210503373,	
  0.0000103488790945,	0.0001310667256317,	0.0001034833341439,	0.0000509239427734,	0.0000546122451212,	-0.0000362606695045,	0.0000289741327531,	0.0000130215736155,	-0.0000370305357013,	-0.0000961070573328,	-0.0000291225454803,	0.0000785908840477,	
  0.0001192306522109,	-0.0000399734298832,	-0.0000103874539959,	0.0000128957619507,	0.0000923151493548,	0.0000419091464238,	-0.0000024433499554,	0.0000487364945851,	-0.0000128175775408,	0.0000304781174599,	-0.0000589751948442,	-0.0000925924337405,	
  0.0000223742232149,	0.0000410816890552,	0.0000624603923451,	0.0001006694347701,	0.0000416678703594,	0.0000493931106658,	-0.0000265344088678,	-0.0000504087889123,	-0.0000465209546935,	-0.0000082336505736,	0.0000207480407386,	0.0000375030955633,	
};

const PROGMEM tinytype dPinf_drho_data[12*12] = {
  0.0002986750475827,	-0.0000099559578391,	0.0000038189488596,	-0.0000057386132202,	0.0001467522007558,	0.0000537919811164,	-0.0000282981374874,	0.0000580038243599,	-0.0001301541054838,	0.0001191173310878,	-0.0004063027418991,	-0.0002365619413371,	
  -0.0000099559578391,	0.0002237054417407,	0.0001777881260618,	0.0001147758555115,	0.0000429059064094,	-0.0000269366212521,	0.0000253869425823,	-0.0000321016750708,	-0.0000809726032949,	-0.0001415669392069,	-0.0000237212006740,	0.0001454393356420,	
  0.0000038189488596,	0.0001777881260618,	0.0001663596461583,	0.0001312047811185,	0.0000591999486061,	0.0000029388604233,	0.0000124883203835,	-0.0000380784385168,	-0.0000581705819038,	-0.0001182920352091,	0.0000288956220082,	0.0001314199219854,	
  -0.0000057386132202,	0.0001147758555115,	0.0001312047811185,	0.0001518826671839,	0.0000641860129008,	0.0000419254446453,	-0.0000012990777911,	-0.0000434173586432,	-0.0000343432549194,	-0.0000932711459392,	0.0001125850081614,	0.0001161265045337,	
  0.0001467522007558,	0.0000429059064094,	0.0000591999486061,	0.0000641860129008,	0.0001368134963692,	0.0000299386469741,	-0.0000057237570675,	0.0000317286197575,	-0.0000719402291391,	-0.0000000786581767,	-0.0001375819941890,	-0.0000551158219105,	
  0.0000537919811164,	-0.0000269366212521,	0.0000029388604233,	0.0000419254446453,	0.0000299386469741,	0.0000622912720914,	-0.0000159869442037,	-0.0000070047417712,	-0.0000073095331617,	0.0000261970864738,	0.0000221389683742,	-0.0000401633850186,	
  -0.0000282981374874,	0.0000253869425823,	0.0000124883203835,	-0.0000012990777911,	-0.0000057237570675,	-0.0000159869442037,	0.0000193386593739,	0.0000147562571174,	0.0000154922069313,	-0.0000397462762476,	0.0000427802110272,	0.0000312040594798,	
  0.0000580038243599,	-0.0000321016750708,	-0.0000380784385168,	-0.0000434173586432,	0.0000317286197575,	-0.0000070047417712,	0.0000147562571174,	0.0000593694533457,	0.0000020428187283,	0.0000194668910409,	-0.0000743505937901,	-0.0000779547521491,	
  -0.0001301541054838,	-0.0000809726032949,	-0.0000581705819038,	-0.0000343432549194,	-0.0000719402291391,	-0.0000073095331617,	0.0000154922069313,	0.0000020428187283,	0.0001177807955164,	-0.0000225393406370,	0.0002515877055737,	0.0000605655580213,	
  0.0001191173310878,	-0.0001415669392069,	-0.0001182920352091,	-0.0000932711459392,	-0.0000000786581767,	0.0000261970864738,	-0.0000397462762476,	0.0000194668910409,	-0.0000225393406370,	0.0001682420828015,	-0.0002198624494832,	-0.0001938570792848,	
  -0.0004063027418991,	-0.0000237212006740,	0.0000288956220082,	0.0001125850081614,	-0.0001375819941890,	0.0000221389683742,	0.0000427802110272,	-0.0000743505937901,	0.0002515877055737,	-0.0002198624494832,	0.0008529085223752,	0.0003661824165895,	
  -0.0002365619413371,	0.0001454393356420,	0.0001314199219854,	0.0001161265045337,	-0.0000551158219105,	-0.0000401633850186,	0.0000312040594798,	-0.0000779547521491,	0.0000605655580213,	-0.0001938570792848,	0.0003661824165895,	0.0003052907391802,	
};

const PROGMEM tinytype dC1_drho_data[4*4] = {
  -0.0000880381424819,	-0.0000045637096303,	0.0000113876035326,	-0.0000083575471086,	
  -0.0000045637096303,	-0.0001120350294580,	-0.0000053241174694,	0.0000126800383595,	
  0.0000113876035326,	-0.0000053241174694,	-0.0001011906555838,	-0.0000032187031914,	
  -0.0000083575471086,	0.0000126800383595,	-0.0000032187031914,	-0.0001071430576109,	
};

const PROGMEM tinytype dC2_drho_data[12*12] = {
  0.0001274289902105,	0.0000204699083188,	-0.0000020979726578,	-0.0000484257362145,	0.0000496301542197,	-0.0000233084261048,	0.0000019354898452,	0.0000442751546523,	-0.0000663260953797,	0.0000461468752144,	-0.0002606969365578,	-0.0001088349546932,	
  0.0000503529875086,	-0.0000795838076526,	-0.0000669907240563,	-0.0000533072051707,	0.0000023530564392,	0.0000134218473747,	-0.0000073013376755,	0.0000297394162173,	0.0000124140020293,	0.0000645918398034,	-0.0000580241905522,	-0.0000946040051446,	
  -0.0000184894627280,	-0.0000742838928382,	-0.0000575878744385,	-0.0000337502019546,	-0.0000211192355247,	0.0000125262772816,	0.0000001032357078,	0.0000153541549114,	0.0000475408802012,	0.0000257365880098,	0.0000709142104343,	-0.0000294560037636,	
  0.0000155461671318,	0.0002027751597359,	0.0001629640088673,	0.0001156318912014,	0.0000365168041645,	-0.0000221107874329,	-0.0000111612133314,	-0.0000728846132319,	-0.0001274824308581,	-0.0000712888160265,	-0.0001423230797306,	0.0001121116594367,	
  -0.0000049539727786,	-0.0000615562210754,	-0.0000675014773162,	-0.0000687354481996,	-0.0000515978116850,	-0.0000106654238028,	-0.0000097860299827,	0.0000016933144700,	0.0000110317489132,	0.0000616515818137,	-0.0000582029916686,	-0.0000587778206243,	
  -0.0000397219604170,	0.0000248871651670,	0.0000005938277559,	-0.0000483282319564,	-0.0000081648103356,	-0.0000548467938548,	0.0000430750878156,	0.0000512413409140,	0.0000452658361518,	-0.0000622429093765,	0.0000458245921286,	0.0000334240542632,	
  0.0001009970916137,	-0.0000632757377023,	-0.0000638813036465,	-0.0000663295056228,	0.0000063265490095,	0.0000070541475296,	-0.0000206894452819,	0.0000217050421713,	-0.0000380717389883,	0.0001027439337525,	-0.0002044662993473,	-0.0001392797763875,	
  0.0001744213793517,	-0.0000715174138962,	-0.0000519617405039,	-0.0000403962302759,	0.0000789122773527,	0.0000348558581489,	-0.0000172263685077,	0.0000546787013862,	-0.0000451551840245,	0.0001008986385402,	-0.0002173172780388,	-0.0001786361004188,	
  0.0000544651231338,	-0.0000597114074921,	-0.0000902248210164,	-0.0001299450955310,	-0.0000555358860706,	-0.0000407367919061,	-0.0000103754387795,	0.0000233982668778,	-0.0000270510108195,	0.0001069727507888,	-0.0002443897889541,	-0.0001335077141085,	
  -0.0000808458709459,	-0.0000492137442914,	-0.0000622149461603,	-0.0000664766924272,	-0.0000930559711668,	-0.0000261215460347,	-0.0000024210831986,	-0.0000165797912068,	0.0000391181623056,	0.0000290517635311,	0.0000358559131758,	0.0000044649338058,	
  0.0001271438234145,	-0.0000394936354391,	-0.0000173917972559,	0.0000027279248211,	0.0000728067582992,	0.0000394580356709,	-0.0000159730330441,	0.0000296370665440,	-0.0000378241857143,	0.0000607017079798,	-0.0001278311957560,	-0.0001106307987297,	
  -0.0000985903217012,	-0.0000422872983470,	-0.0000386428367053,	-0.0000346682891574,	-0.0000479112558814,	-0.0000184677581712,	0.0000254099335878,	0.0000196167117054,	0.0000885846941547,	-0.0000403987740902,	0.0001874656740411,	0.0000510612125961,	
};

