#pragma once

typedef float tinytype;

const PROGMEM tinytype Adyn_data[12*12] = {
  0.1322631385670580,	-0.0890449979421886,	0.0814291335913361,	0.1325697979048572,	0.0778518826727118,	-0.0695737136204191,	-0.0870028794541868,	0.0148336275255009,	0.0907954147545229,	0.1063515704666047,	-0.1291110994824211,	-0.0130146652884278,	
  0.0962322888163702,	-0.0358893430941372,	-0.0083412373305946,	0.1103608872741596,	0.0233795660196187,	0.0090678403663852,	-0.1093109172593056,	0.0169346741474856,	-0.0519977890522836,	0.1310860427337104,	-0.0629739896245979,	0.0226986368838892,	
  -0.1294676194104214,	-0.1486524280153409,	0.0233874705485801,	0.0778581216989794,	-0.0328414843754868,	0.0027697098461074,	0.0944009550227396,	-0.0981079984931894,	0.0547151426729679,	0.1220125957455430,	0.0890334558569682,	0.0366208774174702,	
  -0.0620672412379211,	0.0112640418020629,	0.0134992974633548,	-0.0715855578178954,	-0.1136666501544721,	0.0816941006111688,	-0.0584619585266296,	-0.0647319393320403,	-0.0443122701111303,	-0.0076674322374621,	0.0524855706724888,	0.0897618506177967,	
  -0.0548818769844029,	0.1401351234821681,	-0.1314940373035511,	0.1187419924795718,	-0.0934352515967145,	0.1149153952374131,	-0.0741864424092370,	-0.0932152465875850,	0.1045918974062954,	-0.0377476698812677,	-0.1105257589487667,	0.1191641725392478,	
  0.0863767663232129,	0.1378874539453696,	-0.0704806405728797,	0.0443968502393956,	-0.0436355213690113,	0.0028407305205091,	-0.1409447292621359,	0.0879901096928430,	0.0112637037465312,	0.1329181007087770,	0.0430324609940912,	-0.0329309682134827,	
  0.0036558785958000,	-0.0982056053101852,	-0.1216548129645907,	0.0566257701501506,	0.0025241976942944,	0.1367177551975583,	0.0860610757020078,	-0.1328345297088920,	0.1274854825531535,	0.1140176181805995,	0.0712977143850426,	0.0336637293149926,	
  0.0240739702772895,	0.0129412969647988,	0.0412846798830757,	-0.0986136057746186,	-0.1235935645359067,	0.0737038607906322,	-0.0403773751364536,	-0.1397781190077618,	0.0988209124740144,	-0.0577664956661286,	0.1087083422568020,	-0.1423249860245771,	
  -0.0771048977281547,	0.0549446804413602,	0.1337541810650585,	0.0949171201042169,	-0.1320542435602021,	-0.0581938140284499,	-0.1418170473732839,	-0.1307939189549640,	-0.1104139298601547,	-0.0891831773402878,	0.0834690935779529,	0.0008286393539539,	
  -0.0738747443980430,	-0.0458350350646185,	-0.1262822023634714,	0.0307160653695608,	-0.0909575387142617,	-0.1245885385268007,	-0.1003030337935371,	-0.1260728121030817,	0.0068459225100625,	0.1137169901868882,	0.1130290525971374,	0.0765803690564562,	
  -0.1463747768058361,	0.0103750841026519,	0.0679804887752871,	-0.0269328790095747,	-0.0490487441128696,	-0.1057824450507521,	0.0847583874701513,	0.0247236614155775,	0.0665711568902121,	-0.0795556994151852,	-0.1339715457031941,	0.0238217741507123,	
  -0.0764211120396401,	0.1342816985864417,	0.0048085425399082,	-0.0299669684129374,	-0.0302252795024927,	-0.0608503032125574,	0.0893596812155396,	-0.0517184916090695,	-0.0895260932950638,	0.1000416902199868,	0.0581399524012024,	0.0665758073846148,	
};

const PROGMEM tinytype Bdyn_data[12*4] = {
  -0.9411506778448067,	0.6268869877257197,	-0.4570706801175559,	0.0156349014001991,	
  -0.5566066823276621,	-0.4009176864626265,	-0.5733684442531657,	-0.7338056549130050,	
  0.2544843620639698,	-0.1638750425285791,	-0.6653512282178300,	0.5337585215075045,	
  -0.2709405499387294,	-0.0345503991971492,	-0.4391088445523326,	0.9505610218088549,	
  0.4804418720638868,	-0.0905435753017458,	0.3002164537735776,	0.8654182824186303,	
  -0.9890062418365473,	-0.9131476411077784,	0.5677188348982487,	0.8117654881181637,	
  -0.8511219726963943,	-0.1520851693334526,	0.4945696472341568,	-0.1518917056058708,	
  0.7991627481353702,	-0.5912243970909843,	0.7928458873552047,	0.7428241111307394,	
  -0.5399537075983667,	0.6983949359023456,	-0.1029394252496294,	0.7437834013090845,	
  -0.7807601830688398,	0.6084973210972087,	0.2935710711256700,	-0.1290766756170585,	
  0.1077856894942886,	-0.3552329237004677,	0.8016848383872384,	-0.9027772290478264,	
  0.7339487048497815,	0.7916982760677260,	0.9309036641622901,	-0.0460053055625280,	
};

const PROGMEM tinytype Q_data[12] = {
  4.8638200289151863,2.0838316026563630,8.6161084531262340,7.8110018420849467,0.9755231299050877,6.2623790587561770,5.3133764155830256,3.0270609411490312,1.3491015582201593,3.1075376833451518,
  6.6500059120040378,8.2807350784492968,
};

const PROGMEM tinytype Qf_data[12] = {
  43.7743802602366756,18.7544844239072681,77.5449760781361022,70.2990165787645225,8.7797081691457901,56.3614115288055899,47.8203877402472273,27.2435484703412811,12.1419140239814336,27.9678391501063643,
  59.8500532080363428,74.5266157060436711,
};

const PROGMEM tinytype R_data[4] = {
  0.1000000000000000,0.1000000000000000,0.1000000000000000,0.1000000000000000,
};

const PROGMEM tinytype umin[4] = {
  -3.0,	
  -3.0,	
  -3.0,	
  -3.0,	
};

const PROGMEM tinytype umax[4] = {
  3.0,	
  3.0,	
  3.0,	
  3.0,	
};

const PROGMEM tinytype xmin[12] = {
  -10000.0,	
  -10000.0,	
  -10000.0,	
  -10000.0,	
  -10000.0,	
  -10000.0,	
  -10000.0,	
  -10000.0,	
  -10000.0,	
  -10000.0,	
  -10000.0,	
  -10000.0,	
};

const PROGMEM tinytype xmax[12] = {
  10000.0,	
  10000.0,	
  10000.0,	
  10000.0,	
  10000.0,	
  10000.0,	
  10000.0,	
  10000.0,	
  10000.0,	
  10000.0,	
  10000.0,	
  10000.0,	
};

const PROGMEM tinytype rho_value = 85.0;

const PROGMEM tinytype Kinf_data[4*12] = {
  -0.0147734687750098,	0.0045972056455505,	0.0090673878756171,	-0.0138343938230180,	-0.0012623713386730,	-0.0009206023467082,	0.0203701155714645,	-0.0035352430346185,	-0.0078588660825958,	-0.0138691405335536,	0.0033631181571690,	-0.0017960242923667,	
  -0.0044627868825525,	0.0007037019378134,	0.0033647041044203,	0.0014094320344155,	0.0022363740466220,	-0.0095817213107502,	0.0037956847846678,	-0.0083410973476407,	-0.0095588467715667,	0.0032485690056216,	0.0016896472919027,	0.0090436322227424,	
  -0.0055118647846736,	0.0228348125032235,	-0.0071856323899205,	-0.0080966240383345,	-0.0072157450264453,	-0.0060406433218945,	0.0054415046652973,	-0.0009860181239998,	0.0003181465858698,	0.0014697934877907,	0.0022271841330164,	-0.0002209486395638,	
  0.0005415348506280,	0.0048766274332788,	-0.0022015692956299,	0.0000113716286017,	-0.0144387476282947,	0.0136984103504936,	-0.0138774705557453,	-0.0115997064257245,	-0.0013448530892219,	0.0083573676536385,	0.0193077701549828,	0.0017622217418922,	
};

const PROGMEM tinytype Pinf_data[12*12] = {
  5.4357732396110539,	0.0933273625510654,	-0.0358953294711079,	0.0851707563053496,	0.2353237492278438,	0.0932993583675761,	-0.3216690856147618,	0.2568366272218086,	0.0168258084555861,	0.0156890954354427,	-0.1490114783702763,	-0.2343731587256063,	
  0.0933273625510653,	2.6272417724794068,	-0.0299766870902293,	-0.1563093998054438,	-0.0759650193727737,	-0.0759521178032087,	-0.1805310469098636,	0.2080585800020292,	-0.2545889581985494,	-0.0817215611085646,	-0.0288627737489833,	-0.0005393180321141,	
  -0.0358953294711079,	-0.0299766870902293,	8.9006564363449510,	-0.0236989470025623,	0.0158926599905945,	-0.1274185907692998,	0.0127483530465794,	0.0762226337407550,	-0.0369413623225042,	-0.1591678992519107,	-0.1616333608752256,	-0.0635475656060351,	
  0.0851707563053496,	-0.1563093998054438,	-0.0236989470025624,	8.1036252064084486,	0.0928982810887738,	-0.0402824219285267,	-0.0474392182646333,	-0.0295734130783951,	0.1307453305122106,	0.2418323430449966,	-0.0520355238859639,	0.0065577304156527,	
  0.2353237492278438,	-0.0759650193727737,	0.0158926599905944,	0.0928982810887738,	1.2528243241280907,	-0.0215520633782346,	0.0508982014316517,	0.2022495922696915,	0.0246869205588723,	0.0082854977164017,	-0.1692329254989548,	-0.1040983579523872,	
  0.0932993583675762,	-0.0759521178032086,	-0.1274185907692997,	-0.0402824219285267,	-0.0215520633782346,	6.6330251179697877,	0.0233158028404783,	-0.1311399187320306,	0.0845108594943319,	-0.0146425636522207,	0.1405414876140341,	-0.0165934299163128,	
  -0.3216690856147618,	-0.1805310469098637,	0.0127483530465793,	-0.0474392182646333,	0.0508982014316517,	0.0233158028404783,	5.8191803893171503,	-0.1351604513012454,	0.0703861252621111,	0.0236371055070988,	0.0617812644030926,	0.0899556189393689,	
  0.2568366272218087,	0.2080585800020291,	0.0762226337407550,	-0.0295734130783951,	0.2022495922696915,	-0.1311399187320306,	-0.1351604513012453,	3.4821976061159767,	-0.1130158357782007,	-0.1414760017445382,	-0.2855179002861041,	-0.1311001713369133,	
  0.0168258084555861,	-0.2545889581985494,	-0.0369413623225042,	0.1307453305122106,	0.0246869205588723,	0.0845108594943318,	0.0703861252621110,	-0.1130158357782007,	1.6898466385411615,	0.0586832302038209,	-0.0695660633543325,	-0.0685944920509876,	
  0.0156890954354428,	-0.0817215611085645,	-0.1591678992519107,	0.2418323430449966,	0.0082854977164017,	-0.0146425636522207,	0.0236371055070987,	-0.1414760017445382,	0.0586832302038209,	3.6846878275577826,	0.2034087247062509,	0.1129245820894626,	
  -0.1490114783702763,	-0.0288627737489834,	-0.1616333608752256,	-0.0520355238859639,	-0.1692329254989548,	0.1405414876140342,	0.0617812644030926,	-0.2855179002861041,	-0.0695660633543325,	0.2034087247062509,	7.1072051151684121,	0.0627566204465960,	
  -0.2343731587256064,	-0.0005393180321141,	-0.0635475656060351,	0.0065577304156527,	-0.1040983579523872,	-0.0165934299163128,	0.0899556189393689,	-0.1311001713369132,	-0.0685944920509876,	0.1129245820894626,	0.0627566204465960,	8.5201180229752342,	
};

const PROGMEM tinytype Quu_inv_data[4*4] = {
  0.0089421014816782,	-0.0003668305277297,	-0.0002750102164826,	0.0002593400529004,	
  -0.0003668305277297,	0.0097341013105985,	0.0000528212880486,	0.0002888838238008,	
  -0.0002750102164826,	0.0000528212880486,	0.0090685765008144,	0.0005757606198825,	
  0.0002593400529004,	0.0002888838238008,	0.0005757606198825,	0.0089793277985421,	
};

const PROGMEM tinytype AmBKt_data[12*12] = {
  0.1186289628111626,	-0.0747985986286190,	0.0846037020514737,	0.1149650869281433,	0.0721894901508315,	-0.0674086569799808,	-0.0675068716552891,	0.0164660368294057,	0.0895577963943839,	0.0918032667038396,	-0.1262890109664751,	-0.0205028714389649,	
  0.0834571191821132,	-0.0163771234516920,	-0.0076808381257937,	0.0985916332935903,	0.0088410084463262,	0.0113024021229534,	-0.1035143969553880,	0.0025455589512984,	-0.0610088427511956,	0.1316442120545360,	-0.0449794980767528,	0.0264911531707804,	
  -0.1303957168693844,	-0.1371167966799253,	0.0180254901937513,	0.0762165608681595,	-0.0292479449480303,	-0.0098970089494031,	0.1008668271403858,	-0.0930398383254955,	0.0560781507915385,	0.1225915472103806,	0.0796306587468536,	0.0374723538086517,	
  -0.0691592345585336,	0.0179253605886181,	0.0150097236139914,	-0.0788512683020934,	-0.1033749968850888,	0.0654399449594426,	-0.0372309303690484,	-0.0553847087535279,	-0.0453537516748724,	-0.0186116940611574,	0.0360799162678219,	0.0878155761103565,	
  -0.0470020623303820,	0.1269144401153475,	-0.1314832143771232,	0.1279371281033464,	-0.0779644246897008,	0.1044487736064922,	-0.0732532364985666,	-0.0819373837055729,	0.1085704811876477,	-0.0384640919360635,	-0.1293664896325351,	0.1193871741116327,	
  0.0703801203278998,	0.1261542717901865,	-0.0525738889284585,	0.0365889428039440,	-0.0270244834415329,	-0.0145097869351678,	-0.1091565302366635,	0.0868531013071991,	-0.0043263147287178,	0.1145492051974751,	0.0309637074370374,	-0.0277541501061339,	
  -0.0067886133160217,	-0.1047384858498129,	-0.1102062427542997,	0.0490714390485533,	0.0031654475040074,	0.1395451663531100,	0.0991767202995123,	-0.1383862544947980,	0.1189812524456380,	0.1032498466779120,	0.0762483009091811,	0.0338874372710058,	
  0.0372096618811580,	-0.0120435363988764,	0.0433601342690275,	-0.0803134550330938,	-0.1048161018490913,	0.0633884142091595,	-0.0484180660926083,	-0.1324860426897885,	0.1001967501588246,	-0.0521355358720643,	0.0909115332259299,	-0.1366766968858094,	
  -0.0829352720346393,	0.0556589447400374,	0.1371980642900411,	0.0856209278181998,	-0.1243012217779823,	-0.0628095416328347,	-0.1225870373639002,	-0.1183512374307648,	-0.1069484743289856,	-0.1050054269775832,	0.0699734466808924,	-0.0077906131751846,	
  -0.0810056631537341,	-0.0487481021954183,	-0.1194248378279691,	0.0214354883018964,	-0.0930493471556364,	-0.1159353530348819,	-0.0900972487724627,	-0.1249652388576872,	0.0062595776420398,	0.1015590243326802,	0.1164650414481486,	0.0699674046735488,	
  -0.1414600733588445,	-0.0037742655507533,	0.0719714937105598,	-0.0184398458892695,	-0.0553684640460869,	-0.0918776550635164,	0.0670204965190148,	0.0124602025815229,	0.0625534570640589,	-0.0705402758166097,	-0.1180887078772184,	0.0289959806182839,	
  -0.0568890344840129,	0.1093178059514024,	0.0020775621662185,	-0.0133913777561543,	-0.0250163926825885,	-0.0463353395128825,	0.0657000702688713,	-0.0421359323258311,	-0.0765484004017431,	0.1066652885797881,	0.0531488713328516,	0.0610209224956066,	
};

const PROGMEM tinytype coeff_d2p_data[12*4] = {
  -0.0440793082755264,	0.0315872415380600,	-0.0227048322213911,	0.0048061490845694,	
  -0.0082915446584303,	-0.0122486670186442,	-0.0144113027075972,	-0.0211064133979042,	
  0.0266189052942846,	-0.0146242290356553,	-0.0534089493191139,	0.0403236992607327,	
  -0.0180765681448498,	0.0044856260172157,	-0.0266137466809423,	0.0688161297625494,	
  0.0041782869643779,	-0.0001771637720640,	0.0025928703406692,	0.0140433254821326,	
  -0.0583123809101447,	-0.0530784752783422,	0.0394789085185931,	0.0450408319330667,	
  -0.0421337088877006,	-0.0066321467571927,	0.0297174626826359,	-0.0071719226774261,	
  0.0262883613700759,	-0.0199819975610951,	0.0190518172850729,	0.0258959243712884,	
  -0.0103521599148111,	0.0133102473607373,	-0.0002362477239237,	0.0143578301302695,	
  -0.0281588453923457,	0.0248929886195009,	0.0122285189941879,	-0.0040830174697487,	
  0.0003404057513993,	-0.0252209003919615,	0.0490747588642622,	-0.0589007273739100,	
  0.0505416422995443,	0.0631107007131325,	0.0713831091043656,	0.0013646938961985,	
};

const PROGMEM tinytype dKinf_drho_data[4*12] = {
  0.0001285494919020,	-0.0000366384421940,	-0.0000822380121136,	0.0001220046335251,	0.0000141288257668,	0.0000016198884307,	-0.0001740171578816,	0.0000299534688378,	0.0000685181502960,	0.0001232740250056,	-0.0000334214541030,	0.0000190793601924,	
  0.0000379976061944,	-0.0000070395570253,	-0.0000279764398272,	-0.0000186048540173,	-0.0000185036722168,	0.0000883837891850,	-0.0000272197263490,	0.0000829280347125,	0.0000900706831520,	-0.0000397294250443,	-0.0000210077000066,	-0.0000887729441359,	
  0.0000456051014158,	-0.0002085300951216,	0.0000685109381488,	0.0000695386072523,	0.0000732517109169,	0.0000472324431462,	-0.0000356549884162,	0.0000151453821801,	-0.0000035755025416,	-0.0000220429771025,	-0.0000303921942360,	0.0000001145178188,	
  0.0000034768166745,	-0.0000572324819556,	0.0000209439790544,	0.0000076570969286,	0.0001319342391150,	-0.0001154397368053,	0.0001134398261638,	0.0001063520775487,	0.0000179588167542,	-0.0000751685032061,	-0.0001755481656871,	-0.0000181429076888,	
};

const PROGMEM tinytype dPinf_drho_data[12*12] = {
  0.0002812480122994,	-0.0001954837779246,	-0.0001065533356375,	0.0002468305709265,	0.0000399181469275,	0.0001026511173740,	-0.0003674256572355,	0.0000841972467478,	0.0001550974940811,	0.0001834807813133,	-0.0000577025558791,	-0.0000203584565739,	
  -0.0001954837779246,	0.0005821719129469,	-0.0001183003772016,	-0.0002502731813468,	-0.0002506312258170,	-0.0001038914220868,	0.0001284792664085,	-0.0000940559760437,	-0.0000517414253429,	0.0000054853304448,	0.0001585728427693,	0.0000015261283425,	
  -0.0001065533356375,	-0.0001183003772016,	0.0001717731688654,	-0.0000662432133411,	0.0000716513721423,	-0.0000585831848461,	0.0001592318141185,	-0.0000116344654483,	-0.0001192070363886,	-0.0001507087050946,	-0.0000285455733708,	0.0000050786332898,	
  0.0002468305709265,	-0.0002502731813468,	-0.0000662432133411,	0.0002622167900362,	0.0000808136489181,	0.0000580500478115,	-0.0003183360144218,	0.0000404582581979,	0.0000960021621990,	0.0001853424117135,	-0.0000602209121788,	0.0000375677777311,	
  0.0000399181469275,	-0.0002506312258170,	0.0000716513721423,	0.0000808136489181,	0.0002790818745940,	-0.0001652025226283,	0.0001652731790682,	0.0001639296354777,	0.0000081427046780,	-0.0000964998634884,	-0.0002954967261480,	-0.0000003609770804,	
  0.0001026511173740,	-0.0001038914220868,	-0.0000585831848461,	0.0000580500478115,	-0.0001652025226283,	0.0003878961478326,	-0.0002383193665041,	-0.0001090321114431,	0.0001165208376564,	0.0000850748802451,	0.0002466270454536,	-0.0000615642539771,	
  -0.0003674256572355,	0.0001284792664085,	0.0001592318141185,	-0.0003183360144218,	0.0001652731790682,	-0.0002383193665041,	0.0007130590743745,	0.0000435796494089,	-0.0001529060321308,	-0.0003621188882544,	-0.0001753042854087,	-0.0000189528785592,	
  0.0000841972467478,	-0.0000940559760437,	-0.0000116344654483,	0.0000404582581979,	0.0001639296354777,	-0.0001090321114431,	0.0000435796494089,	0.0002496594829831,	0.0001015846072244,	-0.0000685392878872,	-0.0002622229116238,	-0.0000898385825264,	
  0.0001550974940811,	-0.0000517414253429,	-0.0001192070363886,	0.0000960021621990,	0.0000081427046780,	0.0001165208376564,	-0.0001529060321308,	0.0001015846072244,	0.0001800705240711,	0.0000628220156902,	-0.0000595756958890,	-0.0000754603896943,	
  0.0001834807813133,	0.0000054853304448,	-0.0001507087050946,	0.0001853424117135,	-0.0000964998634884,	0.0000850748802451,	-0.0003621188882544,	-0.0000685392878872,	0.0000628220156902,	0.0002880711718484,	0.0001214802077416,	0.0000737724885788,	
  -0.0000577025558791,	0.0001585728427693,	-0.0000285455733708,	-0.0000602209121788,	-0.0002954967261480,	0.0002466270454536,	-0.0001753042854087,	-0.0002622229116238,	-0.0000595756958890,	0.0001214802077416,	0.0003960714605119,	0.0000418558043993,	
  -0.0000203584565739,	0.0000015261283425,	0.0000050786332898,	0.0000375677777311,	-0.0000003609770804,	-0.0000615642539771,	-0.0000189528785592,	-0.0000898385825264,	-0.0000754603896943,	0.0000737724885788,	0.0000418558043993,	0.0000986195731216,	
};

const PROGMEM tinytype dC1_drho_data[4*4] = {
  -0.0000803529586033,	0.0000067921073119,	0.0000048336184325,	-0.0000044374141496,	
  0.0000067921073119,	-0.0000950741891990,	-0.0000012461533993,	-0.0000054301910458,	
  0.0000048336184325,	-0.0000012461533993,	-0.0000826742588370,	-0.0000103419084877,	
  -0.0000044374141496,	-0.0000054301910458,	-0.0000103419084877,	-0.0000814429011637,	
};

const PROGMEM tinytype dC2_drho_data[12*12] = {
  0.0001179546315872,	-0.0001244874561975,	-0.0000288734107071,	0.0001581522249900,	0.0000563154957941,	-0.0000304886344563,	-0.0001647831441411,	-0.0000185360724909,	0.0000061067226445,	0.0001320253453847,	-0.0000294318730356,	0.0000739431616290,	
  0.0001154852523546,	-0.0001847775797951,	-0.0000023396563276,	0.0001059396433476,	0.0001392600596455,	-0.0000212924742184,	-0.0000449726419372,	0.0001366452568690,	0.0000853767911830,	-0.0000151109033097,	-0.0001732691249887,	-0.0000382186513608,	
  0.0000020006536030,	-0.0001000271270769,	0.0000507484573328,	0.0000080834144334,	-0.0000283107638620,	0.0001071147682370,	-0.0000444485526295,	-0.0000407221832298,	-0.0000146410972220,	-0.0000124264655849,	0.0000785414453020,	-0.0000096429426476,	
  0.0000528627794705,	-0.0000473345017772,	-0.0000130729806330,	0.0000556696769708,	-0.0000900573084409,	0.0001339652863714,	-0.0001715766547047,	-0.0000834628622133,	0.0000030353373868,	0.0000938002476425,	0.0001437427108820,	0.0000193984583435,	
  -0.0000750204219602,	0.0001290994569906,	-0.0000017159156675,	-0.0000878039102739,	-0.0001446331396316,	0.0000929480242058,	-0.0000063281275734,	-0.0001034682251006,	-0.0000392321303723,	0.0000088466138142,	0.0001752017825155,	-0.0000015375194041,	
  0.0001331204395141,	0.0001221820133815,	-0.0001627770766951,	0.0000579802214147,	-0.0001516091257542,	0.0001492047750791,	-0.0002688042116147,	0.0000104184420556,	0.0001374642426636,	0.0001591733593997,	0.0001075210050837,	-0.0000475304258182,	
  0.0000931633702046,	0.0000621851208629,	-0.0001049515945004,	0.0000677826670449,	-0.0000069771362844,	-0.0000260734850816,	-0.0001173850996674,	0.0000467697318196,	0.0000765118486827,	0.0000983632902594,	-0.0000432739470796,	-0.0000000745797871,	
  -0.0001190073337622,	0.0002329640161365,	-0.0000206951061824,	-0.0001693224768047,	-0.0001783123053186,	0.0000992634695669,	0.0000669781367082,	-0.0000659174605937,	-0.0000120105875526,	-0.0000486913536458,	0.0001687866526818,	-0.0000543460500032,	
  0.0000449820034161,	0.0000062359302294,	-0.0000333914230280,	0.0000803334327104,	-0.0000700382252691,	0.0000298721146193,	-0.0001629960543080,	-0.0001192868859717,	-0.0000396338096821,	0.0001479490897018,	0.0001240668900050,	0.0000858067278930,	
  0.0000643053207200,	0.0000295087396356,	-0.0000645940270100,	0.0000871511930360,	0.0000178157093160,	-0.0000812832109470,	-0.0000941928286962,	-0.0000177936846073,	0.0000020562026368,	0.0001171913789330,	-0.0000270479160693,	0.0000665390581201,	
  -0.0000337799223116,	0.0001169556514653,	-0.0000370905046779,	-0.0000685948046025,	0.0000522864419689,	-0.0001108596682169,	0.0001400821719268,	0.0001101006235437,	0.0000436900330468,	-0.0000775892680975,	-0.0001379761974783,	-0.0000500623656135,	
  -0.0001667253764083,	0.0002239523741735,	0.0000196938324601,	-0.0001391971891174,	-0.0000578411190917,	-0.0001204419033037,	0.0001876796713023,	-0.0000968444237206,	-0.0001174429629747,	-0.0000419613554826,	0.0000613774508053,	0.0000553368400622,	
};

