#pragma once

typedef float tinytype;

const PROGMEM tinytype Adyn_data[12*12] = {
  0.0241722913996740,	-0.0141086780484213,	0.0644151777679903,	0.0686772264398387,	0.0641623463804105,	0.0622289063377317,	0.1155194037019781,	-0.0735194786292099,	0.0452794538573998,	0.0144640722396953,	-0.1143648295835377,	0.1091540322623655,	
  0.0217095605659632,	0.0197917338737413,	-0.1490211122305546,	-0.1046370963883620,	0.0892722337444158,	-0.0738872564690088,	-0.0027438156136427,	0.0926420547799713,	-0.1232765796433082,	-0.0326016273624145,	0.1352596875418422,	0.0725149036326275,	
  0.1022415987926296,	-0.0085480485895445,	0.0579731500365349,	0.0665185859931978,	-0.0745504590597105,	-0.0210784164478213,	0.0089723321533548,	0.1400462638051518,	-0.0424042509579770,	-0.0666795820961400,	-0.1091847601023018,	-0.1007962882604687,	
  0.1348227317507537,	-0.1087428323794579,	-0.0353206407816096,	-0.0521856316908913,	-0.1400894107656183,	-0.1109070907762942,	0.1219313534523323,	0.0206323140931047,	-0.1155709790878663,	-0.0336730495859460,	0.1344487967587314,	-0.1172142912655069,	
  -0.1408249382580971,	0.1054174960361502,	0.0085119218248509,	-0.0489427669332245,	0.1155651167450251,	0.0027644842501401,	-0.0590133948542088,	0.0880586073170993,	0.0792207285904263,	0.1454817096216989,	-0.0950358257299422,	0.0043911217485911,	
  0.0199279220897306,	0.0902846750760196,	0.0143720341443948,	0.0768566756258765,	0.0357103199840971,	0.0092997028315799,	-0.0334580378014765,	-0.0856533381589935,	-0.0653215473984840,	0.0079829255918073,	-0.0158612728135009,	-0.0568678276112508,	
  0.0507871996968881,	0.0890763958294793,	0.1380421305910927,	0.1415745368320982,	-0.0852579522009766,	0.0815746721725750,	0.0640385042247770,	0.0643508320377928,	0.0140589479605704,	0.0177604889890422,	0.0867988108265099,	0.1244830034804074,	
  -0.0165649747755845,	-0.1044959371462380,	-0.0625182852216881,	0.0545926801677351,	-0.1267214858866485,	-0.1138540149228278,	-0.0054140633078717,	-0.0962594807271716,	-0.1118792174542711,	0.0780601691932107,	0.0019571887448632,	-0.0357237888948706,	
  -0.0347984737346202,	-0.0477349851124402,	0.0201526934632078,	0.0670312485951715,	0.1116871791511072,	0.1420819235494791,	-0.0309595380624780,	-0.0909305998849618,	-0.1278842531500966,	-0.1403045549532736,	-0.0008728906904393,	-0.0562635952020313,	
  0.1108171580482806,	0.0771663558664926,	0.0603219787827899,	0.0747739099285019,	0.0104137931419918,	-0.0324033671221182,	-0.1095534722546088,	0.1428575599374717,	-0.1109466265155388,	-0.0310468770330808,	0.0007149520501715,	-0.0658262750338278,	
  0.0245574118529778,	-0.0423971546195079,	-0.0438953388560901,	-0.1185568058798920,	0.0024995754704840,	0.0959207111819354,	0.0906558902521326,	0.0664471824245808,	-0.0251066835579300,	-0.0173536166138895,	-0.1409074215791508,	0.1192450706967940,	
  0.0999518640945074,	-0.0923816079550776,	0.0084328281783464,	-0.0150947419873206,	0.1137517482093484,	0.0468914981487691,	-0.0662991546457387,	-0.1240903510417485,	0.1023267363119773,	-0.1133139371795902,	0.0923595791390850,	-0.0935836413259514,	
};

const PROGMEM tinytype Bdyn_data[12*4] = {
  0.9455039909558982,	-0.6305043651855469,	-0.9184311685263149,	0.5810244247219798,	
  -0.1505412375890272,	0.7892886823087455,	0.0992859322509756,	-0.7323998325505607,	
  0.1378879537495850,	0.3486920646259690,	-0.7915456677572392,	0.9596468777948763,	
  0.4341356516844883,	-0.7987166056488566,	0.6230709230333404,	-0.6972480120534919,	
  0.7975751141637333,	-0.4078040206183169,	0.1085002690281571,	-0.8885777138571762,	
  0.7285437915033541,	0.6075436494864919,	0.8281709974113092,	-0.2744949665333902,	
  0.9591168801477241,	-0.6560178223805149,	0.5470375271620773,	-0.2809143147691873,	
  0.3547312924034696,	-0.6830300532486482,	-0.9989185622190011,	-0.6072795403762963,	
  0.5861609640449259,	0.5299152089114527,	-0.9230210076561776,	-0.4768313743427435,	
  -0.4781503798559246,	-0.0278605447270270,	-0.4453176533306227,	-0.1866638267014851,	
  -0.8698856153949168,	0.4005354808309212,	0.8652472283051345,	-0.7240556530466189,	
  -0.8139674706308133,	-0.2113487903813651,	0.2382209337124495,	0.7675641631797601,	
};

const PROGMEM tinytype Q_data[12] = {
  7.5981106837318011,5.8773047389853543,8.3297915968480467,1.0424178762883167,1.7660535665214430,4.2463632322613245,1.5825337350272903,2.9735331288142466,9.3310798947694362,6.3669345689210228,
  8.2665301081322635,5.3774124387799533,
};

const PROGMEM tinytype Qf_data[12] = {
  68.3829961535862054,52.8957426508681863,74.9681243716324275,9.3817608865948507,15.8944820986929862,38.2172690903519197,14.2428036152456130,26.7617981593282188,83.9797190529249207,57.3024111202892072,
  74.3987709731903664,48.3967119490195827,
};

const PROGMEM tinytype R_data[4] = {
  0.1000000000000000,0.1000000000000000,0.1000000000000000,0.1000000000000000,
};

const PROGMEM tinytype umin[4] = {
  -3.0,	
  -3.0,	
  -3.0,	
  -3.0,	
};

const PROGMEM tinytype umax[4] = {
  3.0,	
  3.0,	
  3.0,	
  3.0,	
};

const PROGMEM tinytype xmin[12] = {
  -10000.0,	
  -10000.0,	
  -10000.0,	
  -10000.0,	
  -10000.0,	
  -10000.0,	
  -10000.0,	
  -10000.0,	
  -10000.0,	
  -10000.0,	
  -10000.0,	
  -10000.0,	
};

const PROGMEM tinytype xmax[12] = {
  10000.0,	
  10000.0,	
  10000.0,	
  10000.0,	
  10000.0,	
  10000.0,	
  10000.0,	
  10000.0,	
  10000.0,	
  10000.0,	
  10000.0,	
  10000.0,	
};

const PROGMEM tinytype rho_value = 85.0;

const PROGMEM tinytype Kinf_data[4*12] = {
  -0.0085991468883113,	0.0059743916912685,	0.0084826764710883,	0.0172871767746552,	0.0025962991437425,	0.0038245616802592,	0.0059896019211465,	-0.0130058467330110,	-0.0031132738866390,	0.0043504327507814,	-0.0032375347468487,	0.0003055368441736,	
  0.0008749674997624,	0.0026366909246347,	-0.0068551969088664,	-0.0048794235575835,	0.0089380064878117,	0.0061755988013367,	-0.0053918237266634,	0.0088250653206191,	-0.0157975239770950,	-0.0135432172398421,	-0.0002158444731112,	-0.0051097669610323,	
  -0.0035704660229142,	0.0067191525872159,	-0.0072884183794076,	-0.0179899420446151,	-0.0023003567388360,	-0.0016817250956779,	0.0035141771588572,	0.0017776125854448,	0.0143258487728494,	0.0107601468864596,	0.0048313455778939,	0.0102166732442733,	
  0.0115878981906853,	-0.0016531705257996,	0.0137553162396073,	0.0116930885499736,	-0.0056798975737071,	-0.0024635353639224,	0.0004087653724411,	-0.0014702786761797,	0.0175531233967524,	-0.0039128023392210,	-0.0048515801768946,	-0.0108877715415727,	
};

const PROGMEM tinytype Pinf_data[12*12] = {
  7.9095647309342416,	-0.0191320448884513,	0.0752997766641088,	0.0847421711526665,	-0.0636549913049727,	-0.0482114320388894,	-0.0126542234025738,	0.1733246767004423,	-0.1055419453761607,	-0.1493476827511127,	0.0043497842430746,	-0.1177816696549736,	
  -0.0191320448884513,	6.1267414718365094,	0.0724493414235279,	0.0735877751185550,	0.0047608160469509,	-0.0727366445482953,	-0.0987405397060248,	0.1787381597963853,	0.0026376615153127,	0.1148918653138603,	0.0093812872693715,	0.0069107105321226,	
  0.0752997766641088,	0.0724493414235279,	8.5878134854241619,	0.2315013105453953,	-0.0188648438223224,	0.1350243972646261,	-0.0308781230008943,	-0.0008247718610143,	0.0733278608337706,	-0.0506122732802392,	-0.1312319678195460,	-0.0896171694278522,	
  0.0847421711526665,	0.0735877751185550,	0.2315013105453954,	1.3890756717997155,	-0.0305037580328117,	0.0517418340624821,	-0.1124312395920320,	-0.0807108486641766,	-0.0746481013332837,	-0.0795976798976054,	-0.0006815642615383,	-0.1901653576005317,	
  -0.0636549913049727,	0.0047608160469509,	-0.0188648438223224,	-0.0305037580328117,	2.2226255206733945,	0.2570867832038075,	-0.0942055933657246,	-0.2118550070767286,	0.0178788721291661,	-0.1795733398537411,	0.0748306055838657,	0.0393925058142679,	
  -0.0482114320388894,	-0.0727366445482953,	0.1350243972646262,	0.0517418340624821,	0.2570867832038073,	4.6951966476078129,	0.0742253414293130,	-0.1997061543503036,	0.0345459198021965,	-0.2153499496890895,	-0.1982140943353337,	0.0961383846089862,	
  -0.0126542234025738,	-0.0987405397060248,	-0.0308781230008942,	-0.1124312395920320,	-0.0942055933657246,	0.0742253414293130,	1.9253537037294801,	-0.0012103762065356,	0.0719372159361789,	0.0773545667691725,	-0.2327058025825733,	0.2886226179582904,	
  0.1733246767004423,	0.1787381597963853,	-0.0008247718610142,	-0.0807108486641766,	-0.2118550070767287,	-0.1997061543503035,	-0.0012103762065356,	3.6314826835274383,	-0.1545193149841196,	0.0613228179399845,	-0.1387088732657700,	0.0151495589326027,	
  -0.1055419453761607,	0.0026376615153127,	0.0733278608337706,	-0.0746481013332837,	0.0178788721291661,	0.0345459198021964,	0.0719372159361790,	-0.1545193149841196,	9.7833999419325988,	0.1665105631159426,	-0.0546524449439820,	0.1171004769340055,	
  -0.1493476827511126,	0.1148918653138603,	-0.0506122732802392,	-0.0795976798976054,	-0.1795733398537412,	-0.2153499496890895,	0.0773545667691725,	0.0613228179399846,	0.1665105631159426,	6.7287817513224670,	-0.0656464540101901,	0.1717634144955487,	
  0.0043497842430746,	0.0093812872693715,	-0.1312319678195460,	-0.0006815642615384,	0.0748306055838657,	-0.1982140943353337,	-0.2327058025825733,	-0.1387088732657700,	-0.0546524449439820,	-0.0656464540101901,	8.8649515186044479,	-0.1631650294234475,	
  -0.1177816696549735,	0.0069107105321226,	-0.0896171694278522,	-0.1901653576005317,	0.0393925058142678,	0.0961383846089861,	0.2886226179582904,	0.0151495589326028,	0.1171004769340054,	0.1717634144955487,	-0.1631650294234475,	5.8646915691942381,	
};

const PROGMEM tinytype Quu_inv_data[4*4] = {
  0.0088964981877892,	0.0003821582728013,	0.0011508810738210,	-0.0000926090373226,	
  0.0003821582728013,	0.0098055954774564,	-0.0002455939980398,	0.0006247149040159,	
  0.0011508810738210,	-0.0002455939980398,	0.0084084242702624,	0.0007583197031788,	
  -0.0000926090373226,	0.0006247149040159,	0.0007583197031788,	0.0089795452501977,	
};

const PROGMEM tinytype AmBKt_data[12*12] = {
  0.0228424107677955,	-0.0109634324825187,	0.0373864564214473,	0.0259391404126685,	0.0685304271774750,	0.0623933354801088,	0.1094466699543736,	-0.0531712738036439,	0.0412211715203813,	0.0139675511297122,	-0.1041836734960993,	0.1213527879254396,	
  0.0285659041483629,	0.0167321167423947,	-0.1315353615573605,	-0.0878332253490536,	0.0786768534988720,	-0.0798231537049065,	0.0023640432517076,	0.0824652905597269,	-0.0998428994777124,	-0.0251912667354365,	0.1309096874951886,	0.0676054067773985,	
  0.0891757461058700,	-0.0033862623820867,	0.0402244816237443,	0.0403752122287315,	-0.0743952108099574,	-0.0227261979217581,	0.0124158856404340,	0.1415803930328855,	-0.0419717332708821,	-0.0502849857843613,	-0.1001830453751499,	-0.0805213035078970,	
  0.1495590715983945,	-0.1145697384515135,	-0.0303465641951745,	-0.0442258955258881,	-0.1366046344785047,	-0.1083047771687743,	0.1131199438110062,	0.0311946144592236,	-0.1235242800532798,	-0.0558114483517886,	0.1292889018686250,	-0.1353853805169318,	
  -0.1229255128258971,	0.0995297227113365,	0.0119642361209709,	-0.0523783060246142,	0.1123418870651305,	0.0002259680559239,	-0.0660074290514620,	0.1005313158213830,	0.0893044603853400,	0.1318446264919945,	-0.0973768791457276,	-0.0087194932868999,	
  0.0317989723529120,	0.0783117699863495,	0.0221686860036851,	0.0853351153063026,	0.0287345587216948,	0.0034779242232624,	-0.0373440923959220,	-0.0834153729441712,	-0.0605017141148552,	0.0030562543221470,	-0.0187043666593662,	-0.0654358090704805,	
  0.0648171662900277,	0.0809359442670518,	0.1332602246537724,	0.1349190543281372,	-0.0822217980559696,	0.0821856977724610,	0.0529490847185248,	0.0812289161942034,	0.0037756309631714,	-0.0022820427125063,	0.0857565815723174,	0.1121904251916705,	
  -0.0094464704872675,	-0.0991063520848722,	-0.0691368758036998,	0.0342580710746928,	-0.1272847020241617,	-0.1141685480905494,	-0.0074629285430662,	-0.0847352950215644,	-0.0965950164608399,	0.0756388558194663,	0.0048380707661810,	-0.0357285931236208,	
  -0.0279917898162951,	-0.0472205275101311,	0.0186447558175950,	0.0484543981951074,	0.1005973134055756,	0.1338406125132311,	-0.0281746280057185,	-0.0870439178007426,	-0.0960950859856357,	-0.1276117573107740,	0.0032852528871238,	-0.0494963727813940,	
  0.1073028996374392,	0.0827800432944913,	0.0635089428371083,	0.0770752745515071,	0.0098196114121736,	-0.0316113507666977,	-0.1051985341325105,	0.1374018349298866,	-0.1032192806890751,	-0.0252827326672100,	0.0004067789903806,	-0.0633052315129046,	
  0.0282063011639177,	-0.0452669211111428,	-0.0175047327395159,	-0.0775323628543596,	-0.0009441146319554,	0.0964454672085494,	0.0952811123464056,	0.0489961937043469,	-0.0211733695863812,	-0.0202879726367163,	-0.1513303755384998,	0.1048341950283222,	
  0.0850934659469651,	-0.0872931143759012,	0.0050667793480850,	-0.0067444176369067,	0.1226617670743077,	0.0536013158650772,	-0.0637142731575261,	-0.1321064516380408,	0.0795679795153984,	-0.1121951344037834,	0.0922516841257348,	-0.0884916495275458,	
};

const PROGMEM tinytype coeff_d2p_data[12*4] = {
  0.0566819984776059,	-0.0432454315604389,	-0.0484071521190496,	0.0315645604858312,	
  -0.0067631680393511,	0.0428750998820441,	-0.0034864218349496,	-0.0377798595843707,	
  0.0072506117494416,	0.0361314124012742,	-0.0498986198542941,	0.0688998855190441,	
  0.0070839369139752,	-0.0086925673390480,	0.0066070364831203,	-0.0068027349620114,	
  0.0162111152787106,	-0.0051178796851276,	0.0074068393622507,	-0.0171266278470871,	
  0.0400379735635925,	0.0266751737750214,	0.0368781997188240,	-0.0050779834455702,	
  0.0160113581339912,	-0.0121777274794924,	0.0092772432554380,	-0.0005337200623323,	
  0.0040263662269326,	-0.0248217213790820,	-0.0331916613463838,	-0.0205632242013152,	
  0.0414823331213510,	0.0540660533357293,	-0.0732168827130163,	-0.0439613166245047,	
  -0.0357436218167883,	-0.0021036183948395,	-0.0322856452574282,	-0.0125958178735473,	
  -0.0599397533926702,	0.0264560617064781,	0.0494986267446310,	-0.0495403970866612,	
  -0.0390565117027245,	-0.0111336817115652,	0.0098833324338967,	0.0397818253887499,	
};

const PROGMEM tinytype dKinf_drho_data[4*12] = {
  0.0000820407577374,	-0.0000627511795719,	-0.0000631901797714,	-0.0001302272952575,	-0.0000263577689243,	-0.0000356900568874,	-0.0000532184338577,	0.0001108136102492,	0.0000180214500799,	-0.0000461643336724,	0.0000225515835446,	-0.0000142147432301,	
  -0.0000133458926721,	-0.0000252182568600,	0.0000538600501998,	0.0000299378977592,	-0.0000843087037542,	-0.0000598085395704,	0.0000501741859357,	-0.0000803868846610,	0.0001483259155244,	0.0001352281347481,	0.0000078595971386,	0.0000593226469648,	
  0.0000315296358693,	-0.0000606792089244,	0.0000389333122868,	0.0001202911200108,	0.0000221133721791,	0.0000113755290898,	-0.0000381607792474,	0.0000044459612124,	-0.0001332149588279,	-0.0000945139797738,	-0.0000323948521905,	-0.0000798351147001,	
  -0.0001022919527947,	0.0000084220928327,	-0.0001126071274731,	-0.0000864014887859,	0.0000471387798848,	0.0000201185639109,	-0.0000021702745840,	0.0000051718846147,	-0.0001591655088534,	0.0000353804305108,	0.0000397519807174,	0.0000930533041077,	
};

const PROGMEM tinytype dPinf_drho_data[12*12] = {
  0.0002606877660015,	-0.0000960197370010,	0.0001229556716781,	0.0000583488963634,	-0.0000888737814008,	-0.0000487042376997,	-0.0000523495423625,	0.0001252511608196,	0.0001383808868532,	-0.0001661482502426,	-0.0000256525332929,	-0.0001953968174675,	
  -0.0000960197370010,	0.0000989570474993,	-0.0000415368994739,	-0.0000535052415292,	0.0000426393125468,	0.0000304307012158,	0.0000320487346294,	-0.0000384493295564,	0.0000141658416643,	0.0000735509891996,	0.0000270213128678,	0.0000759268762843,	
  0.0001229556716781,	-0.0000415368994739,	0.0003716364194867,	0.0004819362283859,	-0.0001014454633187,	-0.0000221898308978,	0.0000683185615463,	-0.0001960755472131,	0.0002061238041127,	-0.0000232449565766,	-0.0001199058266354,	-0.0001956705439147,	
  0.0000583488963634,	-0.0000535052415292,	0.0004819362283859,	0.0007949612971915,	-0.0000197909062149,	0.0000522328242731,	0.0000702754817393,	-0.0003157159340587,	-0.0000416436226641,	-0.0001191262462924,	-0.0001946717035714,	-0.0002844914516508,	
  -0.0000888737814008,	0.0000426393125468,	-0.0001014454633187,	-0.0000197909062149,	0.0001656177343498,	0.0001076920671620,	-0.0000769752196582,	0.0000314999535619,	-0.0002726963926139,	-0.0001189375182020,	0.0000059022531357,	0.0000061196301890,	
  -0.0000487042376997,	0.0000304307012158,	-0.0000221898308978,	0.0000522328242731,	0.0001076920671620,	0.0000911936726659,	-0.0000333860366918,	-0.0000057937986798,	-0.0001850023469542,	-0.0001000078684980,	-0.0000102983995848,	-0.0000154497354920,	
  -0.0000523495423625,	0.0000320487346294,	0.0000683185615463,	0.0000702754817393,	-0.0000769752196582,	-0.0000333860366918,	0.0001102754689163,	-0.0001101417124941,	0.0001127376271053,	0.0001384803947413,	-0.0000095594789382,	0.0000529565214934,	
  0.0001252511608196,	-0.0000384493295564,	-0.0001960755472131,	-0.0003157159340587,	0.0000314999535619,	-0.0000057937986798,	-0.0001101417124941,	0.0002821065275045,	-0.0001158903424395,	-0.0001669195719406,	0.0000754554334227,	-0.0000376667075352,	
  0.0001383808868532,	0.0000141658416643,	0.0002061238041127,	-0.0000416436226641,	-0.0002726963926139,	-0.0001850023469542,	0.0001127376271053,	-0.0001158903424395,	0.0007988875510483,	0.0003161949609834,	-0.0000118979105186,	0.0000514998607749,	
  -0.0001661482502426,	0.0000735509891996,	-0.0000232449565766,	-0.0001191262462924,	-0.0001189375182020,	-0.0001000078684980,	0.0001384803947413,	-0.0001669195719406,	0.0003161949609834,	0.0003815219694802,	0.0000434047980807,	0.0002420060307589,	
  -0.0000256525332929,	0.0000270213128678,	-0.0001199058266354,	-0.0001946717035714,	0.0000059022531357,	-0.0000102983995848,	-0.0000095594789382,	0.0000754554334227,	-0.0000118979105186,	0.0000434047980807,	0.0000773383055560,	0.0000871756674720,	
  -0.0001953968174675,	0.0000759268762843,	-0.0001956705439147,	-0.0002844914516508,	0.0000061196301890,	-0.0000154497354920,	0.0000529565214934,	-0.0000376667075352,	0.0000514998607749,	0.0002420060307589,	0.0000871756674720,	0.0002725697490424,	
};

const PROGMEM tinytype dC1_drho_data[4*4] = {
  -0.0000807729403321,	-0.0000067553461733,	-0.0000197456377868,	0.0000005366050239,	
  -0.0000067553461733,	-0.0000968068956844,	0.0000036013377669,	-0.0000115071670330,	
  -0.0000197456377868,	0.0000036013377669,	-0.0000728437782447,	-0.0000129030209282,	
  0.0000005366050239,	-0.0000115071670330,	-0.0000129030209282,	-0.0000816251372425,	
};

const PROGMEM tinytype dC2_drho_data[12*12] = {
  0.0000024074158921,	-0.0000171918487109,	0.0001948906228810,	0.0003026868918507,	-0.0000353148022437,	-0.0000052061905980,	0.0000481662183226,	-0.0001543806743568,	0.0000466110621506,	0.0000215490118120,	-0.0000692164156188,	-0.0000765460158509,	
  -0.0000551647791450,	0.0000226507757009,	-0.0001383628274288,	-0.0001184578739801,	0.0000949048622616,	0.0000554387808839,	-0.0000454141661975,	0.0000834769423197,	-0.0002177054156734,	-0.0000783871422357,	0.0000295221493483,	0.0000271161292443,	
  0.0001164624744629,	-0.0000386665622411,	0.0001288131654498,	0.0001856485017496,	0.0000052993558087,	0.0000154735257852,	-0.0000382804618015,	0.0000113064052303,	-0.0000069080505137,	-0.0001495523229017,	-0.0000696400399528,	-0.0001712167463234,	
  -0.0001372444639786,	0.0000507800219162,	-0.0000323212842462,	-0.0000547449577001,	-0.0000368066931500,	-0.0000253358803268,	0.0000854426272563,	-0.0001114785414464,	0.0000826711505258,	0.0002116083873141,	0.0000443884243159,	0.0001681772799483,	
  -0.0001651914989434,	0.0000538320671583,	-0.0000319211988840,	0.0000262487886951,	0.0000261280346283,	0.0000207179978518,	0.0000651189304019,	-0.0001170510391955,	-0.0000808626205026,	0.0001336591550410,	0.0000240561678183,	0.0001268765630543,	
  -0.0001058526285050,	0.0001136027571603,	-0.0000498390480597,	-0.0000466506828302,	0.0000650497107832,	0.0000584396290198,	0.0000392968727092,	-0.0000341563863208,	-0.0000366092493041,	0.0000394612311753,	0.0000165353311572,	0.0000659747556605,	
  -0.0001334249869185,	0.0000792017804643,	0.0000430089839938,	0.0000544678197845,	-0.0000288827175299,	-0.0000055757805829,	0.0001042235755617,	-0.0001599976843683,	0.0001081814789323,	0.0001946306213389,	0.0000124145316070,	0.0001223631227454,	
  -0.0000688423413519,	-0.0000504640437675,	0.0000297107708105,	0.0001343353569046,	0.0000024804215461,	-0.0000046098305542,	0.0000137112466226,	-0.0000866337803964,	-0.0001348105664977,	0.0000358148566180,	-0.0000108506659188,	0.0000223221547106,	
  -0.0000606903943070,	-0.0000018464366998,	-0.0000092599892760,	0.0001303018997490,	0.0001030147158744,	0.0000727065876956,	-0.0000316515516536,	-0.0000157865473870,	-0.0002880189429311,	-0.0001149676044890,	-0.0000283299155243,	-0.0000524225983961,	
  0.0000338024917423,	-0.0000561565175691,	-0.0000323958241873,	-0.0000239944178052,	0.0000036947164102,	-0.0000099103807025,	-0.0000414473146356,	0.0000536912162257,	-0.0000762840118103,	-0.0000537904613151,	0.0000039962781780,	-0.0000233263237156,	
  -0.0000246344181572,	0.0000141150394420,	-0.0001917618572868,	-0.0002919150857164,	0.0000258379492221,	-0.0000023665100289,	-0.0000349433828832,	0.0001284908417220,	-0.0000437140042619,	0.0000130740039748,	0.0000732814530382,	0.0001003268570009,	
  0.0001349624876418,	-0.0000484167058285,	0.0000371069712238,	-0.0000620106201387,	-0.0000807228153635,	-0.0000598431856579,	-0.0000219572990338,	0.0000681801288928,	0.0001999217094535,	-0.0000136375052355,	-0.0000027776921131,	-0.0000514385548461,	
};

