#pragma once

typedef float tinytype;

const PROGMEM tinytype Adyn_data[12*12] = {
  0.0108545134468762,	-0.1391288496917717,	0.0336330354420145,	0.0841223284779799,	0.0553684424131279,	0.1336475859273770,	-0.1356451681286799,	0.0210200125277155,	0.1197578056947207,	-0.0349865347540000,	-0.0596043172087454,	0.1021504537479301,	
  0.1398561909612452,	-0.1044852811770644,	-0.0004013657985957,	0.0924681764618082,	0.1203098852478499,	-0.0233326240750521,	0.0525215415834720,	-0.0190671476257367,	-0.0642858673635030,	-0.1048479528676192,	-0.0291839820314133,	0.0384588576777564,	
  0.1033886020880519,	0.0373051825766574,	-0.0374936643499803,	-0.1046665245337851,	0.0386548444856889,	-0.0684803203735485,	-0.0074566456455192,	0.0779419069855006,	-0.0018939241680780,	0.1278885487238839,	0.0405639108186950,	-0.0266982071145885,	
  0.0045839698791039,	-0.1287753747708707,	0.0932271025806172,	0.1218573321754413,	0.1306854721153418,	0.1260317555480669,	-0.0322860265212377,	-0.0735518124467689,	0.0056580135932978,	0.1281535353195902,	0.0328461138601822,	0.0920198633754805,	
  0.1239533547893861,	0.0725286099508611,	0.1197058500391179,	-0.0236700433681468,	0.0208282122574625,	-0.0075333511230957,	0.1011330494272678,	-0.0646856363117932,	0.0903286008122878,	-0.0202813672042531,	0.0029024936439238,	-0.0849495524177386,	
  -0.0843846438734746,	-0.1251886490592311,	-0.0436508055102332,	-0.1000327014881034,	-0.0699638371727877,	0.1096006530677145,	-0.0462336587280331,	-0.0505642566583099,	-0.1002524239114718,	-0.0951055414700764,	-0.0151783491286091,	0.1141283130731895,	
  -0.0794403637882210,	0.0683424160503506,	-0.0110199253060293,	-0.0502546252930269,	-0.0831327923329812,	-0.0568420460090431,	0.1184897404886816,	0.1357899840872366,	0.1314191204187857,	-0.1181151634584521,	-0.0890706101282685,	0.0244964767372491,	
  -0.0373390411365084,	0.0392990708160266,	-0.0787980169432528,	0.0389290186890603,	-0.0880533498093220,	-0.0779944070129411,	0.0495661483894158,	0.0199422028532094,	0.0678348397012879,	0.0474242314181480,	-0.1280158792252800,	0.1397809260039194,	
  0.0710120462592607,	0.0354531729232423,	0.0493827090927329,	-0.0403269633353830,	0.0543577285990518,	0.0167217976863820,	0.1165449531356368,	-0.0010754147468033,	0.1284812160859809,	-0.1302028930575997,	-0.0369842184554007,	-0.1406615887406496,	
  0.0505415706714147,	-0.0722960963096129,	0.0878591780407476,	-0.1185796330957664,	0.0099424728597006,	0.0534250320218664,	-0.1064044505037448,	-0.1047978214600382,	0.0038656946948934,	-0.1241086451443698,	-0.0284772206424686,	-0.1384263650682145,	
  -0.0078527980105774,	-0.1309518129341363,	0.0544668665400469,	0.1009998711118807,	-0.1288235395354626,	-0.0854250645612071,	0.0216242146179150,	-0.0745764220058288,	0.0674571342957589,	0.0806642091317885,	-0.0269031589294959,	0.0478885529774699,	
  0.0687702829646159,	0.0915543815046033,	-0.0712758667896384,	0.1085257596548533,	-0.1046768019321324,	0.0291811501540302,	-0.1359709645279493,	0.1170370821577242,	-0.0819099591977855,	0.1214693429099085,	-0.0382957081775158,	-0.0224518587365171,	
};

const PROGMEM tinytype Bdyn_data[12*4] = {
  -0.8677131545240155,	-0.7054119275770367,	0.6997324288488123,	0.4956712830270051,	
  0.6358849922160479,	-0.5476764195401114,	-0.0325369554848178,	0.5713866507961707,	
  -0.2875062897157281,	-0.5736859338169649,	0.9668340190654159,	-0.7689198626666254,	
  -0.1062922004337461,	0.7698475761081722,	0.2798254117427674,	-0.7729446308111898,	
  -0.6418207998613719,	-0.5593456809470712,	0.6968481878833983,	-0.4431004860778869,	
  0.3966182227672219,	-0.4729574867216062,	0.6897641519538160,	0.4947070621058447,	
  -0.3215056956839726,	-0.8550893980748113,	-0.5997958061361564,	-0.5504957781026478,	
  -0.8590881491259126,	0.3680386481454569,	-0.0873786108441994,	0.2100710378549615,	
  0.8217277156679788,	0.8092722411200799,	0.1341398943149239,	0.9453306167987017,	
  -0.9126227440819092,	-0.3867019969434271,	0.6195378614357017,	0.6550525696349301,	
  -0.2094944267622902,	0.6188540068404158,	-0.2218923630242331,	-0.0289650615524712,	
  0.7329669193873010,	-0.2671742942512503,	-0.1428630477606074,	0.3785140672986722,	
};

const PROGMEM tinytype Q_data[12] = {
  4.6299837782477002,9.9098476082674374,1.9098612789489138,7.8483372939689406,0.5157671476871977,9.9400620508002628,1.4668572343760273,8.6937373584124646,8.9282279781181249,9.7456040745593899,
  3.2034762079941799,6.2411050475283858,
};

const PROGMEM tinytype Qf_data[12] = {
  41.6698540042293004,89.1886284744069400,17.1887515105402251,70.6350356457204640,4.6419043291847792,89.4605584572023673,13.2017151093842457,78.2436362257121800,80.3540518030631290,87.7104366710345147,
  28.8312858719476175,56.1699454277554722,
};

const PROGMEM tinytype R_data[4] = {
  0.1000000000000000,0.1000000000000000,0.1000000000000000,0.1000000000000000,
};

const PROGMEM tinytype umin[4] = {
  -3.0,	
  -3.0,	
  -3.0,	
  -3.0,	
};

const PROGMEM tinytype umax[4] = {
  3.0,	
  3.0,	
  3.0,	
  3.0,	
};

const PROGMEM tinytype xmin[12] = {
  -10000.0,	
  -10000.0,	
  -10000.0,	
  -10000.0,	
  -10000.0,	
  -10000.0,	
  -10000.0,	
  -10000.0,	
  -10000.0,	
  -10000.0,	
  -10000.0,	
  -10000.0,	
};

const PROGMEM tinytype xmax[12] = {
  10000.0,	
  10000.0,	
  10000.0,	
  10000.0,	
  10000.0,	
  10000.0,	
  10000.0,	
  10000.0,	
  10000.0,	
  10000.0,	
  10000.0,	
  10000.0,	
};

const PROGMEM tinytype rho_value = 85.0;

const PROGMEM tinytype Kinf_data[4*12] = {
  0.0079020832261398,	0.0053668751853095,	-0.0062741278628064,	0.0052353602983730,	0.0053698534971714,	0.0012591642845223,	0.0111192596416137,	0.0086328163890368,	-0.0136755598254317,	-0.0051573995819200,	0.0072902512887952,	-0.0057780168993575,	
  -0.0029175184398261,	0.0066823571081991,	0.0064203814158159,	0.0073782618133696,	0.0031083948097465,	-0.0026910061179637,	0.0133511977667652,	-0.0041643893947142,	0.0146296053790731,	0.0126659254721847,	0.0003517850199251,	-0.0041825422332213,	
  0.0015760305913594,	-0.0198152751583978,	0.0086827817118573,	-0.0125370063519960,	0.0064387753820327,	0.0199041770546845,	-0.0130927433123876,	-0.0125859963203667,	-0.0014131203364744,	-0.0085917432800493,	0.0010850947013766,	0.0006495243911083,	
  0.0107197758913295,	-0.0060446184631320,	-0.0005521179502708,	-0.0086024447458891,	-0.0020545042940862,	0.0030454104176815,	-0.0005082600415936,	-0.0043225061052779,	0.0029739260851310,	-0.0309594427092671,	-0.0133490503909617,	-0.0120755429803405,	
};

const PROGMEM tinytype Pinf_data[12*12] = {
  5.0394126487479056,	-0.0330099774095499,	0.1368762578659918,	0.1636995043908009,	0.2930005644620754,	-0.0483348365226315,	0.0462804482427601,	-0.0084248561632419,	0.0520928359120854,	-0.0940484264845558,	-0.0197432624677726,	-0.2488253901415476,	
  -0.0330099774095498,	10.5804679416608316,	-0.1995985646434462,	-0.1068827973670129,	-0.2509679331027772,	-0.3159344709784736,	0.1567507044705434,	0.3455194284815226,	0.1148805440587402,	0.1622579391220462,	-0.0141756448720183,	-0.2878036780248222,	
  0.1368762578659918,	-0.1995985646434462,	2.2174395160174583,	-0.0157475870924562,	0.2671059828201587,	0.1503626784675480,	-0.0174879833532322,	-0.2054974489599814,	0.1401157808994543,	-0.1211749368425722,	0.0826951844411640,	-0.2363453309166230,	
  0.1636995043908009,	-0.1068827973670130,	-0.0157475870924562,	8.4731021950556435,	0.1553034238421439,	-0.0026127529195443,	-0.0375703489811739,	0.1079906288942679,	0.0159543087238391,	0.3584745375816458,	-0.0694294796255777,	0.3226883280017765,	
  0.2930005644620753,	-0.2509679331027773,	0.2671059828201587,	0.1553034238421438,	1.1154467374530070,	0.1466745008984622,	0.1133145898541455,	-0.1484488670316465,	0.0860070368593702,	-0.1583308639503188,	0.1074156337343012,	-0.1087505134426122,	
  -0.0483348365226316,	-0.3159344709784736,	0.1503626784675480,	-0.0026127529195444,	0.1466745008984622,	10.3973619713237717,	-0.3025703093300071,	-0.1503767545388914,	-0.0876433206133699,	-0.0290324754568841,	0.0667560750587920,	0.0729008899311631,	
  0.0462804482427601,	0.1567507044705434,	-0.0174879833532322,	-0.0375703489811738,	0.1133145898541455,	-0.3025703093300070,	2.0327112102593041,	0.0515497830786214,	0.2495195096351190,	-0.2089740623244638,	-0.0550836695902542,	-0.0315173946850699,	
  -0.0084248561632419,	0.3455194284815226,	-0.2054974489599814,	0.1079906288942679,	-0.1484488670316465,	-0.1503767545388915,	0.0515497830786214,	9.0303640474469464,	0.0582569678691363,	0.1679780807552903,	-0.0577571178767159,	0.0304560713527049,	
  0.0520928359120854,	0.1148805440587402,	0.1401157808994542,	0.0159543087238391,	0.0860070368593702,	-0.0876433206133698,	0.2495195096351189,	0.0582569678691363,	9.4390022759864998,	-0.1015239516990269,	-0.1222869603933884,	-0.1448951259925790,	
  -0.0940484264845558,	0.1622579391220462,	-0.1211749368425722,	0.3584745375816457,	-0.1583308639503188,	-0.0290324754568840,	-0.2089740623244638,	0.1679780807552903,	-0.1015239516990268,	10.4698815060597017,	0.0763031874372753,	0.2666519304798088,	
  -0.0197432624677726,	-0.0141756448720183,	0.0826951844411640,	-0.0694294796255776,	0.1074156337343012,	0.0667560750587920,	-0.0550836695902542,	-0.0577571178767159,	-0.1222869603933884,	0.0763031874372753,	3.4215530471152267,	-0.1228602581981639,	
  -0.2488253901415477,	-0.2878036780248222,	-0.2363453309166229,	0.3226883280017764,	-0.1087505134426123,	0.0729008899311632,	-0.0315173946850700,	0.0304560713527049,	-0.1448951259925789,	0.2666519304798088,	-0.1228602581981639,	7.0503883293343659,	
};

const PROGMEM tinytype Quu_inv_data[4*4] = {
  0.0083439380015359,	-0.0002417524300831,	0.0005721181086241,	-0.0005509567881780,	
  -0.0002417524300831,	0.0091473691869742,	0.0005275915283291,	0.0003979112953884,	
  0.0005721181086241,	0.0005275915283291,	0.0098662806835465,	-0.0005267002086233,	
  -0.0005509567881780,	0.0003979112953884,	-0.0005267002086233,	0.0089044555988043,	
};

const PROGMEM tinytype AmBKt_data[12*12] = {
  0.0092369179205128,	-0.1128965926824148,	0.0269159508689932,	0.1069063680950269,	0.0587335725474566,	0.1174047908841823,	-0.1071653991317686,	0.0365225828407941,	0.1177259570359094,	-0.0091693552295899,	-0.0471728519331192,	0.0997173839009129,	
  0.1271596611707959,	-0.1014291415741511,	0.0077025335629961,	0.0976873955060298,	0.1199810850141449,	-0.0266995938780298,	0.0526275224388606,	-0.0247770515968169,	-0.0493227345160436,	-0.0772213480503229,	-0.0259643041830850,	0.0467632697602444,	
  0.1107056500422084,	0.0571920221480061,	-0.0444335762626651,	-0.0934219068949831,	0.0341769772799521,	-0.0865644540174972,	0.0156673041927552,	0.0868797529821424,	0.0062200288412901,	0.1181734864376545,	0.0315482615709436,	-0.0406719960896366,	
  0.0155147240019279,	-0.1324766520767923,	0.0847610770807916,	0.1135926326549889,	0.1254735044142035,	0.1250214985190183,	-0.0381116977675959,	-0.0692474425985299,	-0.0043640508132818,	0.0963287650314770,	0.0227284759687682,	0.0851101457043571,	
  0.1310448586742146,	0.0908407948694410,	0.1129749724569163,	-0.0112582386461681,	0.0206161623271490,	-0.0207511628198177,	0.1246360005308006,	-0.0546190242414090,	0.0920368270889363,	-0.0242378661987767,	0.0011071809955562,	-0.0968007896384011,	
  -0.0952888545094839,	-0.1074985968269614,	-0.0438417395246192,	-0.0857162688999741,	-0.0740483389839977,	0.0925927402296099,	-0.0350468659655042,	-0.0451380247191713,	-0.0884057687723450,	-0.0658274470709633,	-0.0120480062050765,	0.1199676529545313,	
  -0.0725480502004082,	0.0605692538261871,	-0.0026431356133813,	-0.0545176070307125,	-0.0760174438709993,	-0.0451233408218778,	0.1253483459205475,	0.1250760093344511,	0.1403215206037770,	-0.1311391323015211,	-0.0931237058057716,	0.0128044104505151,	
  -0.0315908986243352,	0.0409886920661881,	-0.0856763209380683,	0.0414228274710175,	-0.0835899786332852,	-0.0748228328306002,	0.0531675607890389,	0.0286994958188991,	0.0499538559048173,	0.0440849681375259,	-0.1189833182844490,	0.1389499137351050,	
  0.0565346112148775,	0.0340073985396598,	0.0486997239733095,	-0.0407861593626498,	0.0485081226796606,	0.0123160001320701,	0.0988399285548969,	0.0009753670792900,	0.1252576815222071,	-0.1057956921654342,	-0.0307857982938546,	-0.1212005634255849,	
  0.0486265539767640,	-0.0485782270606899,	0.0795983948374963,	-0.0975463319967478,	0.0134018889605423,	0.0392072613410615,	-0.0826494391810895,	-0.0879007245970235,	-0.0040302309980252,	-0.0983144938710209,	-0.0136158630265022,	-0.1378092016333531,	
  -0.0037316295177359,	-0.1385348269399508,	0.0510898437766273,	0.0944995467235003,	-0.1282530214969653,	-0.0789911413617703,	0.0127712937730296,	-0.0731086841420416,	0.0553111701635536,	0.0689422195513747,	-0.0257394773227715,	0.0490608293154042,	
  0.0583664019959727,	0.0888630960960138,	-0.0635123446752191,	0.1081247670500985,	-0.1060847218664067,	0.0292300974404173,	-0.1422320028101520,	0.1094349510992963,	-0.0693051272857638,	0.1391246978432080,	-0.0383374099975912,	-0.0146706753365270,	
};

const PROGMEM tinytype coeff_d2p_data[12*4] = {
  -0.0373699555532715,	-0.0284387676079819,	0.0322682340741476,	0.0166229653685702,	
  0.0494436023431905,	-0.0485097918217051,	-0.0119186967511294,	0.0511344416609022,	
  -0.0037025291085170,	-0.0109128170766231,	0.0247139737996854,	-0.0179287650253650,	
  -0.0077751706006101,	0.0561143752015917,	0.0332471856162545,	-0.0531923771561103,	
  -0.0066322483193303,	-0.0060706328693469,	0.0118155031008461,	-0.0084759265370804,	
  0.0365726958603099,	-0.0382172594535895,	0.0716293270415192,	0.0348385555004153,	
  -0.0035190370969923,	-0.0149755740808280,	-0.0146287118061439,	-0.0090868730544924,	
  -0.0655882441400174,	0.0331692744538685,	-0.0145152689914013,	0.0266104806051281,	
  0.0571085415872455,	0.0688020983093700,	0.0161495600600974,	0.0743866354325548,	
  -0.0766666025095057,	-0.0235901907556005,	0.0514674226816322,	0.0620947333226776,	
  -0.0086261310163535,	0.0170399098105468,	-0.0044142089559942,	-0.0005545367202557,	
  0.0398804078922059,	-0.0136208926619176,	-0.0104964399776112,	0.0192302888195578,	
};

const PROGMEM tinytype dKinf_drho_data[4*12] = {
  -0.0000620076624411,	-0.0000339424321351,	0.0000478873212631,	-0.0000407071606165,	-0.0000488105680211,	-0.0000205696686602,	-0.0000826081463926,	-0.0000676406246785,	0.0001194993572040,	0.0000342602236150,	-0.0000677475412155,	0.0000394098866383,	
  0.0000238665455155,	-0.0000467681069080,	-0.0000646045652545,	-0.0000561600956833,	-0.0000295567444030,	0.0000131830924735,	-0.0001127044970863,	0.0000484640266123,	-0.0001379488240937,	-0.0001001071056513,	0.0000033520392846,	0.0000406919969866,	
  -0.0000128002187027,	0.0001861949481710,	-0.0000856869512391,	0.0001105014674714,	-0.0000699034739502,	-0.0001937262762086,	0.0001148462851450,	0.0001188505761742,	0.0000150100000541,	0.0000650613420960,	-0.0000211499614015,	-0.0000086073947752,	
  -0.0000884516693525,	0.0000437133063335,	0.0000037532550219,	0.0000697628730765,	0.0000234679681715,	-0.0000149952912408,	-0.0000019687418219,	0.0000379026098297,	-0.0000409880872853,	0.0002632421049775,	0.0001233307772530,	0.0001052742959947,	
};

const PROGMEM tinytype dPinf_drho_data[12*12] = {
  0.0002130616292777,	-0.0000781427200791,	-0.0000414029720597,	-0.0000941251744753,	0.0000317446631401,	0.0000775535294243,	0.0000260346225430,	0.0000042315724139,	-0.0001139391947414,	-0.0004359507737697,	-0.0000929074601745,	-0.0001919041597566,	
  -0.0000781427200791,	0.0005201930978779,	-0.0001693514018317,	0.0003620567013645,	-0.0000643881483557,	-0.0004202995477913,	0.0004103517742063,	0.0003035727564435,	0.0000294007274736,	0.0004181326522956,	0.0001125690755080,	-0.0000077400044666,	
  -0.0000414029720597,	-0.0001693514018317,	0.0001755624540673,	-0.0000885497139149,	0.0000517759528081,	0.0001421710608889,	-0.0000896254530830,	-0.0001971370591752,	0.0001781187170942,	0.0000417076554928,	-0.0000370420153643,	0.0000032609885182,	
  -0.0000941251744753,	0.0003620567013645,	-0.0000885497139149,	0.0003508933621816,	-0.0000083035082248,	-0.0002945911385491,	0.0003307243971759,	0.0002095245686257,	0.0000363195860798,	0.0004405318471692,	0.0001226361843359,	0.0000652841747724,	
  0.0000317446631401,	-0.0000643881483557,	0.0000517759528081,	-0.0000083035082248,	0.0001077633457072,	0.0001177121964405,	0.0000378415738661,	-0.0000325552783399,	-0.0000235888752638,	0.0000007490963497,	0.0000672490804528,	-0.0000230280881676,	
  0.0000775535294243,	-0.0004202995477913,	0.0001421710608889,	-0.0002945911385491,	0.0001177121964405,	0.0004177405461619,	-0.0002884432851460,	-0.0002399590991280,	-0.0000800616693995,	-0.0003009962223736,	-0.0000051253602909,	-0.0000197393489686,	
  0.0000260346225430,	0.0004103517742063,	-0.0000896254530830,	0.0003307243971759,	0.0000378415738661,	-0.0002884432851460,	0.0005053750247695,	0.0002171701319959,	0.0000902329040681,	0.0002154271791181,	0.0000664090265400,	-0.0001165008768851,	
  0.0000042315724139,	0.0003035727564435,	-0.0001971370591752,	0.0002095245686257,	-0.0000325552783399,	-0.0002399590991280,	0.0002171701319959,	0.0002819606472212,	-0.0001676708777328,	0.0001429790442390,	0.0001079843845166,	0.0000228120249897,	
  -0.0001139391947414,	0.0000294007274736,	0.0001781187170942,	0.0000363195860798,	-0.0000235888752638,	-0.0000800616693995,	0.0000902329040681,	-0.0001676708777328,	0.0004426740459413,	0.0001515430328895,	-0.0001502018130384,	-0.0000153245590510,	
  -0.0004359507737697,	0.0004181326522956,	0.0000417076554928,	0.0004405318471692,	0.0000007490963497,	-0.0003009962223736,	0.0002154271791181,	0.0001429790442390,	0.0001515430328895,	0.0012445245449938,	0.0003816136385744,	0.0003556671377740,	
  -0.0000929074601745,	0.0001125690755080,	-0.0000370420153643,	0.0001226361843359,	0.0000672490804528,	-0.0000051253602909,	0.0000664090265400,	0.0001079843845166,	-0.0001502018130384,	0.0003816136385744,	0.0002492212138239,	0.0001108717254736,	
  -0.0001919041597566,	-0.0000077400044666,	0.0000032609885182,	0.0000652841747724,	-0.0000230280881676,	-0.0000197393489686,	-0.0001165008768851,	0.0000228120249897,	-0.0000153245590510,	0.0003556671377740,	0.0001108717254736,	0.0002574511038060,	
};

const PROGMEM tinytype dC1_drho_data[4*4] = {
  -0.0000704044550145,	0.0000041268608141,	-0.0000106173945496,	0.0000098905859567,	
  0.0000041268608141,	-0.0000841967420608,	-0.0000096739089109,	-0.0000070643814484,	
  -0.0000106173945496,	-0.0000096739089109,	-0.0000983305817798,	0.0000099896156348,	
  0.0000098905859567,	-0.0000070643814484,	0.0000099896156348,	-0.0000800666010882,	
};

const PROGMEM tinytype dC2_drho_data[12*12] = {
  0.0000158305620517,	-0.0002143971492620,	0.0000540771854674,	-0.0001868390531298,	-0.0000259219222754,	0.0001344402316245,	-0.0002305690930959,	-0.0001264563949638,	0.0000161940523108,	-0.0002168957825039,	-0.0001027530749425,	0.0000167425249722,	
  0.0001026245091059,	-0.0000229492891070,	-0.0000707657782278,	-0.0000411386806821,	-0.0000008333542364,	0.0000225648584948,	-0.0000043346536412,	0.0000517642532880,	-0.0001276307402648,	-0.0002249079899404,	-0.0000262422375153,	-0.0000632064940686,	
  -0.0000597722500693,	-0.0001829964483786,	0.0000624361874978,	-0.0000971163407718,	0.0000546404097053,	0.0001774200225430,	-0.0002009584464588,	-0.0000774086853575,	-0.0000908112162809,	0.0000919285557320,	0.0000977251600677,	0.0001239444358784,	
  -0.0000897509495432,	0.0000140823853317,	0.0000817041614453,	0.0000619095794016,	0.0000552662137315,	0.0000302836380230,	0.0000443260447960,	-0.0000484603769039,	0.0000830197160434,	0.0002659745619975,	0.0000914645642009,	0.0000566420979610,	
  -0.0000567213268293,	-0.0001583247224888,	0.0000559726601125,	-0.0001036303937445,	0.0000112507021193,	0.0001225252483280,	-0.0001969631764080,	-0.0000823311596641,	-0.0000290854386623,	0.0000372992732767,	0.0000277794072302,	0.0001007001169064,	
  0.0000884680277411,	-0.0001587130210665,	0.0000076988284238,	-0.0001211482729947,	0.0000419872180324,	0.0001554370648058,	-0.0000987834394711,	-0.0000509806270692,	-0.0001027158155315,	-0.0002360393439254,	-0.0000179688398229,	-0.0000425279599026,	
  -0.0000558975746521,	0.0000848393419783,	-0.0000891751552293,	0.0000435729974512,	-0.0000699753275196,	-0.0001197915955524,	-0.0000551308740298,	0.0001118455330869,	-0.0000930996869083,	0.0001093515198530,	0.0000362924869241,	0.0001002561744301,	
  -0.0000445911904534,	-0.0000048605140692,	0.0000566407501063,	-0.0000193016480022,	-0.0000420925651624,	-0.0000363005026150,	-0.0000190393843452,	-0.0000735231362391,	0.0001633529433241,	0.0000166612634199,	-0.0000871910684211,	-0.0000039868438095,	
  0.0001169719731644,	-0.0000005601295952,	0.0000208783138977,	-0.0000018726264035,	0.0000512203051250,	0.0000463958861836,	0.0001455456677412,	-0.0000354115166827,	0.0000501760742291,	-0.0002047168165654,	-0.0000607939862027,	-0.0001636795198593,	
  0.0000185103511787,	-0.0001930512895315,	0.0000693480753193,	-0.0001730256938915,	-0.0000280401907082,	0.0001161690476538,	-0.0001888351198353,	-0.0001414498703928,	0.0000732628341015,	-0.0002201903404211,	-0.0001282166473822,	-0.0000119255557742,	
  -0.0000331624458420,	0.0000644132756307,	0.0000311083541571,	0.0000527670946073,	-0.0000067655281404,	-0.0000558883612861,	0.0000778681722037,	-0.0000166926043287,	0.0001125480137751,	0.0000911904480655,	-0.0000173878866126,	-0.0000157868924742,	
  0.0000834776156423,	0.0000224377203599,	-0.0000660226603025,	0.0000042128157751,	0.0000090101499283,	-0.0000034013274743,	0.0000475897809040,	0.0000651593669352,	-0.0001067865134548,	-0.0001422036340786,	0.0000008483032440,	-0.0000590917682359,	
};

