#pragma once

typedef float tinytype;

const PROGMEM tinytype Adyn_data[12*12] = {
  0.1114098188525212,	0.0663613720205635,	0.1437692976592518,	0.0116519264739472,	-0.0367753132287826,	-0.0697117814677868,	-0.1146010899593583,	0.1341886260052232,	-0.0010611367136544,	-0.0531190954925715,	0.0523268622564761,	-0.1182790619268192,	
  0.0013210493972058,	0.0879551296686220,	0.0279296137724649,	0.0958828477508565,	0.0994200244138378,	0.1440896438760710,	-0.0733128169988220,	-0.1039014083177030,	-0.0611473697261317,	-0.1304772443580813,	-0.0231168001408182,	-0.0892061217046400,	
  0.0705979329737537,	0.1311348682466237,	-0.0530601576002284,	-0.1279800406752024,	-0.0905416050533756,	0.0103115550389769,	0.1011270290299500,	0.0421203728314916,	0.0491080962996230,	-0.1179961602069160,	-0.0595118836157243,	0.1239831750908345,	
  0.0039260413007452,	0.0851131346619946,	0.0162968316875945,	-0.0337535384256089,	-0.0536752824354547,	-0.0890391456706812,	0.1038643582856602,	0.1170738480559903,	0.0328365557834389,	-0.0680445796031173,	-0.0003590457416170,	0.0204414769445959,	
  -0.0514165194475774,	0.0649179195795785,	0.0734304825336012,	0.0094037409398899,	-0.1311909764290437,	-0.1328349286133799,	-0.0672682330484445,	-0.0441086117439181,	0.0496667327730879,	-0.0704816970469703,	-0.1087315033917651,	0.0602694396567446,	
  -0.1023191470166536,	-0.0086050985935810,	0.1066943648092480,	-0.1287323758417654,	0.0320619837973136,	-0.0104767330521686,	-0.0818682604870315,	-0.0254094586170543,	-0.0596030833263904,	0.0536428281719760,	0.1454612441458658,	0.1071905021523935,	
  -0.0565814146891895,	-0.0771852919455830,	-0.1220825019961933,	0.0873108946394933,	0.0672308508999701,	0.0911586253294765,	-0.1172831360981676,	-0.1441365469887251,	0.1271055817715725,	-0.1126879400541042,	0.0284050575555960,	0.0903505226622437,	
  0.0730104592578153,	-0.0608410766453296,	-0.0631042359092716,	0.1269551629720031,	0.0601286227673599,	-0.0977862001890310,	0.0707564428357238,	-0.0308912966638337,	0.1066751685722312,	0.1252884757435737,	-0.1097835418866294,	-0.0202291308745788,	
  0.0757030672245920,	0.0641620938063817,	0.0816588569236820,	-0.1089762201993167,	-0.0319525575329538,	0.0211894899093368,	-0.0807445058239663,	-0.1086980061011553,	0.1324181759519619,	0.0098744614447622,	0.0815361219922591,	-0.0798968747874659,	
  -0.1106567097823664,	-0.1268207810262124,	0.0308439672160953,	0.0848291901327477,	0.0538681809058330,	0.1159819395114633,	0.0126466435870912,	0.0579358059901787,	0.0076799052942152,	-0.0430947246712698,	0.1437980240538590,	-0.0277963819186860,	
  -0.1405747670221691,	0.0470704484642280,	-0.0695246728174994,	0.1344704920104764,	0.0528647994453980,	-0.1072762159469434,	0.0058254824824060,	0.1012075680818606,	-0.0409279225189121,	-0.0807849328872233,	-0.0036255411070779,	0.0372551595618325,	
  -0.0805240089937309,	0.1131388988123856,	0.0862891390730849,	0.0791711875316141,	0.1223043274345949,	0.0365924956486616,	0.0209024923930107,	-0.1193342858693059,	-0.1058178623646507,	0.0381221788515623,	0.0678567842432167,	-0.0529206040148807,	
};

const PROGMEM tinytype Bdyn_data[12*4] = {
  0.9386800195192100,	-0.5024324775958506,	0.2824843857045010,	0.9136812057946930,	
  0.2480125702498603,	-0.0602879149594273,	0.5378562289493865,	0.3353244805214544,	
  0.8581922761785516,	0.5301185515734796,	0.5671142089623384,	0.4645970603980365,	
  -0.0386223639589724,	0.1750432777020552,	-0.0514767541935959,	0.5953588980886539,	
  0.6294108752681318,	0.7113239808941147,	-0.3888656346073653,	-0.7223895173372070,	
  -0.1979679559243606,	0.6091982798116566,	-0.4701171133451139,	0.8487047946224564,	
  0.9701752959470014,	0.5575558717454274,	0.3077971267385498,	-0.5990091780280900,	
  -0.3504658281377264,	-0.8364069219603651,	-0.3427402813143583,	-0.1269740613489374,	
  -0.0483738269897096,	-0.0031580048219151,	-0.3768790270227242,	-0.2379300592436486,	
  -0.6385664639633366,	0.4630439256146961,	0.2724965135608737,	0.9676639029533440,	
  -0.4635509441402321,	0.7831617738184795,	-0.3787611200687666,	-0.9043051844177645,	
  0.3303775847561821,	0.9964475105811577,	-0.0608000560895499,	-0.3137967595020104,	
};

const PROGMEM tinytype Q_data[12] = {
  9.3476551703752548,8.3974141956092154,7.4587343901509513,4.1011559071775006,1.2169248933448396,0.9511763190625955,1.6555836333427882,1.9989193001005774,6.4798704909030080,9.9582795267223361,
  4.5756862107963885,7.2045547493582420,
};

const PROGMEM tinytype Qf_data[12] = {
  84.1288965333772865,75.5767277604829388,67.1286095113585617,36.9104031645975041,10.9523240401035551,8.5605868715633591,14.9002527000850939,17.9902737009051954,58.3188344181270750,89.6245157405010247,
  41.1811758971674990,64.8409927442241809,
};

const PROGMEM tinytype R_data[4] = {
  0.1000000000000000,0.1000000000000000,0.1000000000000000,0.1000000000000000,
};

const PROGMEM tinytype umin[4] = {
  -3.0,	
  -3.0,	
  -3.0,	
  -3.0,	
};

const PROGMEM tinytype umax[4] = {
  3.0,	
  3.0,	
  3.0,	
  3.0,	
};

const PROGMEM tinytype xmin[12] = {
  -10000.0,	
  -10000.0,	
  -10000.0,	
  -10000.0,	
  -10000.0,	
  -10000.0,	
  -10000.0,	
  -10000.0,	
  -10000.0,	
  -10000.0,	
  -10000.0,	
  -10000.0,	
};

const PROGMEM tinytype xmax[12] = {
  10000.0,	
  10000.0,	
  10000.0,	
  10000.0,	
  10000.0,	
  10000.0,	
  10000.0,	
  10000.0,	
  10000.0,	
  10000.0,	
  10000.0,	
  10000.0,	
};

const PROGMEM tinytype rho_value = 85.0;

const PROGMEM tinytype Kinf_data[4*12] = {
  0.0189863069475763,	0.0237209397316446,	0.0088965962539863,	-0.0093250616947441,	-0.0074538304425970,	-0.0049481955400049,	-0.0083910359060994,	-0.0007958203550720,	0.0007214857209730,	-0.0111615142752649,	-0.0071961157870775,	-0.0025619849103573,	
  -0.0226479622711651,	0.0069385854509077,	-0.0013966016248634,	0.0041344024752989,	0.0072195068051810,	0.0066602186983344,	0.0085406847915350,	-0.0051825233232258,	-0.0072742222936285,	-0.0088227139897796,	0.0095492279691375,	0.0115046466625533,	
  0.0031995500493706,	0.0034376222196360,	-0.0008720466187000,	0.0036376453637829,	0.0027874659667441,	0.0132511598457738,	-0.0001822831434192,	0.0006845385444703,	-0.0030560279532037,	-0.0130270305971045,	-0.0009956806102711,	-0.0016970186592589,	
  0.0057532059060201,	-0.0029556852302238,	0.0145613873985421,	-0.0023050743429647,	-0.0039338438096336,	0.0091022830890173,	-0.0025151621641393,	0.0191224072512130,	0.0005422495786413,	-0.0117885706168876,	0.0142505932522080,	-0.0084626026495037,	
};

const PROGMEM tinytype Pinf_data[12*12] = {
  9.7810509412310509,	0.1856636097137080,	0.0756633381387087,	-0.2695390861108372,	-0.2132060336899610,	-0.1245349707686555,	-0.0621925919799932,	0.0329821938179420,	0.1702112940766124,	0.0173392581240050,	-0.1480381669725359,	-0.0886454661717641,	
  0.1856636097137081,	8.9347050061029929,	0.1331136158869744,	-0.1471313078069222,	-0.0609339240383211,	-0.1071034650986697,	-0.0047175726680939,	-0.0613568035072646,	-0.0672706880840405,	-0.1837066355558152,	-0.1343596240042911,	-0.0442546199629282,	
  0.0756633381387087,	0.1331136158869745,	7.8552605299509928,	0.0018978752900988,	0.0399190337970095,	0.0108669087340080,	-0.2399436671612828,	-0.0025655639114035,	-0.0702302539096204,	0.0138078593784214,	0.2396259969717221,	-0.3096300509280162,	
  -0.2695390861108372,	-0.1471313078069222,	0.0018978752900988,	4.6853715173680399,	0.3872633664011714,	0.1536179857377258,	-0.0966638118442247,	-0.0610804677315022,	-0.1992625419268922,	-0.0422339303847718,	0.0830314994885590,	-0.2201135763794610,	
  -0.2132060336899611,	-0.0609339240383212,	0.0399190337970095,	0.3872633664011713,	1.6111454792647901,	0.2713255741132253,	-0.0960083018116307,	-0.2672240623742184,	-0.1890046051522624,	0.0259988457624788,	0.1362321365597499,	-0.2028424818343240,	
  -0.1245349707686555,	-0.1071034650986697,	0.0108669087340080,	0.1536179857377258,	0.2713255741132254,	1.4837471996114062,	-0.0961164130663971,	-0.3561060484748385,	-0.0688402607394176,	-0.1039905952937683,	0.1701276825726432,	-0.1345963533541630,	
  -0.0621925919799932,	-0.0047175726680939,	-0.2399436671612828,	-0.0966638118442247,	-0.0960083018116307,	-0.0961164130663971,	2.0585071085550384,	0.1195178368192673,	0.0119150618031843,	0.0482779718910386,	-0.1637098319017921,	0.2850261066906867,	
  0.0329821938179420,	-0.0613568035072646,	-0.0025655639114034,	-0.0610804677315021,	-0.2672240623742184,	-0.3561060484748385,	0.1195178368192673,	2.6529699800469704,	0.0244686342039093,	-0.1017861840561327,	-0.0054975486644840,	0.1132774501572030,	
  0.1702112940766124,	-0.0672706880840405,	-0.0702302539096204,	-0.1992625419268921,	-0.1890046051522623,	-0.0688402607394176,	0.0119150618031843,	0.0244686342039093,	6.8071421561239998,	0.0021523122175066,	-0.0135585259074783,	0.0709225639536922,	
  0.0173392581240050,	-0.1837066355558152,	0.0138078593784214,	-0.0422339303847718,	0.0259988457624788,	-0.1039905952937683,	0.0482779718910387,	-0.1017861840561326,	0.0021523122175066,	10.3516535710552482,	0.0243799536934711,	-0.0271808543391468,	
  -0.1480381669725358,	-0.1343596240042910,	0.2396259969717222,	0.0830314994885590,	0.1362321365597499,	0.1701276825726431,	-0.1637098319017922,	-0.0054975486644840,	-0.0135585259074783,	0.0243799536934711,	4.9789757284933529,	-0.1957652506664032,	
  -0.0886454661717640,	-0.0442546199629282,	-0.3096300509280162,	-0.2201135763794610,	-0.2028424818343240,	-0.1345963533541630,	0.2850261066906867,	0.1132774501572031,	0.0709225639536922,	-0.0271808543391468,	-0.1957652506664032,	7.6575190481394229,	
};

const PROGMEM tinytype Quu_inv_data[4*4] = {
  0.0092904909122199,	0.0001579148772271,	-0.0006922356213868,	-0.0003780713639621,	
  0.0001579148772271,	0.0093316711217424,	-0.0000024960518607,	0.0003283874726038,	
  -0.0006922356213868,	-0.0000024960518607,	0.0107179011342052,	-0.0009962166154119,	
  -0.0003780713639621,	0.0003283874726038,	-0.0009962166154119,	0.0088564107603295,	
};

const PROGMEM tinytype AmBKt_data[12*12] = {
  0.0760482610403489,	0.0493106499734619,	0.1216584160563564,	0.0235609587357576,	-0.0233443732881795,	-0.0737805297369393,	-0.1000839262503654,	0.1146666230729582,	-0.0050253495436690,	-0.0326238949521958,	0.0511403196311970,	-0.1018823674881759,	
  -0.0084032805174822,	0.0816325183774415,	0.0212251939097608,	0.0972612524133459,	0.1015237752711529,	0.1355389520563055,	-0.0697753969680464,	-0.1107968729893023,	-0.0603029808370198,	-0.1172812856759543,	-0.0249994096860587,	-0.0841266561886206,	
  0.0618227031063836,	0.1065231463796489,	-0.0662254111115181,	-0.1231610978149386,	-0.0877251391169505,	-0.0007164622569311,	0.1050724880911380,	0.0362782657392452,	0.0538263123276418,	-0.0908756010971122,	-0.0644545746406429,	0.1249771278362877,	
  0.0053631910298648,	0.0867513918255900,	0.0081707633064978,	-0.0332777930158641,	-0.0527413545061189,	-0.0951330817227438,	0.1035333280131605,	0.1066008199743607,	0.0336575774691709,	-0.0605834657342002,	-0.0108439768096529,	0.0232796447462994,	
  -0.0418564181416980,	0.0442537370353048,	0.0790041889787985,	0.0120815302865834,	-0.1333926806156388,	-0.1227297392356198,	-0.0699498281318780,	-0.0258412405762846,	0.0535902817357599,	-0.0707624148983794,	-0.1010874915003101,	0.0469252420775439,	
  -0.0881419771865325,	-0.0040114977023695,	0.0965381297511997,	-0.1294306631357134,	0.0308373606503465,	-0.0170092652674221,	-0.0866834514341042,	-0.0383172866867658,	-0.0569257094216717,	0.0606887745762540,	0.1256566372468974,	0.1060591542101476,	
  -0.0599125454748991,	-0.1068959835519160,	-0.1209442583232264,	0.0915522612741149,	0.0672227120828759,	0.0936194805443882,	-0.1153547683016641,	-0.1292311169785625,	0.1317268485985168,	-0.0999919380567743,	0.0389050269755730,	0.0818747746420823,	
  0.0625487212372398,	-0.0459213007094610,	-0.0596043772083125,	0.1280991732954966,	0.0640106361178648,	-0.0882522605110472,	0.0745773232350944,	-0.0328422342396328,	0.0998652425355316,	0.1080356365280264,	-0.1028502983431573,	-0.0131606206152556,	
  0.0791246891095663,	0.0659237998827802,	0.0852207445422348,	-0.1085917468870803,	-0.0321757708291679,	0.0281309507413578,	-0.0817905721958538,	-0.1039450857002091,	0.1314073695811381,	0.0015922041892392,	0.0842335681972798,	-0.0826375543635277,	
  -0.0944847254488468,	-0.1129628844293003,	0.0233188238269788,	0.0781994000639706,	0.0488125298818801,	0.0973193683326382,	0.0058172004036082,	0.0411367601429283,	0.0118169479454424,	-0.0311795945809584,	0.1212626486451019,	-0.0261081495400011,	
  -0.1076221091169716,	0.0512614737482856,	-0.0514692414557176,	0.1262032528350653,	0.0412539159306070,	-0.1015357194182776,	-0.0070964439373978,	0.1224491875652276,	-0.0355637297624465,	-0.0946438492552839,	-0.0019301374334034,	0.0187620094125911,	
  -0.0622292834091523,	0.0976696190126027,	0.0892578389986971,	0.0776301080206923,	0.1165080969970316,	0.0352526483974665,	0.0143640259080137,	-0.1078650827873327,	-0.0988234948890288,	0.0461098049220072,	0.0651301677053305,	-0.0662966742730675,	
};

const PROGMEM tinytype coeff_d2p_data[12*4] = {
  0.0785338866434117,	-0.0461476691191708,	0.0171309626584115,	0.0722750307894915,	
  0.0200732586782887,	-0.0068022831353240,	0.0493538023407483,	0.0209072746928557,	
  0.0557486863667335,	0.0387149184816884,	0.0390543048844081,	0.0281103233202585,	
  -0.0040654367434050,	0.0115401792157746,	-0.0083591178167878,	0.0224696179653178,	
  0.0068964223609701,	0.0147534506024981,	-0.0076099890684102,	-0.0060366269958334,	
  -0.0021770742317276,	0.0132667911818243,	-0.0099773020649591,	0.0095473531147064,	
  0.0169167939734461,	0.0090316458428989,	0.0063254935689542,	-0.0131979348042271,	
  -0.0070373415762710,	-0.0238898241079427,	-0.0058942129051789,	-0.0058937402385494,	
  -0.0006401827876623,	-0.0034003194258520,	-0.0247974310177669,	-0.0114855939434886,	
  -0.0655328555186891,	0.0474885183245758,	0.0249203265647841,	0.0881844876388064,	
  -0.0192115282515380,	0.0360338320172695,	-0.0157484490759705,	-0.0337053585209468,	
  0.0249673486180745,	0.0661559162566914,	-0.0037077585802270,	-0.0228541709569816,	
};

const PROGMEM tinytype dKinf_drho_data[4*12] = {
  -0.0001671217725634,	-0.0002189102061273,	-0.0000769300112378,	0.0000873224757684,	0.0000686706187638,	0.0000578560200169,	0.0000749558028939,	0.0000157304684497,	-0.0000080777651267,	0.0000912108071158,	0.0000694827580212,	0.0000167591325508,	
  0.0002024987408238,	-0.0000684702710570,	0.0000055588023356,	-0.0000355047191279,	-0.0000641688478996,	-0.0000641326031791,	-0.0000770562219412,	0.0000404423783362,	0.0000670450961182,	0.0000876422487546,	-0.0000922652922473,	-0.0001016122586557,	
  -0.0000142052685055,	-0.0000227623524960,	0.0000307654410583,	-0.0000476116733613,	-0.0000387435902183,	-0.0001350539789688,	-0.0000068613047148,	0.0000109239921999,	0.0000332699017146,	0.0001196921974644,	0.0000199408080878,	0.0000062810513069,	
  -0.0000304978402865,	0.0000367294821271,	-0.0001247252504930,	0.0000183266476231,	0.0000317497052051,	-0.0000713477457989,	0.0000155444980814,	-0.0001660175524122,	-0.0000049674295595,	0.0000903195367391,	-0.0001329575718376,	0.0000665423505903,	
};

const PROGMEM tinytype dPinf_drho_data[12*12] = {
  0.0009745699932691,	0.0003059594855605,	0.0002988619588825,	-0.0002841658424878,	-0.0003276618864666,	-0.0001531605822017,	-0.0003751140235274,	0.0002379622724615,	0.0001772143072525,	-0.0001194686923501,	-0.0002831798009584,	-0.0003989051972331,	
  0.0003059594855605,	0.0006592444560312,	0.0001596664090860,	-0.0001784289462434,	-0.0001019922878343,	-0.0000533038884989,	-0.0001399649039506,	-0.0001132253605582,	-0.0000571607563065,	-0.0003443486129297,	-0.0001657638336203,	0.0000331678944809,	
  0.0002988619588825,	0.0001596664090860,	0.0003112541884652,	-0.0001319637182523,	-0.0001389362003685,	0.0000800723012217,	-0.0001339723151948,	0.0002786393938669,	0.0000211250362411,	-0.0002483124619719,	0.0001365597428788,	-0.0001826353447035,	
  -0.0002841658424878,	-0.0001784289462434,	-0.0001319637182523,	0.0001338049484756,	0.0001255750544691,	0.0001109481405193,	0.0001218519066928,	-0.0000655311555327,	-0.0000500753730104,	0.0000443381736677,	0.0000719396009082,	0.0000849770545043,	
  -0.0003276618864666,	-0.0001019922878343,	-0.0001389362003685,	0.0001255750544691,	0.0001383712186460,	0.0000958001180530,	0.0001325867257895,	-0.0001176736938355,	-0.0000754150614274,	0.0000241847572800,	0.0000622815404686,	0.0001312214928350,	
  -0.0001531605822017,	-0.0000533038884989,	0.0000800723012217,	0.0001109481405193,	0.0000958001180530,	0.0003660747821611,	0.0000625161391526,	0.0001318025721746,	-0.0001032017412450,	-0.0002940273249249,	0.0002267895038641,	-0.0000371027844473,	
  -0.0003751140235274,	-0.0001399649039506,	-0.0001339723151948,	0.0001218519066928,	0.0001325867257895,	0.0000625161391526,	0.0001588445949910,	-0.0000800629111810,	-0.0000605939507103,	0.0000541479353574,	0.0001045185468714,	0.0001533993181974,	
  0.0002379622724615,	-0.0001132253605582,	0.0002786393938669,	-0.0000655311555327,	-0.0001176736938355,	0.0001318025721746,	-0.0000800629111810,	0.0004215439467696,	0.0000621278916603,	-0.0001697178082058,	0.0002260009688852,	-0.0002232873841358,	
  0.0001772143072525,	-0.0000571607563065,	0.0000211250362411,	-0.0000500753730104,	-0.0000754150614274,	-0.0001032017412450,	-0.0000605939507103,	0.0000621278916603,	0.0000795862809820,	0.0000988709384271,	-0.0000626174377946,	-0.0000807097733642,	
  -0.0001194686923501,	-0.0003443486129297,	-0.0002483124619719,	0.0000443381736677,	0.0000241847572800,	-0.0002940273249249,	0.0000541479353574,	-0.0001697178082058,	0.0000988709384271,	0.0005188688747804,	-0.0001560863637269,	0.0000521421944578,	
  -0.0002831798009584,	-0.0001657638336203,	0.0001365597428788,	0.0000719396009082,	0.0000622815404686,	0.0002267895038641,	0.0001045185468714,	0.0002260009688852,	-0.0000626174377946,	-0.0001560863637269,	0.0003611497920011,	0.0000026874315371,	
  -0.0003989051972331,	0.0000331678944809,	-0.0001826353447035,	0.0000849770545043,	0.0001312214928350,	-0.0000371027844473,	0.0001533993181974,	-0.0002232873841358,	-0.0000807097733642,	0.0000521421944578,	0.0000026874315371,	0.0002592781141019,	
};

const PROGMEM tinytype dC1_drho_data[4*4] = {
  -0.0000870330271872,	-0.0000027403518161,	0.0000134265283336,	0.0000060684680841,	
  -0.0000027403518161,	-0.0000874905770146,	0.0000005709933238,	-0.0000057237538611,	
  0.0000134265283336,	0.0000005709933238,	-0.0001164256929377,	0.0000191770585514,	
  0.0000060684680841,	-0.0000057237538611,	0.0000191770585514,	-0.0000798347989139,	
};

const PROGMEM tinytype dC2_drho_data[12*12] = {
  0.0002904938828286,	0.0001439559202756,	0.0001802739478255,	-0.0001031017464532,	-0.0001147649006489,	0.0000168091419894,	-0.0001213395673306,	0.0001541549481609,	0.0000364084897615,	-0.0001579178901289,	0.0000042687115975,	-0.0001293575557842,	
  0.0000715235918250,	0.0000500911315582,	0.0000446907841388,	-0.0000043347156492,	-0.0000107077547793,	0.0000783488284737,	-0.0000247575955509,	0.0000483310450248,	-0.0000101833267930,	-0.0001120012039684,	0.0000110635613699,	-0.0000359740484619,	
  0.0000582994917714,	0.0002200088530974,	0.0001035733831753,	-0.0000376310141001,	-0.0000176942771066,	0.0000940852766113,	-0.0000268083430513,	0.0000359970940800,	-0.0000451695544258,	-0.0002345785292867,	0.0000397449582538,	0.0000050065313505,	
  -0.0000244747617778,	-0.0000195085250152,	0.0000718957428701,	-0.0000037743642899,	-0.0000070123166819,	0.0000489858921720,	0.0000067753910108,	0.0000929307401444,	-0.0000073777458216,	-0.0000594295835388,	0.0000990179690804,	-0.0000208594322627,	
  -0.0000664092101799,	0.0002041705064422,	-0.0000336701144411,	-0.0000349819231989,	0.0000102924094976,	-0.0000948548644886,	0.0000161949978921,	-0.0001543499358675,	-0.0000332574490499,	-0.0000079610383437,	-0.0000663955497170,	0.0001122428375750,	
  -0.0001372411168260,	-0.0000434986937254,	0.0001017021885504,	0.0000009794897028,	0.0000075259819572,	0.0000475850967637,	0.0000453630581209,	0.0001245121497737,	-0.0000225862644361,	-0.0000557199636538,	0.0001921794607368,	0.0000116978021127,	
  0.0000353369077774,	0.0002795647592776,	-0.0000126448306000,	-0.0000392896777585,	0.0000000987106139,	-0.0000215416997533,	-0.0000183339323622,	-0.0001406186084126,	-0.0000427604548920,	-0.0001200946052039,	-0.0001017479291290,	0.0000783214042585,	
  0.0001020597257247,	-0.0001371274389197,	-0.0000276042350306,	-0.0000130842784977,	-0.0000388521632777,	-0.0000887121470509,	-0.0000385588073319,	0.0000220034461079,	0.0000640182025994,	0.0001577624303945,	-0.0000628676414708,	-0.0000685137714293,	
  -0.0000200548484313,	-0.0000106453592866,	-0.0000217848810764,	-0.0000094713825157,	-0.0000039282222441,	-0.0000652785995416,	0.0000044951766250,	-0.0000344948823443,	0.0000111778037021,	0.0000712882020970,	-0.0000210495579166,	0.0000186894332991,	
  -0.0001671016259349,	-0.0001374231054869,	0.0000606097523584,	0.0000674414287276,	0.0000533981990367,	0.0001724835030353,	0.0000703725094385,	0.0001489907949257,	-0.0000404621443621,	-0.0001023527102812,	0.0002103166844263,	-0.0000083494361160,	
  -0.0002690184870123,	-0.0000232595668157,	-0.0001411513585735,	0.0000668237866261,	0.0000961237763018,	-0.0000386279167980,	0.0001065514954047,	-0.0001703740010830,	-0.0000481423391186,	0.0001006539728607,	-0.0000082139706935,	0.0001499011590978,	
  -0.0001569998831856,	0.0001506916964836,	-0.0000173909423320,	0.0000093852505754,	0.0000488609977257,	0.0000141904597022,	0.0000564794088190,	-0.0000969272920175,	-0.0000636741579993,	-0.0000818456364841,	0.0000284727220519,	0.0001169771027039,	
};

