#pragma once

typedef float tinytype;

const PROGMEM tinytype Adyn_data[12*12] = {
  -0.0901490700814973,	0.0193301005067605,	-0.0461031566303818,	0.1329702136234009,	0.1276183540754016,	0.0940435225144951,	0.0276024966493074,	0.1417281268099809,	0.0620013673562075,	0.0681507020160137,	0.0973810238870035,	0.0279231669754754,	
  -0.1300134395548218,	-0.0777929159807075,	-0.0632351599067383,	0.1121226680112915,	-0.0928450115019036,	-0.1429661567611840,	0.0749170685006147,	-0.0187499433069276,	-0.0818584657840968,	0.0683665803081007,	0.0725348096624380,	0.1122570875018272,	
  0.0224837683222592,	0.0377105535461794,	0.0796781681664809,	-0.1450098340945377,	0.1196494612313229,	-0.1407927816372983,	-0.0064795376769833,	0.0263689899440139,	-0.1056042775697029,	-0.0285180436343828,	0.0813526468740749,	-0.0161544788702700,	
  0.0792251895483174,	0.1049879494429916,	-0.0786241769013428,	-0.0148324464832922,	-0.0091467358720235,	0.0443599388828582,	0.1421824900978701,	0.1297166053373039,	-0.1137210433090453,	-0.0130814326113873,	0.1118709709342152,	-0.1044944391345849,	
  -0.0424239162430309,	0.1231248011866775,	-0.0032283878706269,	-0.1316528174540354,	-0.0931555834528965,	-0.1188149275758880,	0.0850069704470268,	0.0923011868669546,	0.1147217885274594,	0.0419211089657602,	-0.1044271764382119,	-0.1372142108025165,	
  0.0112196496176708,	-0.1424823256908600,	-0.0191522980572395,	-0.0131860427173149,	0.1200733884845955,	-0.1226346265263154,	-0.0188203725886659,	-0.0970502175636944,	-0.0838536088782044,	-0.0789382998639144,	-0.1377311571320634,	0.0520405719639160,	
  -0.1402473147469350,	0.0709121102144473,	-0.1243537540960516,	0.0047574661030429,	0.0503407262422481,	0.0572982240504662,	-0.1334629369575136,	-0.1226157829524616,	0.0620669163791011,	0.0613486336809541,	0.0711497730142282,	-0.1247932366547238,	
  -0.0442004894596364,	0.0955917470765570,	-0.1003729433158936,	0.0315574787688087,	-0.1192423367906093,	-0.0949723464602714,	0.1176544459867104,	-0.0436338391918743,	-0.0047001431135804,	-0.0962359329519292,	0.1304937242021421,	0.0037321392171673,	
  -0.0340658730280791,	-0.0134157982099975,	0.1056313226794035,	0.0078507482542661,	0.1147586599181148,	0.1107896503579588,	0.0690058204736745,	0.0007316026466165,	-0.0475929462686751,	-0.1145408698270153,	-0.0032756226189121,	0.1047309577228606,	
  -0.0535452013142770,	0.0926098988833517,	-0.1339882574924764,	-0.1016066490881177,	0.0704168450848517,	0.0815727000418137,	0.0891149169115313,	0.0361081495205923,	-0.0453117736124573,	0.0547726432120090,	-0.0640411379048158,	0.0454971566524564,	
  -0.0079346168625969,	-0.0340564073890928,	0.0788984168220001,	0.0314726149896001,	0.0015281842535146,	-0.0098558013660031,	0.0179135603902135,	0.1270209752358333,	-0.0202251122777592,	0.1425117805201844,	-0.0109158078994390,	0.0744977921255698,	
  -0.1224280212697330,	-0.1053787247943014,	-0.1348788346801401,	0.0774935282060467,	-0.0389381870546992,	-0.0703512234799030,	0.0087448991006435,	-0.1196336503846051,	-0.1228410755627494,	-0.0071704911281630,	0.1174465554546665,	0.0906637396842470,	
};

const PROGMEM tinytype Bdyn_data[12*4] = {
  0.5857277943367394,	0.9025308330639743,	-0.1562604976987547,	0.8267766327702575,	
  0.4427446915699325,	-0.1009713811211954,	0.3051438070399806,	-0.1747685997189889,	
  -0.7976313345815418,	-0.6448927679573058,	0.1850719672368948,	0.4600717703333026,	
  0.6218960937230227,	0.0710576466235937,	-0.1000504815772887,	-0.7651811028759470,	
  -0.7863609407224932,	-0.8646505235293229,	-0.5053433756122525,	0.4306161619977333,	
  -0.5078904062616216,	0.4176648627437292,	-0.3810129396106294,	0.5532321750501632,	
  -0.4983187625539154,	-0.0295522623495996,	-0.5705130241235479,	-0.5296974025982766,	
  0.4542748511104133,	-0.1935032763477131,	0.1615932249685963,	0.4736224688144091,	
  -0.9713398433195890,	-0.2534246775514994,	0.2849315911262582,	0.5765161916806814,	
  0.2250215588384461,	-0.2318376020988924,	-0.1813916388462742,	-0.1841965271659021,	
  0.8079554914615463,	0.6163718587006979,	0.7570239867333173,	0.1321067856930429,	
  -0.1104616284210242,	0.9808050892495503,	0.8004989274357213,	0.9477843979759215,	
};

const PROGMEM tinytype Q_data[12] = {
  0.8977768759762743,1.5452996308413018,3.7284308064373386,6.1620756520571067,3.7351227085023555,9.2720458845348830,2.3547690294552344,2.1359753542003452,0.7741796309133324,9.5234432308703756,
  0.5694028534403555,0.7302138646829883,
};

const PROGMEM tinytype Qf_data[12] = {
  8.0799918837864695,13.9076966775717175,33.5558772579360465,55.4586808685139587,33.6161043765212000,83.4484129608139540,21.1929212650971088,19.2237781878031058,6.9676166782199918,85.7109890778333749,
  5.1246256809631987,6.5719247821468949,
};

const PROGMEM tinytype R_data[4] = {
  0.1000000000000000,0.1000000000000000,0.1000000000000000,0.1000000000000000,
};

const PROGMEM tinytype umin[4] = {
  -3.0,	
  -3.0,	
  -3.0,	
  -3.0,	
};

const PROGMEM tinytype umax[4] = {
  3.0,	
  3.0,	
  3.0,	
  3.0,	
};

const PROGMEM tinytype xmin[12] = {
  -10000.0,	
  -10000.0,	
  -10000.0,	
  -10000.0,	
  -10000.0,	
  -10000.0,	
  -10000.0,	
  -10000.0,	
  -10000.0,	
  -10000.0,	
  -10000.0,	
  -10000.0,	
};

const PROGMEM tinytype xmax[12] = {
  10000.0,	
  10000.0,	
  10000.0,	
  10000.0,	
  10000.0,	
  10000.0,	
  10000.0,	
  10000.0,	
  10000.0,	
  10000.0,	
  10000.0,	
  10000.0,	
};

const PROGMEM tinytype rho_value = 85.0;

const PROGMEM tinytype Kinf_data[4*12] = {
  0.0013326013595380,	0.0073480373138577,	-0.0079634000587847,	0.0083131143709228,	-0.0078036098439651,	0.0129139649893967,	0.0090123248182358,	0.0093080711424787,	-0.0022359876314834,	0.0055049713702540,	0.0112468888542172,	0.0016204423290512,	
  0.0017307147224386,	-0.0143994583928659,	-0.0009383634017068,	0.0117634082831707,	0.0050387573353649,	0.0011655167906319,	-0.0056037459256518,	-0.0071666223081037,	-0.0048881865286513,	-0.0034780935726199,	-0.0011814406712623,	0.0065362659176979,	
  0.0019884943200438,	-0.0016009633985633,	0.0065093146554385,	0.0049428678636945,	-0.0041843699906831,	0.0017803236666828,	-0.0005610777081961,	0.0020425686116988,	-0.0016255546301557,	0.0002097623281933,	0.0090901689694930,	0.0047944204060278,	
  -0.0025445199964273,	-0.0112568231750694,	0.0060823846102208,	-0.0012527928507185,	0.0055872234478916,	-0.0150571359938729,	-0.0038303347030930,	-0.0075814456867570,	0.0003602709489577,	-0.0062879529785180,	-0.0090748809623567,	0.0072155908634628,	
};

const PROGMEM tinytype Pinf_data[12*12] = {
  1.1001825623258206,	-0.0353011875827419,	0.1400084499941534,	-0.0137388093488477,	0.0176497201971754,	-0.0003853120138721,	0.0237130817206903,	0.0901677816745186,	-0.0724302703791919,	-0.0904490626592166,	0.0172877552002023,	-0.0490326867043763,	
  -0.0353011875827419,	1.9717146273284674,	-0.1476112956894063,	-0.1701886244733094,	-0.1153631791103441,	0.1786222312579930,	0.2036693244218331,	0.2540033492600653,	0.0726843239882353,	0.1285754014986065,	0.1732727535002000,	-0.2018241831255298,	
  0.1400084499941534,	-0.1476112956894063,	4.0778430309276281,	0.0613459018779277,	-0.0326746487371452,	-0.0830215516412704,	-0.1564793782604656,	0.0102934274181321,	0.0813044779160144,	-0.0673386236351206,	0.0126250040704785,	0.0055212578579848,	
  -0.0137388093488477,	-0.1701886244733094,	0.0613459018779277,	6.4451397520944358,	-0.1104031028352645,	0.0263600143588897,	-0.1160634661766229,	-0.1009830117763294,	0.0596303471649029,	-0.0247626244862023,	0.1099443070294066,	0.0634530139129077,	
  0.0176497201971754,	-0.1153631791103442,	-0.0326746487371453,	-0.1104031028352646,	4.0897986729447995,	-0.0049920701644466,	-0.0273073172122392,	-0.0645603583292562,	-0.1987305323196050,	-0.0633432359265068,	-0.1334355468990590,	0.1216921248976333,	
  -0.0003853120138721,	0.1786222312579930,	-0.0830215516412704,	0.0263600143588897,	-0.0049920701644465,	9.6774741300027394,	0.0243969525267495,	0.1152738300185144,	0.0690219400076930,	0.1098087011603143,	0.0826215515459015,	-0.0128956603285057,	
  0.0237130817206903,	0.2036693244218331,	-0.1564793782604656,	-0.1160634661766228,	-0.0273073172122392,	0.0243969525267495,	2.6712252929865472,	0.2115035313918097,	-0.1318243270628352,	0.0090662698683238,	0.0378319961503239,	-0.0266416233277268,	
  0.0901677816745186,	0.2540033492600653,	0.0102934274181321,	-0.1009830117763294,	-0.0645603583292562,	0.1152738300185144,	0.2115035313918097,	2.4652662645567247,	-0.0050495197973671,	0.0904468729503726,	0.1142564800362377,	-0.1262052908688818,	
  -0.0724302703791919,	0.0726843239882353,	0.0813044779160144,	0.0596303471649029,	-0.1987305323196050,	0.0690219400076930,	-0.1318243270628353,	-0.0050495197973671,	1.0942727062426969,	0.0963872097323803,	-0.0246056755041879,	-0.1013680894392598,	
  -0.0904490626592165,	0.1285754014986066,	-0.0673386236351206,	-0.0247626244862023,	-0.0633432359265068,	0.1098087011603143,	0.0090662698683238,	0.0904468729503726,	0.0963872097323803,	9.6940282799694764,	0.0197368972301103,	-0.0348808969959295,	
  0.0172877552002023,	0.1732727535002000,	0.0126250040704785,	0.1099443070294066,	-0.1334355468990590,	0.0826215515459015,	0.0378319961503239,	0.1142564800362377,	-0.0246056755041879,	0.0197368972301103,	1.0000893633557937,	-0.1155541150616844,	
  -0.0490326867043763,	-0.2018241831255298,	0.0055212578579848,	0.0634530139129077,	0.1216921248976333,	-0.0128956603285057,	-0.0266416233277269,	-0.1262052908688817,	-0.1013680894392598,	-0.0348808969959295,	-0.1155541150616844,	1.0076059026779698,	
};

const PROGMEM tinytype Quu_inv_data[4*4] = {
  0.0101876147608437,	-0.0003781098396127,	-0.0003646037222490,	0.0008625300327643,	
  -0.0003781098396127,	0.0106458223589551,	-0.0000845939154652,	-0.0001176577378375,	
  -0.0003646037222490,	-0.0000845939154652,	0.0110939441417517,	0.0000060400671274,	
  0.0008625300327643,	-0.0001176577378375,	0.0000060400671274,	0.0103884595770374,	
};

const PROGMEM tinytype AmBKt_data[12*12] = {
  -0.0900771623500043,	0.0370788170201108,	-0.0446034946953850,	0.1192923076484853,	0.1223682738755949,	0.0981546219035136,	0.0304604379365091,	0.1493315633564306,	0.0671709129420274,	0.0732968841233977,	0.1007830289707094,	0.0158583439416841,	
  -0.1314801680007128,	-0.0839789688534225,	-0.0607274218664286,	0.1079026139643146,	-0.0866279285737928,	-0.1517408316821318,	0.0698628787184811,	-0.0255429419552727,	-0.0808030690971515,	0.0644151511324272,	0.0630762046248708,	0.1119976920758370,	
  0.0254654655947855,	0.0397607117874548,	0.0687181418541910,	-0.1311313083106187,	0.1148784014648995,	-0.1231426899493161,	-0.0010387716024048,	0.0322816832022001,	-0.1104050334090971,	-0.0235160148328868,	0.0920543763923024,	-0.0148537751518257,	
  0.0765254006503554,	0.0926677398360309,	-0.0682997057868488,	-0.0213022970511688,	-0.0007951540640748,	0.0249026619355042,	0.1339889136683955,	0.1188403765704227,	-0.1118701133059493,	-0.0210482436315803,	0.0989260734427385,	-0.0999657197176297,	
  -0.0377789633264353,	0.1204908452272103,	-0.0096315851144947,	-0.1119071535058508,	-0.0994557656361250,	-0.1002686043314032,	0.0886144959468233,	0.0977209582774083,	0.1077603203916504,	0.0460563641841108,	-0.0881031485510084,	-0.1309726939526768,	
  0.0133389587349165,	-0.1271185312224557,	-0.0236897488826268,	-0.0113006720596131,	0.1093201671286257,	-0.1075541245621696,	-0.0099973249704698,	-0.0843569464485695,	-0.0837662926180321,	-0.0711310801793962,	-0.1230415357931633,	0.0479684496543337,	
  -0.1397454716759287,	0.0672721580364030,	-0.1214143244018099,	0.0114040516707801,	0.0471732478906884,	0.0568079107740910,	-0.1314865502594734,	-0.1210397464541623,	0.0600716593167522,	0.0607780384481629,	0.0770985134199061,	-0.1172352193699837,	
  -0.0435871431419671,	0.0950575653650125,	-0.1008695624953707,	0.0298519149036857,	-0.1166924057594559,	-0.0937695949855439,	0.1143808292101037,	-0.0459883489470534,	-0.0045382240751343,	-0.0964655058608793,	0.1279850906080360,	0.0000685900755858,	
  -0.0314324862843903,	-0.0029816290211753,	0.0922970478777715,	0.0182206215740170,	0.1064267826229844,	0.1318022820499789,	0.0787078418863075,	0.0117455379344420,	-0.0507481674073732,	-0.1065097677501772,	0.0099912619217045,	0.1024354222033059,	
  -0.0535518161014399,	0.0852542270568928,	-0.1301127793433375,	-0.1000842438637490,	0.0736111363801493,	0.0764864537955009,	0.0849804813587963,	0.0313261692128078,	-0.0461703949942534,	0.0516073831300154,	-0.0668685136500663,	0.0488466289638726,	
  -0.0112472528392113,	-0.0284188031330266,	0.0801796388126803,	0.0139289876548896,	0.0071569637774934,	-0.0203666999282513,	0.0150167568436450,	0.1233730593409839,	-0.0142226035659937,	0.1408796938139655,	-0.0249572093274520,	0.0645770567088678,	
  -0.1231584449787848,	-0.0784933756932359,	-0.1458136218545183,	0.0641048147401177,	-0.0466881248660262,	-0.0572220992901333,	0.0193160712729021,	-0.1060259041030993,	-0.1173339126196884,	0.0026406380602285,	0.1211720282145158,	0.0737551806706409,	
};

const PROGMEM tinytype coeff_d2p_data[12*4] = {
  0.0066127610017396,	0.0089789931024874,	-0.0024314263103625,	0.0103698695724809,	
  0.0097182163628911,	-0.0021600052009539,	0.0049613394172523,	-0.0032721453328501,	
  -0.0295047320918586,	-0.0255311382848857,	0.0110166880283304,	0.0190442713617730,	
  0.0363133812827905,	0.0062630206238529,	-0.0063307683635280,	-0.0464182852664466,	
  -0.0295134864142074,	-0.0348096248648602,	-0.0222725419731707,	0.0167053249232518,	
  -0.0433489810495587,	0.0446236700055044,	-0.0384468981955995,	0.0507463429364055,	
  -0.0099182535055456,	0.0010157240475486,	-0.0160569442794856,	-0.0154433165135833,	
  0.0135298719533130,	-0.0049887913423657,	0.0030249763117278,	0.0123287769887645,	
  -0.0088277028773178,	-0.0032534768730510,	0.0046381870934776,	0.0039681824058364,	
  0.0221383161749779,	-0.0245710949141702,	-0.0194844084867786,	-0.0165444441683640,	
  0.0105460948642039,	0.0062322319567595,	0.0076289864506684,	0.0001726075448219,	
  -0.0031719458447313,	0.0089468348259197,	0.0064390589580090,	0.0083046453750696,	
};

const PROGMEM tinytype dKinf_drho_data[4*12] = {
  -0.0000109853684035,	-0.0000718402342166,	0.0000763620056340,	-0.0000762671098137,	0.0000753920148155,	-0.0001181323102710,	-0.0000902007059142,	-0.0000905717910310,	0.0000188907117037,	-0.0000513318530614,	-0.0001036105665136,	-0.0000175302506934,	
  -0.0000185109102636,	0.0001541881956414,	0.0000069633066996,	-0.0001211154683647,	-0.0000559378953720,	-0.0000095404762399,	0.0000631380556637,	0.0000791148412431,	0.0000500107050667,	0.0000388287301145,	0.0000168672929774,	-0.0000672514380953,	
  -0.0000215113839900,	0.0000192371847554,	-0.0000752923444583,	-0.0000507552007903,	0.0000440757632635,	-0.0000149922995914,	0.0000091158136676,	-0.0000197858392777,	0.0000164744237493,	-0.0000004704398509,	-0.0000964543696520,	-0.0000519164912855,	
  0.0000256170633172,	0.0001089685223846,	-0.0000561831810223,	0.0000070570894546,	-0.0000505445830666,	0.0001453659887696,	0.0000313524839457,	0.0000700706054225,	-0.0000024154444284,	0.0000601101674289,	0.0000845053473711,	-0.0000756279123887,	
};

const PROGMEM tinytype dPinf_drho_data[12*12] = {
  0.0000337576684564,	0.0000189909439279,	-0.0000008145630259,	0.0000294258415586,	-0.0000251662024255,	0.0000700361519015,	0.0000070174201249,	0.0000346177390136,	-0.0000079890175104,	0.0000126937309627,	0.0000513962422230,	-0.0000128023309448,	
  0.0000189909439279,	0.0003965144370024,	-0.0001161348851156,	-0.0001104383089745,	-0.0001885627435012,	0.0002500074135869,	0.0001875641918755,	0.0002580353877892,	0.0000586531648360,	0.0001581081883967,	0.0001868354859161,	-0.0001811481252331,	
  -0.0000008145630259,	-0.0001161348851156,	0.0001661000278560,	-0.0000674002785544,	0.0000624393642349,	-0.0001770123242803,	-0.0001008724449162,	-0.0000933725322699,	0.0000270393572459,	-0.0000844045580507,	-0.0000877384129466,	0.0000449791999793,	
  0.0000294258415586,	-0.0001104383089745,	-0.0000674002785544,	0.0002474044224878,	-0.0000309739750455,	0.0001409711465033,	0.0000161099713125,	0.0000044716902902,	-0.0000934914193058,	0.0000186667073233,	0.0001376563393755,	0.0001196750152370,	
  -0.0000251662024255,	-0.0001885627435012,	0.0000624393642349,	-0.0000309739750455,	0.0001390658923131,	-0.0001891441044321,	-0.0001150126720916,	-0.0001578281145886,	-0.0000033247060445,	-0.0000955598582254,	-0.0001811405583439,	0.0000442234249589,	
  0.0000700361519015,	0.0002500074135869,	-0.0001770123242803,	0.0001409711465033,	-0.0001891441044321,	0.0004042177489133,	0.0001631848235680,	0.0002332425520910,	-0.0000365001667937,	0.0001587909370459,	0.0002946224990398,	-0.0000817649075899,	
  0.0000070174201249,	0.0001875641918755,	-0.0001008724449162,	0.0000161099713125,	-0.0001150126720916,	0.0001631848235680,	0.0001313382741805,	0.0001515260064009,	0.0000004581381555,	0.0000956832273673,	0.0001387922003005,	-0.0000477687304050,	
  0.0000346177390136,	0.0002580353877892,	-0.0000933725322699,	0.0000044716902902,	-0.0001578281145886,	0.0002332425520910,	0.0001515260064009,	0.0002088149238980,	0.0000092557431250,	0.0001225211348665,	0.0002003814070001,	-0.0000859872860914,	
  -0.0000079890175104,	0.0000586531648360,	0.0000270393572459,	-0.0000934914193058,	-0.0000033247060445,	-0.0000365001667937,	0.0000004581381555,	0.0000092557431250,	0.0000454825664657,	-0.0000030728460788,	-0.0000430007845956,	-0.0000499587092895,	
  0.0000126937309627,	0.0001581081883967,	-0.0000844045580507,	0.0000186667073233,	-0.0000955598582254,	0.0001587909370459,	0.0000956832273673,	0.0001225211348665,	-0.0000030728460788,	0.0000851023612748,	0.0001268085315227,	-0.0000533967402245,	
  0.0000513962422230,	0.0001868354859161,	-0.0000877384129466,	0.0001376563393755,	-0.0001811405583439,	0.0002946224990398,	0.0001387922003005,	0.0002003814070001,	-0.0000430007845956,	0.0001268085315227,	0.0002996109402739,	-0.0000091720801907,	
  -0.0000128023309448,	-0.0001811481252331,	0.0000449791999793,	0.0001196750152370,	0.0000442234249589,	-0.0000817649075899,	-0.0000477687304050,	-0.0000859872860914,	-0.0000499587092895,	-0.0000533967402245,	-0.0000091720801907,	0.0001400904548239,	
};

const PROGMEM tinytype dC1_drho_data[4*4] = {
  -0.0001049303269502,	0.0000078448304527,	0.0000077096608206,	-0.0000177793519822,	
  0.0000078448304527,	-0.0001136018075537,	0.0000016867391674,	0.0000028065189485,	
  0.0000077096608206,	0.0000016867391674,	-0.0001232376137022,	0.0000001660511818,	
  -0.0000177793519822,	0.0000028065189485,	0.0000001660511818,	-0.0001086930273412,	
};

const PROGMEM tinytype dC2_drho_data[12*12] = {
  -0.0000013998660533,	-0.0001841673946795,	-0.0000163262261216,	0.0001402165409790,	0.0000550028576580,	-0.0000447239554065,	-0.0000286480409785,	-0.0000793776524855,	-0.0000516296835401,	-0.0000547488260516,	-0.0000394747177461,	0.0001253793455029,	
  0.0000140357652607,	0.0000605496456847,	-0.0000199498411835,	0.0000382586547338,	-0.0000613105931054,	0.0000813193558905,	0.0000490088160312,	0.0000663721823863,	-0.0000087633245875,	0.0000372964175557,	0.0000917774769722,	0.0000035955663007,	
  -0.0000285043597360,	-0.0000115607742522,	0.0001051821124595,	-0.0001327929290026,	0.0000391580368115,	-0.0001644827498494,	-0.0000473411083198,	-0.0000497980128862,	0.0000453816893873,	-0.0000434714531395,	-0.0000927929640164,	-0.0000129500886050,	
  0.0000255965678524,	0.0001190262544481,	-0.0000985073729393,	0.0000563582670347,	-0.0000771771427844,	0.0001838752669026,	0.0000765113948022,	0.0001023416490002,	-0.0000155016812260,	0.0000751120971928,	0.0001182480452058,	-0.0000473825960134,	
  -0.0000465456897693,	0.0000396243269168,	0.0000522138236434,	-0.0001933837306214,	0.0000549573145349,	-0.0001713170158627,	-0.0000252322293279,	-0.0000429876078841,	0.0000674620704623,	-0.0000329142256985,	-0.0001520229339547,	-0.0000656031491670,	
  -0.0000202163057333,	-0.0001538412336489,	0.0000382701874735,	-0.0000113922551191,	0.0001064105001798,	-0.0001421469476411,	-0.0000860545804487,	-0.0001253480072822,	-0.0000036800328297,	-0.0000757224742791,	-0.0001431691283748,	0.0000412440560212,	
  -0.0000047244872974,	0.0000374526811149,	-0.0000344569465674,	-0.0000668029490205,	0.0000342886267942,	0.0000092971951703,	-0.0000212748120335,	-0.0000169674615950,	0.0000190109442304,	0.0000071396588167,	-0.0000613988337373,	-0.0000804020281762,	
  -0.0000072482680479,	0.0000077525934145,	0.0000054344335788,	0.0000160692904598,	-0.0000282561568432,	-0.0000146075201927,	0.0000368710383038,	0.0000264637123197,	-0.0000004224864733,	0.0000024387503944,	0.0000258942925351,	0.0000391586102459,	
  -0.0000240010264067,	-0.0000990095872848,	0.0001297818134088,	-0.0000943816972313,	0.0000756364179438,	-0.0001966984783325,	-0.0000922873960891,	-0.0001026855640974,	0.0000277217068034,	-0.0000745409573331,	-0.0001176022871867,	0.0000243223595267,	
  -0.0000010029914222,	0.0000754733109034,	-0.0000395748897992,	-0.0000188240535063,	-0.0000312484979634,	0.0000484269079785,	0.0000423634299208,	0.0000480401770515,	0.0000098869507945,	0.0000315394835085,	0.0000252946592745,	-0.0000349943440641,	
  0.0000331857386673,	-0.0000659520445250,	-0.0000015687978569,	0.0001737632115908,	-0.0000531239754612,	0.0000934718267570,	0.0000229188694704,	0.0000301353666641,	-0.0000582404828419,	0.0000099560892611,	0.0001351707431011,	0.0001049085458380,	
  0.0000098825201882,	-0.0002778421673953,	0.0001151264082275,	0.0001443069631282,	0.0000758148632036,	-0.0001294660361211,	-0.0001089024373655,	-0.0001381742299087,	-0.0000578624932676,	-0.0001003485084372,	-0.0000308697490238,	0.0001772621837088,	
};

