#pragma once

typedef float tinytype;

const PROGMEM tinytype Adyn_data[12*12] = {
  -0.0215753928595405,	0.0410026131615354,	-0.1005777193374723,	0.0072137855945934,	0.0382656973895129,	0.0792149820020891,	0.1196500170133040,	-0.1347492415578443,	-0.0660153221095370,	-0.0589296569474474,	0.0743781618209278,	0.0518642427510189,	
  0.0832709144660683,	-0.0030625862719395,	-0.0880397188002914,	-0.0287969921555646,	-0.0490834549382705,	0.0777102175865553,	-0.0663978455344402,	-0.1280791611949765,	-0.1255430178105308,	-0.0938833774191267,	-0.0469654258680268,	-0.0774167032398081,	
  -0.0537871183497192,	0.0846953784033900,	0.0388207433352984,	-0.1149086671239549,	0.0011880695494780,	0.1155409427271766,	-0.0443096962776521,	0.0978564934613771,	-0.0495998880488127,	0.0084488452157378,	0.0742284575665728,	0.0921191271323457,	
  -0.0362316696391118,	0.0650982503280812,	-0.0532189574132748,	-0.0219714721522705,	0.0282032943110616,	-0.1362335131908087,	0.0982822624529477,	-0.0131893848046478,	-0.1384201991701990,	-0.0740334597937594,	-0.1089322272740068,	-0.1180845780146777,	
  -0.0630730588489546,	0.0538986037845326,	0.0430555244043329,	0.1197738832144990,	-0.0051340828848897,	-0.0094992315756725,	-0.0060566261250152,	-0.1169754774668297,	-0.0343038438969009,	0.1347357442145386,	0.1186081124624694,	0.0459783721384402,	
  0.1260871689476941,	0.0318555082142338,	-0.0057968436044194,	0.1421278840907219,	0.0795948815743361,	-0.0860151052275329,	-0.0508202477520634,	0.0024710621219678,	-0.0855981720240002,	-0.1329993869481320,	-0.0541693302252091,	0.0533781333012065,	
  0.0464031723263205,	-0.1000294991602502,	-0.0875235348046667,	-0.0012929052350010,	0.0486870137963184,	-0.0356847542978926,	-0.0801288100235364,	0.0937951107907412,	0.1378429591983263,	0.0612570873914388,	-0.0296245901353499,	0.1107759695730360,	
  -0.0545343142335322,	-0.0372877522595848,	-0.0485344622554016,	0.0190356864244262,	0.0072515653158948,	0.0219303743714428,	-0.1152765262017964,	-0.0503754281390857,	-0.0346616977325555,	-0.1133573205417510,	0.0424120129640342,	-0.0730672816121941,	
  -0.0834442973654215,	-0.0714945644570284,	-0.0129997744724577,	0.0938608816239288,	-0.0296105119995002,	-0.0113790504857197,	0.1055148053654354,	0.0054425574663574,	-0.1318388549808987,	-0.0998162934710244,	0.0395134986551001,	0.0061946765211520,	
  -0.0365254457948890,	0.0146421275840203,	-0.1250107869636335,	-0.0422002777585757,	0.0997225440425101,	0.0631324859472561,	-0.0327602321444235,	0.0497839966455868,	-0.1161483475275953,	-0.0035704888944384,	-0.0605334544013893,	-0.0831338744303793,	
  -0.0322446329740931,	-0.0877255133985992,	0.0037902016487020,	0.0029838366559086,	-0.0540677797716087,	-0.1415575816633362,	0.1204998764659643,	-0.1024152822193348,	0.0088791803528127,	0.0372834386821536,	0.0707539819822606,	-0.0659132009663869,	
  -0.0132949284799100,	0.0998163777966405,	-0.0691467914717350,	0.0784615358965858,	-0.0306131742523574,	0.0950229246584499,	0.0729788786574428,	-0.1163898861204410,	-0.0870927346713279,	-0.1017314648025197,	-0.1378980637955586,	0.1348360738321979,	
};

const PROGMEM tinytype Bdyn_data[12*4] = {
  0.5702433668017959,	-0.2116875189971650,	0.2120822702663214,	0.7644040891908679,	
  -0.5133066797738202,	-0.1415929744387470,	0.6774595727020183,	0.3538832615702692,	
  0.5652713046626927,	-0.2670785927085215,	-0.0032347387273082,	0.2958839946654852,	
  -0.8649758984681370,	0.4970046192949691,	0.4379463369931951,	-0.5104153219690981,	
  0.7931084668426889,	-0.5510623462739273,	-0.1649424621901816,	-0.4052077848700766,	
  0.8494503953033032,	-0.4428216510396470,	0.9570787398634519,	0.3456155828396443,	
  -0.7546598268269900,	-0.2502594523572090,	-0.8803115633914669,	-0.0145524692599699,	
  0.2241565555770415,	0.7711658631500988,	-0.0750578809020679,	-0.5170787782213029,	
  -0.5827223915145892,	0.5871321502653033,	-0.9499765097165851,	0.9378652428179708,	
  -0.7431849876542920,	-0.0126930220168064,	0.3026423680276635,	0.1887454854068447,	
  -0.1136555064375719,	0.9967084060111888,	0.2196302480982579,	0.1962415415258534,	
  0.9927218039875250,	0.8156000754361044,	0.7851607532381102,	-0.7951007448983518,	
};

const PROGMEM tinytype Q_data[12] = {
  1.5044748764662288,6.4287934508926501,2.9493924676243353,6.6141025380422960,5.0424934947491202,9.2399878912481501,6.0031123654645890,5.1842496500073851,1.8112614968682477,2.8955020169334333,
  0.9167155897932435,9.2564588178216756,
};

const PROGMEM tinytype Qf_data[12] = {
  13.5402738881960598,57.8591410580338490,26.5445322086190174,59.5269228423806638,45.3824414527420856,83.1598910212333493,54.0280112891813005,46.6582468500664689,16.3013534718142274,26.0595181524009014,
  8.2504403081391917,83.3081293603950854,
};

const PROGMEM tinytype R_data[4] = {
  0.1000000000000000,0.1000000000000000,0.1000000000000000,0.1000000000000000,
};

const PROGMEM tinytype umin[4] = {
  -3.0,	
  -3.0,	
  -3.0,	
  -3.0,	
};

const PROGMEM tinytype umax[4] = {
  3.0,	
  3.0,	
  3.0,	
  3.0,	
};

const PROGMEM tinytype xmin[12] = {
  -10000.0,	
  -10000.0,	
  -10000.0,	
  -10000.0,	
  -10000.0,	
  -10000.0,	
  -10000.0,	
  -10000.0,	
  -10000.0,	
  -10000.0,	
  -10000.0,	
  -10000.0,	
};

const PROGMEM tinytype xmax[12] = {
  10000.0,	
  10000.0,	
  10000.0,	
  10000.0,	
  10000.0,	
  10000.0,	
  10000.0,	
  10000.0,	
  10000.0,	
  10000.0,	
  10000.0,	
  10000.0,	
};

const PROGMEM tinytype rho_value = 85.0;

const PROGMEM tinytype Kinf_data[4*12] = {
  0.0019521202116556,	0.0124538971778286,	0.0069753736174229,	0.0196377143401718,	-0.0005440139282772,	0.0087637730790847,	0.0007077676187445,	-0.0121215261151194,	-0.0043720505102806,	-0.0069081432556683,	0.0027737756515791,	0.0219639564705699,	
  -0.0112536929290963,	0.0031152347319220,	-0.0076248869461944,	-0.0009934795738392,	-0.0051893297962048,	0.0046237351590331,	0.0108199298029641,	-0.0084698477776719,	-0.0105777498020352,	-0.0135963125996882,	-0.0099746164019933,	-0.0029963101449572,	
  0.0123473715597406,	0.0153193581841165,	-0.0075920086306851,	0.0101312801402228,	0.0024461236459998,	-0.0004618174703440,	0.0034494391571657,	-0.0152631420189363,	-0.0259270903502954,	-0.0244899005902847,	-0.0195135122223172,	-0.0015659500291268,	
  0.0074242435530427,	-0.0078361206287066,	0.0029241345904712,	-0.0024163042018740,	0.0027477446992902,	-0.0008775608735968,	-0.0043369902948636,	0.0080214368104855,	0.0003769340828296,	-0.0011322550913290,	0.0087475571098364,	-0.0034942005985519,	
};

const PROGMEM tinytype Pinf_data[12*12] = {
  1.7839992707533292,	-0.0404461061105444,	-0.0442898462288093,	0.0916333049864570,	0.0620958589104742,	-0.0772331587363930,	-0.1343932824341076,	0.0286830683077249,	0.0240165265980121,	-0.1299948390739553,	-0.1359056717452969,	0.0677830064371501,	
  -0.0404461061105444,	6.6387847466318322,	-0.0092406785263163,	0.0442220296126130,	-0.0090849826459773,	0.0513057980292739,	0.1312086864357138,	-0.1190233039346378,	-0.2027727089411135,	-0.0803948059434372,	-0.1054537305253225,	0.0467409597347335,	
  -0.0442898462288093,	-0.0092406785263164,	3.1916666781599785,	-0.0226499577023032,	-0.0427786728251714,	-0.0749471835003294,	0.0253124872298899,	0.0923601586982080,	0.1482333141117732,	0.1772451292947164,	0.1876167772743553,	-0.0254789689028265,	
  0.0916333049864571,	0.0442220296126130,	-0.0226499577023032,	6.9594115885549357,	0.0674878740840076,	-0.1097606263797292,	0.0082725937113182,	-0.1316049646298592,	-0.1192529790317629,	-0.1407844280937174,	-0.0657942398226765,	0.1538052375805137,	
  0.0620958589104742,	-0.0090849826459773,	-0.0427786728251714,	0.0674878740840076,	5.1791084024779241,	-0.1144797495883460,	-0.0565962663485599,	0.1127157659564808,	-0.0170353139677835,	-0.0481194401290972,	-0.0422934595709997,	0.0166829838082424,	
  -0.0772331587363930,	0.0513057980292740,	-0.0749471835003294,	-0.1097606263797292,	-0.1144797495883460,	9.6499597105987540,	-0.0475783295050239,	-0.1224264935042867,	-0.0213229713342635,	0.0018586208195377,	0.0227886976570522,	0.1238876119564050,	
  -0.1343932824341076,	0.1312086864357138,	0.0253124872298899,	0.0082725937113182,	-0.0565962663485599,	-0.0475783295050240,	6.3573435150801139,	-0.0905227474551243,	-0.1193309187362115,	0.0082379715221039,	-0.0833030023971881,	0.0065586822832381,	
  0.0286830683077250,	-0.1190233039346378,	0.0923601586982080,	-0.1316049646298592,	0.1127157659564808,	-0.1224264935042867,	-0.0905227474551243,	5.5858528391434987,	0.2448145821770834,	0.1273917687910585,	0.0410671749271398,	0.0263237641315797,	
  0.0240165265980121,	-0.2027727089411136,	0.1482333141117732,	-0.1192529790317629,	-0.0170353139677835,	-0.0213229713342634,	-0.1193309187362116,	0.2448145821770834,	2.3429308984801795,	0.3455605064912033,	0.1676714716226922,	0.1353773729953407,	
  -0.1299948390739553,	-0.0803948059434372,	0.1772451292947164,	-0.1407844280937174,	-0.0481194401290972,	0.0018586208195377,	0.0082379715221039,	0.1273917687910585,	0.3455605064912034,	3.3874107028230163,	0.2581821830807775,	0.0279083193973600,	
  -0.1359056717452970,	-0.1054537305253225,	0.1876167772743553,	-0.0657942398226765,	-0.0422934595709997,	0.0227886976570521,	-0.0833030023971881,	0.0410671749271398,	0.1676714716226922,	0.2581821830807775,	1.3128105564615611,	-0.0798558394015606,	
  0.0677830064371501,	0.0467409597347335,	-0.0254789689028265,	0.1538052375805136,	0.0166829838082424,	0.1238876119564051,	0.0065586822832381,	0.0263237641315797,	0.1353773729953407,	0.0279083193973599,	-0.0798558394015606,	9.7022122806860409,	
};

const PROGMEM tinytype Quu_inv_data[4*4] = {
  0.0085167980031583,	0.0000570593812591,	-0.0010997323049595,	0.0004299377253061,	
  0.0000570593812591,	0.0097766127839018,	-0.0002521729001036,	0.0009076944183512,	
  -0.0010997323049595,	-0.0002521729001036,	0.0090901069144742,	0.0002416107897972,	
  0.0004299377253061,	0.0009076944183512,	0.0002416107897972,	0.0100489921469674,	
};

const PROGMEM tinytype AmBKt_data[12*12] = {
  -0.0333646235204596,	0.0373013156058073,	-0.1067945632860692,	-0.0044964300533994,	0.0348582346333583,	0.0759650399777511,	0.1241205095477684,	-0.1325245600458697,	-0.0605508206902723,	-0.0518091296231207,	0.0681367344033211,	0.0417082522675080,	
  0.0716873463710839,	-0.0038339962329120,	-0.0814303667142734,	-0.0248659350399830,	-0.0527270042988759,	0.0834868260325564,	-0.0653045849505210,	-0.1279989830095397,	-0.1118537907116165,	-0.0823629121254263,	-0.0368299622918754,	-0.0642693071929673,	
  -0.0600529906777761,	0.0808556970012003,	0.0319515579270130,	-0.1255269228722785,	-0.0006954749936583,	0.1120800963223118,	-0.0405256013302184,	0.1000235422750253,	-0.0501489800093613,	0.0089783340610517,	0.0673451320187972,	0.0799320950978964,	
  -0.0305680338178082,	0.0636135523414394,	-0.0385784078488273,	-0.0101618343232837,	0.0306430763592087,	-0.1311967476765404,	0.0897925737510662,	-0.0086859578861713,	-0.1253976597960670,	-0.0631040651358034,	-0.0885647893818511,	-0.0986947964941113,	
  -0.0657778211957626,	0.0450895566243040,	0.0332541459418729,	0.1043435495351888,	-0.0060453878853978,	-0.0143336556692163,	-0.0018439299548846,	-0.1112963982467302,	-0.0407890747390011,	0.1282240121192937,	0.1112375434779892,	0.0252332496597206,	
  0.1050622197033174,	0.0107024870927475,	-0.0088430189351306,	0.1161453651716884,	0.0744682505102136,	-0.0906667113014475,	-0.0484326155093537,	0.0208527604665453,	-0.0618843959533205,	-0.1093219153225941,	-0.0452898155134372,	0.0361003984464325,	
  0.0560375910353769,	-0.0764796530860873,	-0.0908084801981491,	0.0221617810809299,	0.0491711269078437,	-0.0283332673318919,	-0.0739134292685862,	0.0692082338250868,	0.1090779343259233,	0.0310659636697986,	-0.0470782470164541,	0.1251720570584504,	
  -0.0415277446253473,	-0.0453837907540422,	-0.0432758175942761,	0.0149109143452435,	0.0129797449249703,	0.0159118193242613,	-0.1257627955084776,	-0.0381245554748686,	-0.0272756022377200,	-0.1037474279235988,	0.0525408699016785,	-0.0776043082094239,	
  -0.0709325753233938,	-0.0441641985815837,	-0.0144129258665975,	0.1177781671601295,	-0.0271339529811611,	-0.0086026291513649,	0.1069189073809283,	-0.0186706604465999,	-0.1531596498970343,	-0.1180619185674622,	0.0202448498063375,	0.0225422693308304,	
  -0.0403556329525644,	0.0207799643016793,	-0.1181778305983651,	-0.0302285216305360,	0.0979934477208285,	0.0700096808928967,	-0.0323222513646986,	0.0437732159047476,	-0.1117563620299772,	-0.0012517060055684,	-0.0543440803689357,	-0.0657151865294881,	
  -0.0249749147002510,	-0.0912418620986599,	0.0132763782433967,	0.0044550241575842,	-0.0500338257194527,	-0.1448964033117015,	0.1098894996492061,	-0.0935728833876681,	0.0245456080429010,	0.0556507676478212,	0.0835801443121250,	-0.0594007915565891,	
  -0.0098459779511453,	0.0666536726812714,	-0.0615666097780765,	0.0499011418890115,	-0.0255765684180469,	0.0822166689417230,	0.0572948182856957,	-0.0790867038944159,	-0.0534686569064075,	-0.0654561948579261,	-0.1102399203454715,	0.1139270471279570,	
};

const PROGMEM tinytype coeff_d2p_data[12*4] = {
  0.0101901550955759,	-0.0021524473099180,	0.0025426854454258,	0.0117893398435003,	
  -0.0325971429728978,	-0.0115101266385112,	0.0466057712424228,	0.0197818926055737,	
  0.0129429018470672,	-0.0035735837146983,	-0.0029809967564804,	0.0111069494952723,	
  -0.0538169045394092,	0.0281182057644388,	0.0333017357757045,	-0.0363005132442926,	
  0.0347919619590547,	-0.0280476706353927,	-0.0123740882347764,	-0.0234670505062471,	
  0.0609328375921149,	-0.0400117121933250,	0.0782563736727756,	0.0354015559847431,	
  -0.0364415073616301,	-0.0162107416348041,	-0.0437825046091213,	-0.0072922004610540,	
  0.0113160239532954,	0.0413388903041639,	-0.0102495726992641,	-0.0223056277504011,	
  -0.0059575478514799,	0.0200902001282892,	-0.0177827589335935,	0.0219119259728058,	
  -0.0219340950514816,	0.0052794361827315,	0.0085789582030974,	0.0089669170199856,	
  -0.0025712876441050,	0.0137352407851846,	0.0011590711197462,	0.0059521937380642,	
  0.0698635416667592,	0.0692334739696819,	0.0556967399884516,	-0.0631474034393296,	
};

const PROGMEM tinytype dKinf_drho_data[4*12] = {
  -0.0000056141411393,	-0.0000854528828496,	-0.0000687432277516,	-0.0001551708758292,	0.0000063286009561,	-0.0000748932114270,	-0.0000004189871617,	0.0000826661174806,	0.0000088333527734,	0.0000330300009079,	-0.0000481772269088,	-0.0001870179102779,	
  0.0001026838022089,	-0.0000213607658280,	0.0000689597534215,	0.0000143376351092,	0.0000492773544842,	-0.0000452110810535,	-0.0000993744904001,	0.0000725813118857,	0.0000933357930601,	0.0001269227760697,	0.0000864982809531,	0.0000296251644922,	
  -0.0001128527000890,	-0.0001206067317406,	0.0000733209733177,	-0.0000705436051368,	-0.0000252690791470,	0.0000152541810997,	-0.0000257386796508,	0.0001196528277102,	0.0002272828293317,	0.0002110563301551,	0.0001731912088490,	0.0000396641265743,	
  -0.0000703232921132,	0.0000659005586508,	-0.0000238152253893,	0.0000147234598757,	-0.0000229572596788,	0.0000012894613454,	0.0000331220220871,	-0.0000637759731349,	0.0000126180323415,	0.0000322852839286,	-0.0000735394405330,	0.0000279165805810,	
};

const PROGMEM tinytype dPinf_drho_data[12*12] = {
  0.0003899814435124,	0.0001390385858293,	0.0000325787421308,	0.0001471509947518,	0.0001018170185528,	-0.0000510951521478,	-0.0001272514437741,	-0.0000586140969948,	-0.0001701120444964,	-0.0001623614461399,	-0.0000993406754153,	0.0000522026392918,	
  0.0001390385858293,	0.0004870659517557,	-0.0000845921238295,	0.0004099564888396,	-0.0000119521912297,	0.0001279940116617,	0.0001412864634571,	-0.0004951931793512,	-0.0004965675939202,	-0.0005028110604292,	-0.0003888583686335,	0.0002795017977385,	
  0.0000325787421308,	-0.0000845921238295,	0.0001813432214859,	0.0000592649589751,	0.0000256789150527,	0.0000220336854442,	-0.0001283556728334,	0.0001289909861921,	0.0002680283896326,	0.0002481781758371,	0.0002742350742216,	0.0001762692154265,	
  0.0001471509947518,	0.0004099564888396,	0.0000592649589751,	0.0004995556419114,	0.0000141901857949,	0.0001634507745905,	0.0000511978898297,	-0.0003993611871547,	-0.0003480940984640,	-0.0003719462393310,	-0.0001504202078904,	0.0004241581225110,	
  0.0001018170185528,	-0.0000119521912297,	0.0000256789150527,	0.0000141901857949,	0.0000420482259679,	-0.0000318616991969,	-0.0000609012191556,	0.0000385707199297,	-0.0000067839289490,	0.0000114547033669,	0.0000324262703824,	-0.0000128754505954,	
  -0.0000510951521478,	0.0001279940116617,	0.0000220336854442,	0.0001634507745905,	-0.0000318616991969,	0.0001094182416349,	0.0000621126785024,	-0.0001522337811222,	-0.0000832703453829,	-0.0001143074518719,	-0.0000175827958699,	0.0001817150218662,	
  -0.0001272514437741,	0.0001412864634571,	-0.0001283556728334,	0.0000511978898297,	-0.0000609012191556,	0.0000621126785024,	0.0001736927500771,	-0.0002065620051445,	-0.0002445974770303,	-0.0002471629907245,	-0.0002093224796052,	-0.0000087420196133,	
  -0.0000586140969948,	-0.0004951931793512,	0.0001289909861921,	-0.0003993611871547,	0.0000385707199297,	-0.0001522337811222,	-0.0002065620051445,	0.0005409058205558,	0.0005599447532524,	0.0005721543633326,	0.0004256343130954,	-0.0002493223653493,	
  -0.0001701120444964,	-0.0004965675939202,	0.0002680283896326,	-0.0003480940984640,	-0.0000067839289490,	-0.0000832703453829,	-0.0002445974770303,	0.0005599447532524,	0.0008670425725894,	0.0008366723264963,	0.0005964552437390,	-0.0000183604187599,	
  -0.0001623614461399,	-0.0005028110604292,	0.0002481781758371,	-0.0003719462393310,	0.0000114547033669,	-0.0001143074518719,	-0.0002471629907245,	0.0005721543633326,	0.0008366723264963,	0.0008491432413417,	0.0005915367901633,	-0.0000705799118343,	
  -0.0000993406754153,	-0.0003888583686335,	0.0002742350742216,	-0.0001504202078904,	0.0000324262703824,	-0.0000175827958699,	-0.0002093224796052,	0.0004256343130954,	0.0005964552437390,	0.0005915367901633,	0.0006138561551339,	0.0000692603036844,	
  0.0000522026392918,	0.0002795017977385,	0.0001762692154265,	0.0004241581225110,	-0.0000128754505954,	0.0001817150218662,	-0.0000087420196133,	-0.0002493223653493,	-0.0000183604187599,	-0.0000705799118343,	0.0000692603036844,	0.0005170797288505,	
};

const PROGMEM tinytype dC1_drho_data[4*4] = {
  -0.0000739714498357,	-0.0000017010355505,	0.0000192307782141,	-0.0000077618409737,	
  -0.0000017010355505,	-0.0000967909229498,	0.0000046876388487,	-0.0000180960118798,	
  0.0000192307782141,	0.0000046876388487,	-0.0000841790963443,	-0.0000038246283848,	
  -0.0000077618409737,	-0.0000180960118798,	-0.0000038246283848,	-0.0001021496314736,	
};

const PROGMEM tinytype dC2_drho_data[12*12] = {
  0.0001026277749731,	0.0000194110250613,	0.0000564526659435,	0.0000952266360612,	0.0000297303050452,	0.0000289159245714,	-0.0000406573061863,	-0.0000084008760020,	-0.0000431270723157,	-0.0000614074800619,	0.0000652664148655,	0.0000831653940160,	
  0.0001129969067914,	0.0000114970103728,	-0.0000667663270087,	-0.0000350400840775,	0.0000354688098316,	-0.0000556351669355,	-0.0000085702128758,	-0.0000057806300180,	-0.0001406903273368,	-0.0001194814593336,	-0.0001037878087740,	-0.0001285528802528,	
  0.0000510406458633,	0.0000227100074888,	0.0000645599661491,	0.0000869582925786,	0.0000162944968003,	0.0000299278837477,	-0.0000361874917380,	-0.0000080865341138,	0.0000169364781691,	0.0000063574580162,	0.0000726544147993,	0.0001054963390860,	
  -0.0000423610799629,	0.0000231576464129,	-0.0001380008588080,	-0.0001029355456346,	-0.0000196682219461,	-0.0000483330586251,	0.0000772053150123,	-0.0000495227995091,	-0.0001318449285718,	-0.0001104634943880,	-0.0001980462980578,	-0.0001796115370499,	
  0.0000139280522018,	0.0000628125392713,	0.0000949655866298,	0.0001252986909097,	0.0000086652231058,	0.0000375228776536,	-0.0000452533375690,	-0.0000316730584629,	0.0000870295486578,	0.0000916403885379,	0.0000846435428393,	0.0001825051152226,	
  0.0001825532908215,	0.0001557828543707,	0.0000269878021082,	0.0002005861046072,	0.0000485641319994,	0.0000285525121358,	-0.0000304628109826,	-0.0001305553972481,	-0.0001880609375126,	-0.0001850090178016,	-0.0000611137712931,	0.0001243710045192,	
  -0.0000789080890682,	-0.0001750460760512,	0.0000295788080907,	-0.0001753991861994,	-0.0000054706827367,	-0.0000543862014922,	-0.0000473616484395,	0.0001849526272035,	0.0002302876672796,	0.0002429551977605,	0.0001366816380850,	-0.0000983978818861,	
  -0.0001227609629108,	0.0000606508119453,	-0.0000445811933823,	0.0000260442094282,	-0.0000531869663156,	0.0000534647462594,	0.0000919229373447,	-0.0000984986967629,	-0.0000503735470681,	-0.0000727469273347,	-0.0000809315991859,	0.0000364875517200,	
  -0.0001048140900485,	-0.0002136331213921,	0.0000114419680799,	-0.0001796630194502,	-0.0000277187173023,	-0.0000038152992943,	0.0000025866706825,	0.0001790372201350,	0.0001544262825383,	0.0001149461889125,	0.0001546377947770,	-0.0001148754125647,	
  0.0000445582346475,	-0.0000397161583936,	-0.0000679086439142,	-0.0000965681803926,	0.0000173093728414,	-0.0000610933171549,	-0.0000000347647402,	0.0000381829055762,	-0.0000634174818720,	-0.0000438098547239,	-0.0000732414273685,	-0.0001558860442207,	
  -0.0000643976691087,	0.0000251347233802,	-0.0000879757792943,	-0.0000193223108770,	-0.0000383408509429,	0.0000329469131958,	0.0000981528456514,	-0.0000767108291836,	-0.0001444189766540,	-0.0001754410243835,	-0.0001152957058494,	-0.0000649731005518,	
  -0.0000454822274441,	0.0002493460378505,	-0.0000645049331124,	0.0002094424395629,	-0.0000448861992472,	0.0001002705524260,	0.0001280101250937,	-0.0002859168088014,	-0.0002533146923234,	-0.0002763509216834,	-0.0002171756248037,	0.0001525482493918,	
};

