#pragma once

typedef float tinytype;

const PROGMEM tinytype Adyn_data[12*12] = {
  -0.0092923571373275,	-0.0832608243087934,	-0.0586432364667505,	-0.0565372209180018,	-0.0264268667268981,	-0.0461052331723444,	0.1605127112344953,	-0.1576484096168792,	0.0433609694183106,	0.0076265369931636,	0.0557015179902023,	-0.0799260770861765,	
  -0.1161272632212438,	0.0670583732562494,	-0.0684927777046846,	-0.0619846654307991,	-0.1327331570347877,	-0.1514636698309383,	-0.0933878561446651,	-0.0027749801979635,	0.0603915038452326,	0.1524228506580827,	-0.0296693355009376,	0.0578795446310238,	
  0.1231326678841163,	0.1388204530512053,	-0.1005908925089485,	0.0154390027764990,	0.0045356391214690,	0.0236383329598196,	-0.0280798791978968,	0.0504433193097038,	0.0910295780828003,	0.0827159714398967,	-0.1446519182678992,	-0.0681936610648683,	
  0.1159222952321300,	0.0349911406120568,	-0.0723128510055353,	-0.0822366033943521,	0.0681727383743418,	0.1162064222057886,	-0.1350969871613721,	-0.0027172638570476,	0.1568597280540303,	-0.1171181498381528,	0.1299602462324216,	0.0715409002146152,	
  -0.1527202034633191,	0.1430801182031949,	-0.0099256999197086,	0.1188970759512356,	-0.0019284638612740,	0.0464071589802983,	0.1173914372899595,	-0.0162009170112593,	0.0139101421115380,	-0.0220611519359073,	0.0118537200163934,	0.0221075109143817,	
  0.0153262013412728,	0.0773598359562504,	0.0083125880307887,	-0.1621263297032277,	-0.0934824749975295,	0.0292850996880706,	0.1549381850652963,	-0.1236575184890414,	-0.1052672940738851,	0.0428523784325744,	0.1271065904447017,	-0.0191151048607043,	
  0.1112192927238262,	0.1056671958624849,	-0.1162769062490996,	-0.0701883032812906,	0.0540761959793014,	-0.0029680538516755,	0.1445347151598760,	0.1623952850133831,	0.0647675950095504,	0.0762701629568032,	-0.0346642822578860,	0.0667345081922987,	
  -0.1535798523524574,	0.0541684477131109,	-0.1017124621640134,	0.0848854074127635,	0.0185715416910618,	0.1587005247782250,	0.1169061578972002,	-0.1595015068888461,	0.0919973234576211,	-0.0156140381306066,	0.0403679810832057,	0.0289456400328677,	
  -0.0754722908955199,	-0.0974758057078327,	-0.1199734394601753,	0.1172141257573563,	0.0575598242364555,	-0.1180196026491852,	-0.1149698837204068,	-0.0625819427373669,	0.1450823731138932,	0.1568031691764820,	0.1257915588343780,	0.0683044205779658,	
  0.0040486233167932,	0.0944602436775661,	-0.0373873296074984,	0.0375588275552658,	-0.0618726525718044,	-0.0364311025643964,	-0.0688512887646827,	0.1371589592284498,	0.0884598554418776,	-0.0146545804187466,	0.0367451394301545,	-0.0301749497621258,	
  -0.1172565694627622,	-0.0221068619952176,	-0.0222136764959434,	-0.1568627559435684,	0.1365783387716603,	-0.1137378016178437,	0.0806253852178353,	-0.0372598826500918,	0.0528506884770979,	0.1275796006849400,	0.0820283140426601,	-0.0528977205554761,	
  -0.1256554762423957,	0.0271191955954693,	-0.0994495937795174,	-0.1552213823698927,	-0.0744987473448020,	-0.0325998868148561,	0.0633148953747607,	0.1262424425198921,	0.0610659767808862,	0.0069079038236174,	-0.0628834612526458,	0.0319705271192071,	
};

const PROGMEM tinytype Bdyn_data[12*4] = {
  -0.5005413436795141,	-0.8014308698510670,	-0.5705906109743770,	0.9073540803112701,	
  0.9700434478346831,	-0.2003851262218110,	-0.8508755943404434,	-0.2612730967029522,	
  0.2443130371340951,	-0.0555669993517884,	-0.1912323326697096,	0.0233520628900070,	
  0.7314387042013848,	-0.6461211162345537,	-0.2057462590619685,	0.4384529665289061,	
  -0.2099269576956646,	0.9748179216001818,	0.7359928348188518,	0.2620566912610185,	
  -0.1829569096196402,	-0.8311785428396816,	0.8511804571567523,	0.8213363443114283,	
  -0.2441206324432472,	0.9504555631379104,	-0.0832059160655056,	-0.9076089227874213,	
  0.7483144891635263,	-0.1132355851624034,	0.9772144691443714,	-0.5238456371155096,	
  0.5762613373430912,	-0.2214880528806193,	0.1310477160181331,	0.6598970949011611,	
  0.1937281814453395,	0.4154253583829637,	-0.3837167583709931,	0.1780125905821235,	
  -0.9790580314744426,	0.1131243330376854,	-0.6955409153998620,	-0.6900137097423953,	
  0.8533336300493959,	-0.4396817528512165,	-0.5354548302995779,	0.9174106339409811,	
};

const PROGMEM tinytype Q_data[12] = {
  0.7341353333654284,8.2766445125992210,5.7885424458784387,9.2787405649651120,6.7085295293925720,0.5687049312259321,3.8333859557253795,1.1703723079588881,1.0078668070485466,3.3785676823946149,
  6.7475379448738897,5.8421354464649689,
};

const PROGMEM tinytype Qf_data[12] = {
  6.6072180002888548,74.4898006133929869,52.0968820129059509,83.5086650846860152,60.3767657645331468,5.1183443810333893,34.5004736015284124,10.5333507716299941,9.0708012634369197,30.4071091415515333,
  60.7278415038650081,52.5792190181847161,
};

const PROGMEM tinytype R_data[4] = {
  0.1000000000000000,0.1000000000000000,0.1000000000000000,0.1000000000000000,
};

const PROGMEM tinytype umin[4] = {
  -3.0,	
  -3.0,	
  -3.0,	
  -3.0,	
};

const PROGMEM tinytype umax[4] = {
  3.0,	
  3.0,	
  3.0,	
  3.0,	
};

const PROGMEM tinytype xmin[12] = {
  -10000.0,	
  -10000.0,	
  -10000.0,	
  -10000.0,	
  -10000.0,	
  -10000.0,	
  -10000.0,	
  -10000.0,	
  -10000.0,	
  -10000.0,	
  -10000.0,	
  -10000.0,	
};

const PROGMEM tinytype xmax[12] = {
  10000.0,	
  10000.0,	
  10000.0,	
  10000.0,	
  10000.0,	
  10000.0,	
  10000.0,	
  10000.0,	
  10000.0,	
  10000.0,	
  10000.0,	
  10000.0,	
};

const PROGMEM tinytype rho_value = 85.0;

const PROGMEM tinytype Kinf_data[4*12] = {
  -0.0000220523640187,	0.0103832190583298,	-0.0140478353490130,	-0.0022883564755996,	-0.0171587570726958,	0.0020524778030645,	-0.0207204151253205,	0.0078480440862054,	0.0157186601703054,	-0.0015639099760651,	-0.0034685030536902,	0.0132133355965046,	
  -0.0077083925754336,	0.0126169680444287,	0.0015127248247272,	0.0148092713112110,	0.0007275574096841,	-0.0027319657920116,	0.0135991093569787,	0.0118974992877302,	-0.0044032008774746,	0.0051981645768572,	-0.0080196241008436,	-0.0000552958191127,	
  0.0042333041515726,	0.0000676852094252,	0.0091520994143696,	0.0223047384493153,	0.0031243747118413,	0.0196479639095218,	0.0105509963059796,	-0.0091982607727879,	-0.0114061003189927,	-0.0161128107662279,	0.0011574585049186,	-0.0004448500384682,	
  -0.0025753784608050,	-0.0007104541109592,	-0.0016978105388480,	0.0005054323070859,	-0.0061655425036570,	0.0088935571218141,	-0.0015927358845554,	-0.0025328760923129,	0.0027174391688956,	-0.0135160908731653,	0.0038082878122573,	0.0009801287290869,	
};

const PROGMEM tinytype Pinf_data[12*12] = {
  1.5799889379828631,	0.0085252858666808,	0.0130960700326812,	0.0313921814496354,	0.1775462407732572,	0.3705570696486472,	-0.2802537871340092,	0.1661995793977557,	0.0628380178584688,	-0.3152990078667132,	-0.0404604038142600,	-0.0206927717798726,	
  0.0085252858666808,	8.6820150003610461,	-0.2049982024609230,	0.0199937897010293,	-0.0663826534589091,	0.0600710027043827,	0.0494715045624517,	0.1729880036714853,	0.2031374494609280,	0.0718166944842384,	-0.1154553990351879,	0.0462424507948127,	
  0.0130960700326812,	-0.2049982024609229,	6.0638768510171497,	0.1605516589297715,	-0.0001704207290580,	0.0193205563923221,	-0.0208335492015620,	-0.1164041795199273,	-0.2785949720171242,	-0.1294482894720073,	0.0108723353094575,	-0.0751663170904535,	
  0.0313921814496353,	0.0199937897010294,	0.1605516589297715,	9.8107223432026096,	-0.0887403212527441,	0.1310183934643439,	-0.0589553608123494,	-0.0813447576316082,	-0.1612131980986694,	-0.1262897825489831,	-0.1044860002312745,	-0.0381993466986716,	
  0.1775462407732573,	-0.0663826534589091,	-0.0001704207290579,	-0.0887403212527441,	7.0677549094726277,	0.1581396546165464,	0.0376499381597944,	-0.0477160770236266,	0.1029700687314766,	-0.1113045668778226,	0.1908553160653933,	-0.0340158211491949,	
  0.3705570696486473,	0.0600710027043826,	0.0193205563923222,	0.1310183934643439,	0.1581396546165464,	1.0413447900986135,	-0.0363913814141587,	-0.0106116503237145,	0.0555391996564288,	-0.4194732122042540,	0.0769911737784294,	0.0307811457871564,	
  -0.2802537871340091,	0.0494715045624517,	-0.0208335492015621,	-0.0589553608123494,	0.0376499381597944,	-0.0363913814141587,	4.4107683187441591,	-0.0389031423227294,	-0.1446712084385815,	0.1209771790545190,	-0.0778229523037992,	-0.0769742621380551,	
  0.1661995793977558,	0.1729880036714853,	-0.1164041795199273,	-0.0813447576316082,	-0.0477160770236267,	-0.0106116503237145,	-0.0389031423227294,	1.6309088103310652,	0.0964898347476503,	-0.0098845031332839,	-0.1931565601131637,	0.0482658728136956,	
  0.0628380178584688,	0.2031374494609280,	-0.2785949720171242,	-0.1612131980986694,	0.1029700687314766,	0.0555391996564288,	-0.1446712084385814,	0.0964898347476503,	1.4074742510573552,	0.0226953370474324,	0.1330824933218125,	0.0967776772579668,	
  -0.3152990078667131,	0.0718166944842384,	-0.1294482894720073,	-0.1262897825489831,	-0.1113045668778227,	-0.4194732122042540,	0.1209771790545190,	-0.0098845031332839,	0.0226953370474323,	3.8889769932088729,	-0.1414696677242590,	-0.0418547273495136,	
  -0.0404604038142601,	-0.1154553990351880,	0.0108723353094575,	-0.1044860002312745,	0.1908553160653933,	0.0769911737784294,	-0.0778229523037992,	-0.1931565601131637,	0.1330824933218125,	-0.1414696677242589,	7.1724012187007613,	0.0879724472258072,	
  -0.0206927717798727,	0.0462424507948127,	-0.0751663170904535,	-0.0381993466986716,	-0.0340158211491949,	0.0307811457871564,	-0.0769742621380552,	0.0482658728136955,	0.0967776772579669,	-0.0418547273495136,	0.0879724472258072,	6.0024290486852916,	
};

const PROGMEM tinytype Quu_inv_data[4*4] = {
  0.0090066373870247,	0.0008616564807351,	0.0005635070638832,	-0.0007945572433747,	
  0.0008616564807351,	0.0096839421280656,	-0.0006208076882192,	0.0009006917381378,	
  0.0005635070638832,	-0.0006208076882192,	0.0097473794388174,	-0.0003509584585947,	
  -0.0007945572433747,	0.0009006917381378,	-0.0003509584585947,	0.0097866461588186,	
};

const PROGMEM tinytype AmBKt_data[12*12] = {
  -0.0107288752670846,	-0.0672687122334360,	-0.0576997971594450,	-0.0335457624810489,	-0.0270553780564577,	-0.0441260265074442,	0.1685055076795601,	-0.1471353416584595,	0.0387260543236893,	0.0140797666148178,	0.0447431839621818,	-0.0744997231654332,	
  -0.1147213806088571,	0.0593864215225659,	-0.0472189337016074,	-0.0376866890756682,	-0.1148950616729628,	-0.1349604876066782,	-0.0620016477549844,	-0.0164921900277568,	0.0352662059334047,	0.1377401577932635,	-0.0259318938844683,	0.0449285237792433,	
  0.1235794083464911,	0.1370143184925476,	-0.0952849409120029,	0.0210745691426774,	0.0095096349580338,	0.0265347217981124,	-0.0202070646430011,	0.0474871911763657,	0.0846999588355723,	0.0806212396590320,	-0.1441177320863876,	-0.0715328815761336,	
  0.1129580387882113,	0.0358739684861207,	-0.0584328967842786,	-0.0666267197879878,	0.0845395364288282,	0.1130830682835789,	-0.1082854340612537,	-0.0015523622411417,	0.1389792588252390,	-0.1100045820519135,	0.1258839828044391,	0.0613191607712548,	
  -0.1476513399847279,	0.1330969526496825,	-0.0206403075066572,	0.0874317655589259,	-0.0069235812662040,	0.0327098218074141,	0.0924369374760843,	-0.0187176853705927,	0.0291849167386100,	-0.0120558274624994,	0.0170933925509031,	0.0250058067617555,	
  0.0074270623676139,	0.0902723801960842,	0.0006041692418656,	-0.1696363391765905,	-0.0936124806117543,	0.0033612987408283,	0.1547778998568742,	-0.1024229954751761,	-0.0985745845439079,	0.0717030194560880,	0.1156931731215694,	-0.0171699622007492,	
  0.1165551933722812,	0.0955709037175574,	-0.1219234896026838,	-0.0825078715480757,	0.0438599434331249,	0.0098363090479961,	0.1259834091855115,	0.1499388994581902,	0.0743072080521401,	0.0573397499662970,	-0.0243359756819057,	0.0708652716787333,	
  -0.1599221614327022,	0.0473889129546960,	-0.1008619237644397,	0.0667430095883521,	0.0252110968971909,	0.1423138466294920,	0.1228065138643919,	-0.1563652542685132,	0.0923059481949801,	-0.0051897978435602,	0.0429192751030390,	0.0199997981541231,	
  -0.0760221799088285,	-0.1002047891111154,	-0.1116221460819502,	0.1185563754463241,	0.0712680792250235,	-0.1282511173394275,	-0.1003491115220492,	-0.0615924645259483,	0.1347505737764702,	0.1698864975326230,	0.1233493117584344,	0.0600893512536115,	
  0.0093379967671544,	0.0873597547862160,	-0.0314802466926287,	0.0403187284716679,	-0.0565543444361267,	-0.0297377096111969,	-0.0661544541609362,	0.1276174060426909,	0.0823834590686215,	-0.0202877775300004,	0.0405148544815872,	-0.0330569456214825,	
  -0.1152387634389591,	-0.0138115193227672,	-0.0309443014499411,	-0.1449158652497083,	0.1176154369944050,	-0.0916166157864263,	0.0650401462306907,	-0.0390675746746339,	0.0626799389482622,	0.1049269960069784,	0.0829724934475227,	-0.0395879520570837,	
  -0.1243964750353365,	0.0244943167389165,	-0.0803388606627280,	-0.1352777934951632,	-0.0522074133796417,	-0.0331909773535108,	0.0940863774431330,	0.1221749902127964,	0.0371162492569639,	0.0143001020551999,	-0.0663237503216123,	0.0195334533063560,	
};

const PROGMEM tinytype coeff_d2p_data[12*4] = {
  -0.0092644856235190,	-0.0166523955252938,	-0.0010626302119435,	0.0180703766821089,	
  0.0751499021572141,	-0.0081267345828165,	-0.0626958254793644,	-0.0266405438636149,	
  0.0084210397560798,	-0.0021326730455351,	-0.0096822925779300,	0.0000720546623305,	
  0.0537755877703348,	-0.0528646533405627,	-0.0128392580829275,	0.0322995861128117,	
  -0.0104846288562465,	0.0617240252716286,	0.0447452568018125,	0.0253073976601118,	
  -0.0048221302319881,	-0.0125583173148307,	0.0079932877421190,	0.0110382774036024,	
  -0.0018218074400547,	0.0401112785180413,	-0.0042863453471380,	-0.0378779208573214,	
  0.0145917487570259,	-0.0043134766482178,	0.0156912887677459,	-0.0073424642583033,	
  0.0063484203768350,	-0.0022965864690022,	0.0017047835496976,	0.0088246984975074,	
  0.0104345437148622,	0.0240913187375779,	-0.0169730599539682,	0.0010920867943206,	
  -0.0635512878453373,	0.0011115936437958,	-0.0498047054505038,	-0.0365225883526629,	
  0.0378057229466411,	-0.0154292348271719,	-0.0284773788679602,	0.0485001350069076,	
};

const PROGMEM tinytype dKinf_drho_data[4*12] = {
  -0.0000000161291504,	-0.0001055205984008,	0.0001174668768432,	-0.0000031450708599,	0.0001463540801460,	-0.0000202375085785,	0.0001655197880540,	-0.0000781120304555,	-0.0001273962805427,	0.0000082330718427,	0.0000413620835970,	-0.0001163934577188,	
  0.0000812066607758,	-0.0001279190708840,	0.0000043269190612,	-0.0001257263379535,	0.0000159692689725,	0.0000301703873777,	-0.0001058597743521,	-0.0001223253444220,	0.0000206961658727,	-0.0000480105166474,	0.0000760100571937,	-0.0000122637418361,	
  -0.0000462948376877,	0.0000016870699124,	-0.0000811807539439,	-0.0002072864478850,	-0.0000223460145987,	-0.0001906877819260,	-0.0000829576970909,	0.0000917008015974,	0.0001006608710474,	0.0001562682008776,	-0.0000128829777063,	-0.0000026248523622,	
  0.0000322761147355,	0.0000016938078311,	0.0000079910521730,	-0.0000132893756006,	0.0000466884193360,	-0.0000773717651166,	-0.0000093136658629,	0.0000149908076173,	-0.0000152763449728,	0.0001214946244645,	-0.0000313209928673,	0.0000004282504609,	
};

const PROGMEM tinytype dPinf_drho_data[12*12] = {
  0.0001839855903604,	-0.0000175625264523,	0.0000212885933315,	-0.0000751160227912,	0.0000461963699159,	0.0001377860357137,	-0.0000159614100880,	-0.0000877435364740,	-0.0000185559426000,	-0.0001034786614490,	0.0000432050215153,	-0.0000039621545559,	
  -0.0000175625264523,	0.0003536890396738,	-0.0001506664520234,	0.0001323944609983,	-0.0001519047770178,	0.0000377276713924,	-0.0000087001621728,	0.0002743730608564,	0.0001277583273029,	0.0000316246788974,	-0.0001559965027807,	0.0001456301466350,	
  0.0000212885933315,	-0.0001506664520234,	0.0003029222995649,	0.0002657133726027,	0.0002843192132775,	0.0001160109763696,	0.0004058387646984,	-0.0001795573965862,	-0.0003523108748619,	-0.0000911172284317,	0.0000401648573241,	-0.0002027880672072,	
  -0.0000751160227912,	0.0001323944609983,	0.0002657133726027,	0.0007987943497594,	0.0001126540197646,	0.0003735990599791,	0.0004437307250900,	-0.0000357417292783,	-0.0003422260716634,	-0.0002836516863454,	-0.0000970108873673,	-0.0000453090053310,	
  0.0000461963699159,	-0.0001519047770178,	0.0002843192132775,	0.0001126540197646,	0.0003522486504174,	-0.0000189750169621,	0.0004110929443291,	-0.0001272942926402,	-0.0003268658360810,	0.0000543737619322,	0.0000279029962231,	-0.0002369794618716,	
  0.0001377860357137,	0.0000377276713924,	0.0001160109763696,	0.0003735990599791,	-0.0000189750169621,	0.0005192262104781,	0.0001285285256181,	-0.0001929710496093,	-0.0001398337604298,	-0.0004762062974461,	0.0000636341737214,	0.0000357765803833,	
  -0.0000159614100880,	-0.0000087001621728,	0.0004058387646984,	0.0004437307250900,	0.0004110929443291,	0.0001285285256181,	0.0007737067064536,	-0.0000955985767896,	-0.0005206220745743,	-0.0000452503216327,	-0.0000343079520286,	-0.0002870010809969,	
  -0.0000877435364740,	0.0002743730608564,	-0.0001795573965862,	-0.0000357417292783,	-0.0001272942926402,	-0.0001929710496093,	-0.0000955985767896,	0.0003377542425986,	0.0001858309505243,	0.0002110595032598,	-0.0001637582409086,	0.0001066294379024,	
  -0.0000185559426000,	0.0001277583273029,	-0.0003523108748619,	-0.0003422260716634,	-0.0003268658360810,	-0.0001398337604298,	-0.0005206220745743,	0.0001858309505243,	0.0004269344998182,	0.0000910632753895,	-0.0000257208107273,	0.0002279489643849,	
  -0.0001034786614490,	0.0000316246788974,	-0.0000911172284317,	-0.0002836516863454,	0.0000543737619322,	-0.0004762062974461,	-0.0000452503216327,	0.0002110595032598,	0.0000910632753895,	0.0004884031162347,	-0.0000982756934571,	-0.0000281589773922,	
  0.0000432050215153,	-0.0001559965027807,	0.0000401648573241,	-0.0000970108873673,	0.0000279029962231,	0.0000636341737214,	-0.0000343079520286,	-0.0001637582409086,	-0.0000257208107273,	-0.0000982756934571,	0.0001069780982156,	-0.0000373180535255,	
  -0.0000039621545559,	0.0001456301466350,	-0.0002027880672072,	-0.0000453090053310,	-0.0002369794618716,	0.0000357765803833,	-0.0002870010809969,	0.0001066294379024,	0.0002279489643849,	-0.0000281589773922,	-0.0000373180535255,	0.0001876684095633,	
};

const PROGMEM tinytype dC1_drho_data[4*4] = {
  -0.0000830877299453,	-0.0000149853136253,	-0.0000103143042729,	0.0000143748224026,	
  -0.0000149853136253,	-0.0000959992947182,	0.0000118999579653,	-0.0000169011491337,	
  -0.0000103143042729,	0.0000118999579653,	-0.0000958554050492,	0.0000078712885410,	
  0.0000143748224026,	-0.0000169011491337,	0.0000078712885410,	-0.0000974789008845,	
};

const PROGMEM tinytype dC2_drho_data[12*12] = {
  0.0000093721873536,	-0.0001559099715533,	0.0000086930650925,	-0.0002085527381529,	0.0000309411791423,	-0.0000245513011519,	-0.0000408738842679,	-0.0000984119619151,	0.0000241166426308,	-0.0000554295923051,	0.0001026885637121,	-0.0000699745699256,	
  -0.0000146700141397,	0.0000786045189567,	-0.0001800677993109,	-0.0002019899685789,	-0.0001455850630835,	-0.0001567897809693,	-0.0002547942002731,	0.0001332025525472,	0.0002093857115516,	0.0001471010442299,	-0.0000440368773881,	0.0001083277070855,	
  -0.0000050904326343,	0.0000189550473544,	-0.0000441692480330,	-0.0000455473901509,	-0.0000402323968609,	-0.0000280381139437,	-0.0000619676527547,	0.0000294726269780,	0.0000518809434021,	0.0000223671353304,	-0.0000076138775503,	0.0000272430226513,	
  0.0000288045878691,	-0.0000058649098514,	-0.0001033304433738,	-0.0001157556603154,	-0.0001217992417117,	0.0000289868035814,	-0.0002024504462726,	-0.0000096084929317,	0.0001339633565786,	-0.0000581606767803,	0.0000299400319384,	0.0000764829960878,	
  -0.0000535505972281,	0.0001008606395725,	0.0000780958503752,	0.0002779439624941,	0.0000193680311421,	0.0001269615970240,	0.0002014380498711,	0.0000314275427292,	-0.0001170013184165,	-0.0000983208996715,	-0.0000477232945600,	-0.0000106595625146,	
  0.0000803899980546,	-0.0001284564963947,	0.0000876239487254,	0.0000822767738253,	0.0000207233991911,	0.0002472323426974,	0.0000205562387184,	-0.0002063317625773,	-0.0000792393696942,	-0.0002711994032602,	0.0001074362162051,	-0.0000296058610277,	
  -0.0000517451746087,	0.0000974993266343,	0.0000250615752290,	0.0000894205059959,	0.0000610654754368,	-0.0001197056618877,	0.0001256660693649,	0.0001184318857966,	-0.0000562602135838,	0.0001709137693825,	-0.0000916459962659,	-0.0000165876221633,	
  0.0000713552405513,	0.0000637162665572,	-0.0000038951195399,	0.0001837185413478,	-0.0000614162156382,	0.0001643723803581,	-0.0000596594104417,	-0.0000371576987740,	-0.0000086936812804,	-0.0001006605439028,	-0.0000261627363965,	0.0000884995997149,	
  0.0000027635181757,	0.0000311360696895,	-0.0000613679783905,	0.0000098995368593,	-0.0001086823537700,	0.0000943910754346,	-0.0001018118519447,	-0.0000039902302244,	0.0000748869429044,	-0.0001160306973821,	0.0000153568669647,	0.0000644181569746,	
  -0.0000572418413297,	0.0000739289773772,	-0.0000571270799768,	-0.0000243344097981,	-0.0000518726158403,	-0.0000680099174503,	-0.0000182633216559,	0.0000984681334851,	0.0000574271825040,	0.0000566849626831,	-0.0000389573898501,	0.0000265599284298,	
  -0.0000191312328316,	-0.0000864978529974,	0.0000635668090163,	-0.0001422025558289,	0.0001581557066829,	-0.0002092454333342,	0.0001099017645239,	0.0000114872844911,	-0.0000675967246789,	0.0002060156968127,	0.0000013247405319,	-0.0001140988155004,	
  -0.0000186803948389,	0.0000331500263865,	-0.0001491356721364,	-0.0001513964971986,	-0.0001726651961455,	-0.0000005882983618,	-0.0002236638562429,	0.0000482203114837,	0.0001857252879688,	-0.0000559208026651,	0.0000199605375195,	0.0000921319368791,	
};

