#pragma once

typedef float tinytype;

const PROGMEM tinytype Adyn_data[12*12] = {
  -0.0631145089047758,	0.0654710208783762,	-0.0141854348517158,	-0.1174966886366269,	-0.1305952491974779,	-0.0099273331112098,	0.1264267873816667,	-0.0474990998306216,	0.0680830605414003,	0.0907295117631427,	-0.0860735557460020,	-0.0239338061875143,	
  0.0025610083665422,	-0.0524440189275262,	0.0371098415433412,	0.0533995945575085,	-0.1393215562050437,	0.0908025064291237,	-0.1002230190273077,	0.1159363839475918,	-0.1160199056008700,	0.0644498077079668,	0.1363037554856137,	-0.0515930151973952,	
  0.0489073704975908,	0.1364971687177356,	-0.0954506857591358,	-0.0116472576215880,	-0.0073408603368037,	-0.0265009319624049,	-0.0464666844752582,	-0.0679509236558646,	-0.1220101201193529,	0.0363732962062614,	-0.0512734129682166,	-0.0699254802122713,	
  0.0889264828796179,	0.0011884922435955,	-0.0264837321900392,	0.0975314299266137,	0.0258281070931107,	0.1364522789089512,	-0.0146619691572690,	-0.1229946850386592,	-0.0293169760139920,	0.0387438273123571,	-0.0254658201334433,	-0.0872873526784202,	
  -0.0344637964245364,	-0.0658779016140147,	0.0979608808834321,	-0.0171699132006367,	0.0440814475398947,	0.0381416134209961,	0.1096259081550556,	0.0870883488013768,	-0.0429169414650104,	-0.0297573564321715,	0.1201392445187874,	0.0977572812063218,	
  -0.1443095828692354,	-0.0356016759361613,	-0.0013527065162899,	0.0860952801869996,	-0.0178211681565143,	-0.1051917854725939,	0.1091992829366807,	0.0880985229192251,	-0.0387250304339294,	0.1176369731875795,	-0.0268749957322013,	0.0814998707371370,	
  -0.0323198192743981,	-0.1076103521417700,	0.1335376985961456,	-0.0846049345596392,	0.1300419267604494,	-0.0549331777479906,	-0.0870247520865360,	0.0027203810290083,	0.0515568254273763,	0.0558761602466727,	-0.0129741249237914,	-0.1039910869828933,	
  -0.0769285705782302,	-0.1272033916807140,	0.0422102794437736,	0.0358885834443188,	-0.0444785061772215,	-0.0629891064225012,	-0.0771047338392301,	-0.1250625084129102,	0.1215319798404416,	0.0132034577799281,	-0.1153643833822302,	-0.0942533373019427,	
  0.0719062803259507,	-0.1132230437080680,	0.0493582252744049,	0.0102883543914257,	-0.0084662294857136,	0.0472362628666381,	-0.0718422676861538,	-0.0240370291006662,	0.0535801321667027,	0.0280206417012148,	0.0220574551573414,	-0.0686379795972579,	
  -0.0874498963589369,	0.0957370439996596,	0.0779581352881434,	-0.0976768509411495,	-0.1300666916259115,	-0.0108037505986941,	0.0447789659019281,	-0.0799345956986622,	0.1048069730549384,	0.0627353900092353,	-0.1312347118306963,	-0.0030303731647522,	
  0.0056333031009123,	-0.0664451614859397,	0.0856749041738362,	0.1317446391358847,	0.0416367812960265,	-0.0930636245681092,	-0.1390518180687049,	0.0783169999225038,	0.0618961810970014,	-0.0159899671840744,	0.1307767765631729,	-0.0970724990786987,	
  0.0430842485716369,	-0.0096659230781520,	0.1079374355494833,	-0.0716000030271995,	-0.1153060263397808,	-0.0153760827383065,	0.0875516618612217,	0.1042157811202792,	0.1227948718634836,	-0.0582278000487843,	0.0031173817194330,	0.0002863388626220,	
};

const PROGMEM tinytype Bdyn_data[12*4] = {
  -0.4204207924797543,	0.0691074368070723,	0.1054122597554001,	-0.1071630988457248,	
  -0.7352946391157023,	-0.2494054075407668,	0.0537561617377729,	0.1494927025553103,	
  -0.3272235903892560,	-0.0646213186520510,	-0.8762511539251021,	0.6800852562346567,	
  -0.0575157522944045,	-0.3681562211095464,	-0.2397245814674309,	0.2667849019795268,	
  0.6140997137525863,	-0.8070603278900967,	0.2177772430831812,	0.4166267348017301,	
  -0.9614527287476087,	0.1203789001102231,	-0.8837747284523012,	0.6029023452409639,	
  0.6404966287181382,	-0.8487319831186413,	-0.6914987432681365,	-0.1668472139736292,	
  0.3366069870149526,	-0.5278956383008269,	0.3661382264856081,	0.2247897623449826,	
  -0.5671554510870038,	0.5060365241119451,	-0.2428458671414655,	0.1638666289978887,	
  -0.9088373129228307,	-0.0635800570170959,	-0.9612272672716267,	-0.9230423555770284,	
  0.4537462012092639,	0.9708606801169084,	-0.8533444330547244,	-0.6279268584477693,	
  0.6762172555559340,	0.3807108287137939,	0.1452290704178099,	-0.6360903224040426,	
};

const PROGMEM tinytype Q_data[12] = {
  8.3514824866789166,5.2828520944345838,4.1137903182122049,1.9328579001086650,2.0220310899822325,6.6552263145674351,2.0166273168276008,1.7966497345628321,7.2893387718846698,7.5769654526482721,
  8.9737847589629105,5.3197134282829026,
};

const PROGMEM tinytype Qf_data[12] = {
  75.1633423801102509,47.5456688499112516,37.0241128639098420,17.3957211009779833,18.1982798098400913,59.8970368311069166,18.1496458514484083,16.1698476110654887,65.6040489469620240,68.1926890738344440,
  80.7640628306661910,47.8774208545461235,
};

const PROGMEM tinytype R_data[4] = {
  0.1000000000000000,0.1000000000000000,0.1000000000000000,0.1000000000000000,
};

const PROGMEM tinytype umin[4] = {
  -3.0,	
  -3.0,	
  -3.0,	
  -3.0,	
};

const PROGMEM tinytype umax[4] = {
  3.0,	
  3.0,	
  3.0,	
  3.0,	
};

const PROGMEM tinytype xmin[12] = {
  -10000.0,	
  -10000.0,	
  -10000.0,	
  -10000.0,	
  -10000.0,	
  -10000.0,	
  -10000.0,	
  -10000.0,	
  -10000.0,	
  -10000.0,	
  -10000.0,	
  -10000.0,	
};

const PROGMEM tinytype xmax[12] = {
  10000.0,	
  10000.0,	
  10000.0,	
  10000.0,	
  10000.0,	
  10000.0,	
  10000.0,	
  10000.0,	
  10000.0,	
  10000.0,	
  10000.0,	
  10000.0,	
};

const PROGMEM tinytype rho_value = 85.0;

const PROGMEM tinytype Kinf_data[4*12] = {
  0.0120294394644988,	-0.0080467491824135,	0.0047450408337656,	0.0055975697161194,	0.0188480665302122,	-0.0034028086556473,	-0.0094781705185432,	0.0055337545921968,	0.0049268443830026,	-0.0189313083209129,	0.0129994640218482,	-0.0037717629377871,	
  0.0045657002975217,	-0.0056689448173096,	0.0039205758524028,	0.0116125835692248,	0.0002861192756491,	-0.0078344890862394,	-0.0088179599654758,	0.0072104242281856,	0.0082537896057689,	-0.0023065196205901,	0.0098415961455809,	-0.0070022197027950,	
  0.0088378033971461,	-0.0014092924082857,	-0.0083008007012790,	-0.0078342121682572,	0.0005627202508256,	0.0133396108852459,	0.0070057121217710,	-0.0008469835579922,	-0.0043157754921627,	-0.0102553953983089,	0.0023090301530401,	0.0075355293402286,	
  0.0018005372523391,	-0.0033803913900285,	-0.0147655021740177,	0.0089107287230635,	0.0101335305422989,	0.0026382335040689,	0.0020151031384157,	0.0003835875036493,	-0.0200498244417711,	0.0036358174755363,	0.0029098331344226,	0.0054839755806560,	
};

const PROGMEM tinytype Pinf_data[12*12] = {
  8.6562430622393158,	-0.0574591689204444,	-0.0323665896886972,	0.0525689105596911,	0.1169400369608560,	0.1630604148184769,	-0.2309853033594556,	-0.0350113250672387,	-0.0616279482991672,	-0.1588318360663785,	0.1485541324089343,	-0.1290760911983529,	
  -0.0574591689204444,	5.6883335932692782,	-0.1819181317131664,	-0.2306994917442400,	-0.1461357421944150,	0.0106200458089827,	0.2345448777092708,	-0.1893954415039983,	-0.0442097135786425,	0.0324011242684852,	-0.2715197834850399,	0.0917904889075385,	
  -0.0323665896886971,	-0.1819181317131664,	4.4023876367355657,	-0.0107682635347755,	-0.0741939046926761,	-0.0386476672157314,	-0.0670396708545122,	0.1400862350497412,	0.2030391331395517,	-0.0011218183939319,	0.1015116296950905,	-0.0770755407767885,	
  0.0525689105596911,	-0.2306994917442401,	-0.0107682635347755,	2.4090688204542237,	0.2318506299866190,	-0.0685475186919642,	-0.2995841925075962,	0.1783972653137020,	-0.1667645404010147,	-0.0494722939856706,	0.3311031251210477,	-0.0606069308135738,	
  0.1169400369608559,	-0.1461357421944151,	-0.0741939046926761,	0.2318506299866190,	2.4885177180845872,	-0.0586042599122027,	-0.2167448832908709,	-0.0053957988137643,	-0.1245296599733746,	-0.1494727513291848,	0.1568444606680890,	0.0062282553228533,	
  0.1630604148184769,	0.0106200458089827,	-0.0386476672157314,	-0.0685475186919642,	-0.0586042599122027,	6.9167508899118584,	-0.0422215716378902,	-0.0703568296799148,	-0.0924421901547308,	-0.0381908218946548,	0.0421970272840743,	-0.0194316104255662,	
  -0.2309853033594556,	0.2345448777092709,	-0.0670396708545122,	-0.2995841925075962,	-0.2167448832908709,	-0.0422215716378902,	2.6223291111176890,	-0.0269739650481597,	0.0911974118839990,	0.1071754428884346,	-0.3117277914820456,	0.2976302004104280,	
  -0.0350113250672387,	-0.1893954415039984,	0.1400862350497412,	0.1783972653137020,	-0.0053957988137643,	-0.0703568296799148,	-0.0269739650481597,	2.2256430493010817,	-0.0951126177964593,	-0.0243999155092187,	0.3420709304990682,	0.0783156433554372,	
  -0.0616279482991672,	-0.0442097135786425,	0.2030391331395517,	-0.1667645404010148,	-0.1245296599733746,	-0.0924421901547308,	0.0911974118839990,	-0.0951126177964593,	7.6900987830418037,	-0.0015700669972137,	-0.1764199379558408,	-0.0768513872044663,	
  -0.1588318360663786,	0.0324011242684852,	-0.0011218183939319,	-0.0494722939856706,	-0.1494727513291848,	-0.0381908218946548,	0.1071754428884346,	-0.0243999155092187,	-0.0015700669972137,	7.7838946385889205,	-0.1098669381898572,	-0.0108670904714686,	
  0.1485541324089343,	-0.2715197834850399,	0.1015116296950905,	0.3311031251210477,	0.1568444606680890,	0.0421970272840743,	-0.3117277914820457,	0.3420709304990681,	-0.1764199379558409,	-0.1098669381898572,	9.4828387743746898,	-0.0695255280094755,	
  -0.1290760911983529,	0.0917904889075386,	-0.0770755407767885,	-0.0606069308135738,	0.0062282553228534,	-0.0194316104255661,	0.2976302004104281,	0.0783156433554372,	-0.0768513872044663,	-0.0108670904714686,	-0.0695255280094755,	5.6048963914366734,	
};

const PROGMEM tinytype Quu_inv_data[4*4] = {
  0.0089699670846835,	-0.0001149818795060,	-0.0009176261747383,	0.0003864620792111,	
  -0.0001149818795060,	0.0099899386592979,	0.0006867444504003,	0.0005510533184341,	
  -0.0009176261747383,	0.0006867444504003,	0.0092615046758589,	-0.0004633681765536,	
  0.0003864620792111,	0.0005510533184341,	-0.0004633681765536,	0.0097648035968531,	
};

const PROGMEM tinytype AmBKt_data[12*12] = {
  -0.0591112679526343,	0.0622660699366918,	-0.0131687727812826,	-0.1141651465147960,	-0.1216642801779852,	-0.0119399604133279,	0.1225288107829386,	-0.0455404993998901,	0.0678903444464600,	0.0844004636462469,	-0.0812200116143027,	-0.0252422856542336,	
  0.0118006474910402,	-0.0591935139609251,	0.0442302114586883,	0.0595007469573880,	-0.1269364527811456,	0.0852349925865010,	-0.1100693573050803,	0.1217918298791342,	-0.1071093816109679,	0.0499622222354795,	0.1477576155721823,	-0.0573376591885236,	
  0.0596583450296256,	0.1345618081155269,	-0.0908764295430576,	-0.0219899729778164,	-0.0075534193763061,	-0.0182260605213443,	-0.0453696722669074,	-0.0666772440139609,	-0.1100106829050037,	0.0185705072761480,	-0.0463393490340578,	-0.0687387373517003,	
  0.0929375386744494,	-0.0007973845378750,	-0.0228181261302084,	0.0978733221219101,	0.0244489293343791,	0.1358662396825157,	-0.0173116577707905,	-0.1203272225773419,	-0.0216805278869344,	0.0333773677464620,	-0.0213176695946698,	-0.0897387894769446,	
  -0.0408411005921960,	-0.0637963024649504,	0.1061705223492068,	-0.0132416583428482,	0.0283933233886193,	0.0299041496187562,	0.1059645937837721,	0.0895339599671980,	-0.0299880384657759,	-0.0192745329192114,	0.1183838706977105,	0.0904964683726747,	
  -0.1265683802855389,	-0.0418632746718091,	0.0043035893361082,	0.0777831908508360,	-0.0053462972757832,	-0.0973217041399738,	0.1061245272699320,	0.0915711749646718,	-0.0267077717082941,	0.0884575692725045,	-0.0152750288199851,	0.0820698271321482,	
  -0.0297378342623516,	-0.1088063840100726,	0.1256224579034556,	-0.0822648056169172,	0.1202925139551801,	-0.0497385656619616,	-0.0832574449991353,	0.0047740599632461,	0.0490768427523648,	0.0595590154184170,	-0.0108651713906342,	-0.1013924982357422,	
  -0.0822081506819095,	-0.1262115377258157,	0.0490410946093463,	0.0409999985403869,	-0.0531558032623285,	-0.0714566792243989,	-0.0815873115901744,	-0.1228949708587100,	0.1303178747854606,	0.0212958645235069,	-0.1160442830241497,	-0.1006719636989920,	
  0.0782696074427473,	-0.1147064157348385,	0.0504692043944850,	0.0042239780182986,	0.0005548741830720,	0.0520780299559114,	-0.0713845538746104,	-0.0248158116802716,	0.0544351287138157,	0.0153645606206510,	0.0245338788164053,	-0.0663024450230723,	
  -0.0660696956799887,	0.0835885315384122,	0.0609117360032079,	-0.0911567203192818,	-0.1030240940559284,	0.0008631316493637,	0.0441983115447670,	-0.0749069500391046,	0.0871541712147897,	0.0388815098093157,	-0.1138891826607795,	0.0054018044269861,	
  0.0044146277749234,	-0.0606154743684787,	0.0633604295205507,	0.1168405669116612,	0.0396500709450714,	-0.0708735153004298,	-0.1189465007703259,	0.0683238586197673,	0.0353746981193644,	-0.0116290058686086,	0.1191210608237256,	-0.0786889586200621,	
  0.0330733208365870,	-0.0040119077732755,	0.0950494759088117,	-0.0730004289156042,	-0.1217962254971105,	-0.0103515144638505,	0.0975824117089162,	0.0980956771273861,	0.1041942243649649,	-0.0407459158450543,	-0.0079043039956458,	0.0078966167848750,	
};

const PROGMEM tinytype coeff_d2p_data[12*4] = {
  -0.0341980455997693,	0.0088215567838613,	0.0132596577380658,	-0.0076872890128618,	
  -0.0373695050202280,	-0.0144384914121613,	0.0067870936234770,	0.0032721347815433,	
  -0.0079795804641369,	-0.0011463945126293,	-0.0362041301049779,	0.0302986367811603,	
  0.0036935312208434,	-0.0064103794808585,	-0.0046801538831433,	0.0057162436570140,	
  0.0159703336399802,	-0.0167102024740034,	0.0040421876618322,	0.0093962400413272,	
  -0.0531279547983860,	0.0086516692160470,	-0.0509504136013694,	0.0406087230607865,	
  0.0144089943465122,	-0.0230974404869727,	-0.0166568217903914,	-0.0067760044558056,	
  0.0103526810601455,	-0.0083265514925649,	0.0026285647240817,	0.0028848333358458,	
  -0.0380809595945158,	0.0379951151185393,	-0.0116866267969119,	0.0146503169803489,	
  -0.0593621202568242,	-0.0139789582782994,	-0.0597703539634288,	-0.0699905978766547,	
  0.0444452694549055,	0.0811028461435526,	-0.0674819422098369,	-0.0435597773311631,	
  0.0341394228735659,	0.0153120797082024,	0.0066905217446363,	-0.0330729761995715,	
};

const PROGMEM tinytype dKinf_drho_data[4*12] = {
  -0.0001004597040224,	0.0000707091869314,	-0.0000433908468814,	-0.0000588768244412,	-0.0001719146789321,	0.0000404944938580,	0.0000907558193806,	-0.0000492250081472,	-0.0000389562796525,	0.0001585122917182,	-0.0001136706728656,	0.0000381785465124,	
  -0.0000506357127635,	0.0000584157405884,	-0.0000253595514966,	-0.0001144758197783,	-0.0000065264844802,	0.0000673921740345,	0.0000803744106506,	-0.0000715788687776,	-0.0000680982372088,	0.0000259073660328,	-0.0000998568598317,	0.0000606927257562,	
  -0.0000732094705048,	0.0000077742606851,	0.0000717358440085,	0.0000741829866488,	0.0000167487366393,	-0.0001200889066156,	-0.0000661335562519,	0.0000083071891606,	0.0000295547018126,	0.0000807865128583,	-0.0000144547838557,	-0.0000657138963236,	
  -0.0000199197423591,	0.0000382186900941,	0.0001358047165810,	-0.0000984859453604,	-0.0001057251628919,	-0.0000138004695361,	-0.0000083436954020,	-0.0000106491371929,	0.0001869865839004,	-0.0000318297967792,	-0.0000371148460280,	-0.0000452715164317,	
};

const PROGMEM tinytype dPinf_drho_data[12*12] = {
  0.0002694331399092,	-0.0001361795915892,	-0.0000396802933180,	0.0000767146771093,	0.0002542269735215,	0.0000595671462326,	-0.0001133545584684,	0.0000665390684301,	0.0000156179916274,	-0.0003264909562484,	0.0002256395162212,	-0.0000198605760579,	
  -0.0001361795915892,	0.0001202430609142,	-0.0000039230007700,	-0.0001334755154021,	-0.0001923376076161,	0.0000516561239054,	0.0001021507361622,	-0.0000937173855030,	-0.0000170737097915,	0.0001673174506449,	-0.0001802303707513,	0.0000390859912442,	
  -0.0000396802933180,	-0.0000039230007700,	0.0003369572356175,	-0.0000002512236869,	-0.0000642487927351,	-0.0002058155653926,	-0.0001520129644340,	0.0000719758893675,	0.0003943605195309,	-0.0000657725331635,	0.0000390206546093,	-0.0001778386481344,	
  0.0000767146771093,	-0.0001334755154021,	-0.0000002512236869,	0.0003209908020586,	0.0002005103410419,	-0.0001845897756401,	-0.0001961725362068,	0.0001121023548277,	-0.0000217462116625,	-0.0000235270712156,	0.0002017170186715,	-0.0001208182720801,	
  0.0002542269735215,	-0.0001923376076161,	-0.0000642487927351,	0.0002005103410419,	0.0004624140147030,	-0.0000314594071300,	-0.0001567814752081,	0.0001072618923698,	-0.0001099701519778,	-0.0003282158069167,	0.0002835497523299,	-0.0000159619390416,	
  0.0000595671462326,	0.0000516561239054,	-0.0002058155653926,	-0.0001845897756401,	-0.0000314594071300,	0.0002710147053475,	0.0001874735939173,	-0.0001048537625137,	-0.0001967956950085,	-0.0000482166529562,	-0.0000851671753121,	0.0001732851845532,	
  -0.0001133545584684,	0.0001021507361622,	-0.0001520129644340,	-0.0001961725362068,	-0.0001567814752081,	0.0001874735939173,	0.0002553074738648,	-0.0000917004391043,	-0.0001837179528523,	0.0001378972111423,	-0.0001790598472349,	0.0001853941941530,	
  0.0000665390684301,	-0.0000937173855030,	0.0000719758893675,	0.0001121023548277,	0.0001072618923698,	-0.0001048537625137,	-0.0000917004391043,	0.0001212528262647,	0.0000867697140342,	-0.0001057666675349,	0.0001484269730277,	-0.0000515050743291,	
  0.0000156179916274,	-0.0000170737097915,	0.0003943605195309,	-0.0000217462116625,	-0.0001099701519778,	-0.0001967956950085,	-0.0001837179528523,	0.0000867697140342,	0.0005203130983639,	-0.0001402134403287,	0.0000758127351713,	-0.0002165213996358,	
  -0.0003264909562484,	0.0001673174506449,	-0.0000657725331635,	-0.0000235270712156,	-0.0003282158069167,	-0.0000482166529562,	0.0001378972111423,	-0.0001057666675349,	-0.0001402134403287,	0.0004843365709840,	-0.0002833777332669,	0.0000331052305170,	
  0.0002256395162212,	-0.0001802303707513,	0.0000390206546093,	0.0002017170186715,	0.0002835497523299,	-0.0000851671753121,	-0.0001790598472349,	0.0001484269730277,	0.0000758127351713,	-0.0002833777332669,	0.0002908511274966,	-0.0000810049786033,	
  -0.0000198605760579,	0.0000390859912442,	-0.0001778386481344,	-0.0001208182720801,	-0.0000159619390416,	0.0001732851845532,	0.0001853941941530,	-0.0000515050743291,	-0.0002165213996358,	0.0000331052305170,	-0.0000810049786033,	0.0001698729758832,	
};

const PROGMEM tinytype dC1_drho_data[4*4] = {
  -0.0000815865314810,	0.0000026158389999,	0.0000169509010444,	-0.0000076258968061,	
  0.0000026158389999,	-0.0001006376256354,	-0.0000130735305356,	-0.0000105723948613,	
  0.0000169509010444,	-0.0000130735305356,	-0.0000873255525928,	0.0000087717232305,	
  -0.0000076258968061,	-0.0000105723948613,	0.0000087717232305,	-0.0000961002667570,	
};

const PROGMEM tinytype dC2_drho_data[12*12] = {
  -0.0000331535296554,	0.0000289667811816,	-0.0000094984637854,	-0.0000352157660646,	-0.0000849208352004,	0.0000235473687273,	0.0000386783153563,	-0.0000177654589076,	0.0000052506985299,	0.0000529246031044,	-0.0000433422932203,	0.0000139323503892,	
  -0.0000795829861360,	0.0000604299579901,	-0.0000623879241090,	-0.0000611075643580,	-0.0001131308897926,	0.0000551019450520,	0.0000915804878244,	-0.0000529016358451,	-0.0000751702892918,	0.0001234302250089,	-0.0001021608448683,	0.0000535098627611,	
  -0.0000867476914909,	0.0000077328534587,	-0.0000453374457484,	0.0001053183027263,	0.0000299019357887,	-0.0000782368223108,	-0.0000173838352849,	-0.0000062115995066,	-0.0001184174888396,	0.0001459793799849,	-0.0000310733691180,	-0.0000103784215933,	
  -0.0000366556912798,	0.0000172405222873,	-0.0000308657366694,	-0.0000014732813627,	0.0000199303931473,	0.0000020334134381,	0.0000211823613923,	-0.0000243509527489,	-0.0000701115983407,	0.0000465131338806,	-0.0000368642648816,	0.0000208647931683,	
  0.0000450686544092,	-0.0000138934498223,	-0.0000660226912749,	-0.0000313561400864,	0.0001407059241291,	0.0000614241685559,	0.0000270124656380,	-0.0000249118033891,	-0.0001153762968500,	-0.0000807658653923,	0.0000078255777217,	0.0000587095719087,	
  -0.0001431828056833,	0.0000447800753577,	-0.0000571441492829,	0.0000821116460675,	-0.0000859581273139,	-0.0000669902595529,	0.0000241653148498,	-0.0000249488592782,	-0.0001158719818723,	0.0002398707127754,	-0.0000876664646135,	-0.0000013812332969,	
  -0.0000325798575271,	0.0000160428849635,	0.0000785321132972,	-0.0000245835455348,	0.0000985133176295,	-0.0000540825911815,	-0.0000370358567744,	-0.0000252551914873,	0.0000187894436070,	-0.0000289851191049,	-0.0000281340014457,	-0.0000259358759507,	
  0.0000383676062207,	-0.0000044014159854,	-0.0000555742790578,	-0.0000456355303868,	0.0000720559609198,	0.0000690166487163,	0.0000379698582014,	-0.0000218644534316,	-0.0000756895823420,	-0.0000621039774800,	-0.0000008161717111,	0.0000534252025682,	
  -0.0000458671849849,	0.0000061677816563,	-0.0000166096039085,	0.0000586902256007,	-0.0000728075202411,	-0.0000380378868099,	-0.0000038927372898,	0.0000120656950243,	-0.0000110976950855,	0.0001016255491245,	-0.0000113661233018,	-0.0000175994225601,	
  -0.0001832786541467,	0.0001107275246519,	0.0001532603723779,	-0.0000803878235294,	-0.0002381468901575,	-0.0000870834441907,	0.0000163215228208,	-0.0000511330206350,	0.0001612707117977,	0.0001939830254705,	-0.0001578099610161,	-0.0000663965815649,	
  0.0000197623962638,	-0.0000581649065164,	0.0001907998355333,	0.0001393168760891,	0.0000322467114370,	-0.0001949455200885,	-0.0001808863957772,	0.0000922307840366,	0.0002264244032596,	-0.0000481248565018,	0.0001128844168499,	-0.0001607513401458,	
  0.0000851715375245,	-0.0000468727870874,	0.0001149622312735,	0.0000099762259266,	0.0000490532192894,	-0.0000443779507685,	-0.0000876728885939,	0.0000525573918948,	0.0001669167994027,	-0.0001490311375298,	0.0000933735187482,	-0.0000681765752694,	
};

