#pragma once

typedef float tinytype;

const PROGMEM tinytype Adyn_data[12*12] = {
  -0.1248199650997087,	-0.1043151003283407,	-0.0077825802527701,	-0.0252751560513283,	0.0938311013628057,	0.0429218061655152,	0.1250910881593782,	0.0827224559605271,	0.0463414750298576,	0.0597290154914705,	-0.0367839437823948,	-0.0551965237024275,	
  0.1186733692391877,	-0.0931336607015390,	0.1046225610113251,	0.1003957218758569,	0.0261192165455700,	-0.0083322021723493,	0.0450178040876574,	-0.0766321591771570,	0.0925989857961771,	-0.0742806937551521,	0.0259736092140402,	0.0247360685664534,	
  -0.1138398602656145,	0.0304913023101766,	-0.1107772196567481,	0.0453961200653469,	0.0874559417766911,	0.1040513369146108,	-0.0532491662281990,	0.1173835846357518,	-0.0147473725569145,	-0.0523210318550321,	-0.1252263818246483,	0.0203389713404377,	
  0.0963262806787449,	0.0139403101882229,	0.0162801711722055,	0.0894735924770176,	0.0644019628112149,	-0.0800963691096820,	-0.0804652565124592,	-0.0155539607975725,	0.0563202623469238,	-0.0140889229293692,	0.0644417043862829,	0.1214778381416051,	
  -0.0691324463168405,	-0.0876237794501163,	0.0346432069963126,	0.0334356601821962,	-0.0119750083235007,	0.0284358492865210,	0.0069915145503578,	-0.0461895394695880,	-0.1122482557150748,	-0.1254508939855442,	0.0533593594359112,	-0.0942625987723501,	
  0.0152380916354971,	0.0481338710412157,	0.1194641092963805,	-0.0503410565288570,	0.0037019090347235,	-0.1144249368091691,	-0.0193912429315336,	-0.0917142616401447,	-0.0119644069841836,	-0.1095753920663182,	-0.1175962656743209,	0.0390128438877790,	
  0.0888398783959922,	-0.0215471527650750,	0.1148418233241114,	0.0790097985823152,	0.0571864797482760,	-0.0707365682556629,	-0.1210484113933051,	-0.0283228149300719,	0.0392665314559523,	0.1249178318404222,	0.0244343492458302,	-0.1191576297896148,	
  -0.1096583092215487,	-0.0598325079235384,	-0.0416413355818053,	-0.1127684869854043,	0.0600915968698342,	0.1156390568606685,	-0.0268758380349496,	0.1021256917572958,	0.0460561898119357,	-0.0764778453551298,	-0.1216170471688531,	0.0667406979444158,	
  0.1245151442647402,	-0.0266387695945785,	-0.0870120969735172,	-0.0474717461320300,	0.0899110999821700,	0.0947414909879917,	0.0155706560192729,	0.1106458722554919,	0.0756751714019931,	0.1015797178851637,	-0.0017504240318943,	-0.0802727094907066,	
  -0.0311307317285100,	-0.1178749851225386,	-0.0469605252071405,	0.1098388973098282,	-0.1168736587825870,	-0.0778585556783788,	0.0949346013272749,	-0.0841477248956662,	-0.0220982250890042,	-0.0163697364748757,	0.0952628218785041,	-0.1210565560727115,	
  -0.0131835320377392,	0.1118276872168315,	-0.0464474467110906,	-0.0685118889683555,	-0.1219655089456604,	-0.1022401675274295,	-0.0056021745824630,	0.0704928875434627,	-0.0915000973434079,	-0.1058990956944143,	0.0793279307351522,	0.0885279210211380,	
  -0.0490070626052799,	0.0674195970506080,	0.0010993185661381,	0.1130579389062715,	0.0189339997746484,	0.1114644410379458,	-0.0524792661079837,	-0.0962177474744410,	-0.1151760708590085,	0.0721231243435096,	-0.0319457445649790,	0.0902390547685104,	
};

const PROGMEM tinytype Bdyn_data[12*4] = {
  0.9270484879372456,	-0.1800578703243791,	0.2812788583800794,	-0.1529734358103982,	
  -0.5125633303888952,	-0.5613780486197730,	0.5182523634938363,	-0.8281719532710436,	
  0.9932778041257793,	0.1637875922092886,	-0.3889500067470029,	-0.3775461753349549,	
  0.3440052708851422,	0.6173065694921074,	-0.0633962190366959,	-0.2891406331501738,	
  -0.0376605323864492,	0.6103825232715729,	0.8544033045790498,	-0.6076834436498755,	
  0.8873477255701900,	0.4457660264369714,	-0.5488418490164588,	-0.9640999627260802,	
  -0.4260745944396607,	-0.2035211042512934,	-0.3244390732466114,	0.9319968044228615,	
  -0.9369306649185842,	0.0465732201348912,	-0.5953566781512700,	-0.4962726447299239,	
  -0.6441360771080580,	0.3631893428399180,	0.0515385248605700,	-0.6908745594142394,	
  -0.0086224879234258,	-0.4441674153765489,	0.4800997215440779,	0.8033526055702609,	
  0.0051979182269140,	0.1115754781748892,	0.5978254653965829,	0.4065251232518914,	
  0.8186713741276346,	0.5025335604326344,	-0.7393820924044467,	0.3585585620575680,	
};

const PROGMEM tinytype Q_data[12] = {
  1.3160064424673343,5.1307143984373669,8.4262342981391711,5.1619449671854589,5.3522351923402596,1.2193047246125952,4.9447706891171457,7.9909652699298599,7.3752796662649862,2.6067149549589050,
  1.0933396248772809,4.0520743704275981,
};

const PROGMEM tinytype Qf_data[12] = {
  11.8440579822060084,46.1764295859363045,75.8361086832525473,46.4575047046691338,48.1701167310623362,10.9737425215133566,44.5029362020543147,71.9186874293687453,66.3775169963848697,23.4604345946301436,
  9.8400566238955278,36.4686693338483821,
};

const PROGMEM tinytype R_data[4] = {
  0.1000000000000000,0.1000000000000000,0.1000000000000000,0.1000000000000000,
};

const PROGMEM tinytype umin[4] = {
  -3.0,	
  -3.0,	
  -3.0,	
  -3.0,	
};

const PROGMEM tinytype umax[4] = {
  3.0,	
  3.0,	
  3.0,	
  3.0,	
};

const PROGMEM tinytype xmin[12] = {
  -10000.0,	
  -10000.0,	
  -10000.0,	
  -10000.0,	
  -10000.0,	
  -10000.0,	
  -10000.0,	
  -10000.0,	
  -10000.0,	
  -10000.0,	
  -10000.0,	
  -10000.0,	
};

const PROGMEM tinytype xmax[12] = {
  10000.0,	
  10000.0,	
  10000.0,	
  10000.0,	
  10000.0,	
  10000.0,	
  10000.0,	
  10000.0,	
  10000.0,	
  10000.0,	
  10000.0,	
  10000.0,	
};

const PROGMEM tinytype rho_value = 85.0;

const PROGMEM tinytype Kinf_data[4*12] = {
  -0.0119142484478252,	0.0117092246977015,	-0.0058556822553103,	0.0141783460047221,	0.0000174514916256,	-0.0011716733833241,	-0.0025746973931148,	-0.0027901856008003,	-0.0121060999391814,	-0.0021516005397849,	-0.0030804420680972,	0.0070779431863742,	
  -0.0018506826146311,	0.0035036184119528,	-0.0047322075017526,	-0.0003985782326137,	0.0055882969694455,	0.0059098165772325,	-0.0061213324399981,	0.0031596603830542,	-0.0058198798334988,	-0.0007435879930463,	-0.0012373654264427,	0.0031390622790437,	
  0.0072917655717639,	-0.0084707296470051,	0.0046829610898781,	0.0050479267691609,	-0.0092405892475636,	-0.0108408132912700,	0.0112713054948721,	-0.0077664346242538,	-0.0022458381610540,	-0.0058399863034367,	0.0171170887143577,	-0.0110231426241133,	
  0.0010290954441652,	0.0070125458975423,	0.0054612400876707,	0.0063494063583406,	-0.0113621559978651,	-0.0144926127104682,	-0.0032956899285243,	-0.0098485738058437,	-0.0062776059954505,	0.0142681641909749,	0.0104880397165767,	-0.0055969124752413,	
};

const PROGMEM tinytype Pinf_data[12*12] = {
  1.8430295495578961,	0.0174413799862815,	0.1770293989805368,	0.1303319667355129,	0.0214442252609242,	-0.2243104493219768,	-0.0221732760164179,	-0.1469917871462635,	0.1893667331365520,	0.2395155632188327,	0.2490065977431329,	-0.0661581834876909,	
  0.0174413799862815,	5.3476264550471688,	-0.0380556717035700,	-0.0172901529900388,	-0.0206361618891642,	-0.0296762992523951,	-0.0888186081863550,	0.0122937387931874,	-0.0601306071727631,	0.0754595669743982,	-0.0289300188963427,	0.1304286410203274,	
  0.1770293989805368,	-0.0380556717035700,	8.7684986355905838,	0.1196904338500581,	-0.0798351137864999,	-0.2353781322204534,	-0.0374567879089983,	-0.3072591276442851,	0.0023949855613267,	-0.0103847042789981,	0.1403833702602754,	-0.0122106442206471,	
  0.1303319667355129,	-0.0172901529900388,	0.1196904338500581,	5.5144009551142066,	0.0042168144352754,	-0.1049526297853440,	-0.0574754700241808,	-0.2117343379066659,	-0.0357176785674782,	0.0363440975563529,	0.1412487597134347,	-0.0122305488736216,	
  0.0214442252609242,	-0.0206361618891642,	-0.0798351137864999,	0.0042168144352754,	5.5976185088355992,	0.1784100120775401,	-0.1056122350930389,	0.1923450697539499,	0.1200735263907510,	0.0706500274651547,	-0.1477517837403717,	0.0156741722170356,	
  -0.2243104493219768,	-0.0296762992523951,	-0.2353781322204534,	-0.1049526297853440,	0.1784100120775401,	1.6348725631608108,	-0.0055173659477456,	0.2493247720527048,	-0.0211478570649133,	-0.0124283483331790,	-0.2592299388323392,	0.0240821798478435,	
  -0.0221732760164179,	-0.0888186081863550,	-0.0374567879089983,	-0.0574754700241808,	-0.1056122350930389,	-0.0055173659477456,	5.1540258404630590,	-0.0267506163688415,	0.0006845739670403,	-0.0382292960386495,	0.0659687726235889,	-0.0698376074203530,	
  -0.1469917871462635,	0.0122937387931874,	-0.3072591276442851,	-0.2117343379066658,	0.1923450697539499,	0.2493247720527048,	-0.0267506163688415,	8.4256956372341048,	0.1097924245750383,	0.0235473022130401,	-0.2158729685177449,	-0.0078546503577546,	
  0.1893667331365520,	-0.0601306071727631,	0.0023949855613267,	-0.0357176785674782,	0.1200735263907511,	-0.0211478570649133,	0.0006845739670403,	0.1097924245750383,	7.6193388603517658,	0.0855679787970602,	-0.0173138907678732,	0.0089876742802738,	
  0.2395155632188327,	0.0754595669743982,	-0.0103847042789982,	0.0363440975563528,	0.0706500274651548,	-0.0124283483331790,	-0.0382292960386494,	0.0235473022130401,	0.0855679787970601,	2.9920383470000016,	0.0820241928907055,	-0.1254861694714086,	
  0.2490065977431329,	-0.0289300188963427,	0.1403833702602754,	0.1412487597134347,	-0.1477517837403717,	-0.2592299388323392,	0.0659687726235889,	-0.2158729685177449,	-0.0173138907678732,	0.0820241928907055,	1.4197904187956025,	-0.0928359369564705,	
  -0.0661581834876909,	0.1304286410203274,	-0.0122106442206471,	-0.0122305488736217,	0.0156741722170356,	0.0240821798478435,	-0.0698376074203530,	-0.0078546503577546,	0.0089876742802737,	-0.1254861694714086,	-0.0928359369564705,	4.4261116376507603,	
};

const PROGMEM tinytype Quu_inv_data[4*4] = {
  0.0088677482223669,	-0.0004246327727970,	0.0001843762410998,	-0.0003481908901531,	
  -0.0004246327727970,	0.0106216990092960,	0.0002082008204592,	0.0005483561989005,	
  0.0001843762410998,	0.0002082008204592,	0.0100168166977684,	0.0001721331574049,	
  -0.0003481908901531,	0.0005483561989005,	0.0001721331574049,	0.0093658325296119,	
};

const PROGMEM tinytype AmBKt_data[12*12] = {
  -0.1160017042912106,	-0.1110838949050958,	-0.0036879433660451,	-0.0389395219970031,	0.0956822141880472,	0.0459044200170766,	0.1227012304480848,	0.0865559787142158,	0.0561879013411890,	0.0654150794274827,	-0.0373613057064897,	-0.0589485093204776,	
  0.1086009230233606,	-0.0749675175335546,	0.1010604858175558,	0.1100815693400334,	0.0246444470795563,	-0.0119992159520396,	0.0316909482791196,	-0.0804198815267459,	0.0790916638250710,	-0.0609578791578449,	0.0235149864357324,	0.0312037271362389,	
  -0.0984779195628214,	0.0176398096203377,	-0.1003025155167984,	0.0357389510858303,	0.0786394481014953,	0.0945590145501377,	-0.0465494789331439,	0.1128984547236746,	-0.0050130329896577,	-0.0469466762013123,	-0.1113465709349389,	0.0063939237253354,	
  0.1023271071551382,	0.0092400682402510,	0.0230917279554210,	0.0869981025261261,	0.0570751875754589,	-0.0882191456767360,	-0.0760391680296552,	-0.0198845868123938,	0.0621199859705669,	-0.0091344662725358,	0.0703829036505313,	0.1147881042305199,	
  -0.0740562632696527,	-0.0778225238186686,	0.0366287033933237,	0.0337583732365620,	-0.0143947539907300,	0.0252399805896429,	-0.0010020724503973,	-0.0475723686596764,	-0.1110477706288378,	-0.1114178205453992,	0.0457471255086282,	-0.0898950099802125,	
  0.0316293213112357,	0.0382936273963269,	0.1346049793500256,	-0.0538525310784230,	-0.0148305257039619,	-0.1359418699355583,	-0.0113691194060561,	-0.1044044200257600,	-0.0059126317050335,	-0.0967840002723585,	-0.0948051736224602,	0.0198870146922155,	
  0.0847934868502098,	-0.0251289953564981,	0.1078132390318644,	0.0806898307709180,	0.0659227366252307,	-0.0600431308051222,	-0.1166628204877700,	-0.0222094800948803,	0.0380460325393475,	0.1086571504885552,	0.0186486540616755,	-0.1138630662313421,	
  -0.1158830284465452,	-0.0505879217987034,	-0.0414090134889271,	-0.0933094431652286,	0.0487075089970654,	0.1006196031217357,	-0.0239281745713812,	0.0898529492601016,	0.0305321852138266,	-0.0748550898597869,	-0.1090498794267870,	0.0638857475898526,	
  0.1178480642308656,	-0.0150875539325872,	-0.0855335869046272,	-0.0340677219692206,	0.0805191530332392,	0.0823865335964308,	0.0132775884611254,	0.1012971995650594,	0.0657696229198396,	0.1106223535168762,	0.0030784803507489,	-0.0801522728291392,	
  -0.0363829762325102,	-0.1177845814131566,	-0.0557484979010765,	0.1022597940855764,	-0.1008271469355968,	-0.0583963608385925,	0.0894297550832671,	-0.0711278245229343,	-0.0186662533640331,	-0.0253771572629453,	0.0780431598415890,	-0.1098127554893642,	
  -0.0176926682496746,	0.1135891475328579,	-0.0509087357314728,	-0.0741400876670492,	-0.1124458551287332,	-0.0905209424560289,	-0.0103042936205998,	0.0788015151559367,	-0.0868931911556693,	-0.1081140203414148,	0.0649853190949098,	0.0970060889796564,	
  -0.0333007684301459,	0.0472953899584350,	0.0097756142655058,	0.1031065444811957,	0.0133530780687630,	0.1066347224898976,	-0.0377797607868480,	-0.0977324099974788,	-0.1017501115922833,	0.0648243023074640,	-0.0199065647409469,	0.0767235677814116,	
};

const PROGMEM tinytype coeff_d2p_data[12*4] = {
  0.0153358959155022,	-0.0043829233579660,	0.0103416758508469,	-0.0006738780509687,	
  -0.0199688313093986,	-0.0327896948715074,	0.0255067341533501,	-0.0407586173407987,	
  0.0798766270821584,	0.0083264843651800,	-0.0290446834885802,	-0.0301300997425420,	
  0.0193461124530553,	0.0338177566274429,	0.0003447285819743,	-0.0119717942310295,	
  -0.0019992943208484,	0.0364612214382082,	0.0458084315454837,	-0.0328146432990813,	
  0.0070105097746222,	0.0068410459930132,	-0.0105234219186144,	-0.0162022411034129,	
  -0.0216175591470753,	-0.0085198827017912,	-0.0168706315817886,	0.0463798320024387,	
  -0.0728617352301102,	0.0049459048645543,	-0.0521739477254967,	-0.0400728002792581,	
  -0.0420961324694007,	0.0287749174034313,	0.0036761107256459,	-0.0461170799263293,	
  0.0000054865440085,	-0.0130013454262635,	0.0176758927033611,	0.0196833371935865,	
  0.0027587561192431,	-0.0001894783844011,	0.0109431516918228,	0.0096007619567320,	
  0.0293210444940822,	0.0222544824585272,	-0.0317807081330144,	0.0112151073282326,	
};

const PROGMEM tinytype dKinf_drho_data[4*12] = {
  0.0001038788768139,	-0.0000981772811882,	0.0000508279276724,	-0.0001244908052495,	-0.0000000150780140,	0.0000097731699081,	0.0000170177622974,	0.0000242143568007,	0.0001030816303244,	0.0000249024394934,	0.0000273960779025,	-0.0000612452570470,	
  0.0000124151023360,	-0.0000343579392096,	0.0000447332997633,	0.0000053582514482,	-0.0000507175342607,	-0.0000525643156356,	0.0000630185746575,	-0.0000285147778390,	0.0000602725241530,	0.0000001728415096,	0.0000016489509775,	-0.0000249840617695,	
  -0.0000704811266490,	0.0000809184666777,	-0.0000467239150118,	-0.0000537437932970,	0.0000927843460529,	0.0001093799951906,	-0.0001102513317442,	0.0000801710271564,	0.0000273187010246,	0.0000567448718784,	-0.0001713773117509,	0.0001096476284899,	
  -0.0000135722737639,	-0.0000613187047432,	-0.0000530510704704,	-0.0000549210006268,	0.0001044545575613,	0.0001327206330887,	0.0000314230794666,	0.0000930458987210,	0.0000588391459917,	-0.0001320605033653,	-0.0000999020342987,	0.0000552663037725,	
};

const PROGMEM tinytype dPinf_drho_data[12*12] = {
  0.0002122051289738,	-0.0001951199077437,	0.0001243201879755,	-0.0001101423007387,	-0.0000938264472227,	-0.0001012327434028,	0.0001136776490094,	-0.0000502703963827,	0.0001336305447485,	-0.0000030899949385,	0.0001860414218053,	-0.0001624679913658,	
  -0.0001951199077437,	0.0002792345230679,	-0.0000875991787901,	0.0001667770255384,	0.0000188801593511,	-0.0000109055977129,	-0.0001768995784223,	-0.0000174554087646,	-0.0001852441955887,	0.0001262420853763,	-0.0001052194137330,	0.0001539981149985,	
  0.0001243201879755,	-0.0000875991787901,	0.0001340750038597,	-0.0000152171310272,	-0.0001305820350742,	-0.0001491261400040,	0.0000701176060812,	-0.0001217536716472,	0.0000466209401489,	0.0000534143587211,	0.0001531103575170,	-0.0001268268923747,	
  -0.0001101423007387,	0.0001667770255384,	-0.0000152171310272,	0.0002952767477097,	-0.0001317614340080,	-0.0001769050968050,	0.0000000570394329,	-0.0001678238265097,	-0.0002205018373913,	0.0000208721285361,	0.0001265723962337,	0.0000277628555303,	
  -0.0000938264472227,	0.0000188801593511,	-0.0001305820350742,	-0.0001317614340080,	0.0002545649282722,	0.0003057721635942,	-0.0001036985676144,	0.0002077027674782,	0.0000587534251635,	-0.0001064764692584,	-0.0002951504834545,	0.0001751972866071,	
  -0.0001012327434028,	-0.0000109055977129,	-0.0001491261400040,	-0.0001769050968050,	0.0003057721635942,	0.0003800852414924,	-0.0001030211867947,	0.0002480205102883,	0.0000921230526410,	-0.0001444644513379,	-0.0003584761022886,	0.0001979264155150,	
  0.0001136776490094,	-0.0001768995784223,	0.0000701176060812,	0.0000000570394329,	-0.0001036985676144,	-0.0001030211867947,	0.0001918495906666,	-0.0000623181101327,	0.0000624592053004,	-0.0001034438132867,	0.0001729602452844,	-0.0001506286234636,	
  -0.0000502703963827,	-0.0000174554087646,	-0.0001217536716472,	-0.0001678238265097,	0.0002077027674782,	0.0002480205102883,	-0.0000623181101327,	0.0002319096568049,	0.0001040932596243,	-0.0000669437082972,	-0.0002282464712004,	0.0001101244478839,	
  0.0001336305447485,	-0.0001852441955887,	0.0000466209401489,	-0.0002205018373913,	0.0000587534251635,	0.0000921230526410,	0.0000624592053004,	0.0001040932596243,	0.0002281009561927,	-0.0000411206307224,	-0.0000547822331334,	-0.0000455222808724,	
  -0.0000030899949385,	0.0001262420853763,	0.0000534143587211,	0.0000208721285361,	-0.0001064764692584,	-0.0001444644513379,	-0.0001034438132867,	-0.0000669437082972,	-0.0000411206307224,	0.0002570029374744,	0.0000576009128918,	-0.0000424162146447,	
  0.0001860414218053,	-0.0001052194137330,	0.0001531103575170,	0.0001265723962337,	-0.0002951504834545,	-0.0003584761022886,	0.0001729602452844,	-0.0002282464712004,	-0.0000547822331334,	0.0000576009128918,	0.0004370909158342,	-0.0002592157203146,	
  -0.0001624679913658,	0.0001539981149985,	-0.0001268268923747,	0.0000277628555303,	0.0001751972866071,	0.0001979264155150,	-0.0001506286234636,	0.0001101244478839,	-0.0000455222808724,	-0.0000424162146447,	-0.0002592157203146,	0.0002349689728344,	
};

const PROGMEM tinytype dC1_drho_data[4*4] = {
  -0.0000790005287128,	0.0000084283820839,	-0.0000033411453558,	0.0000065397547828,	
  0.0000084283820839,	-0.0001134022321753,	-0.0000042535600703,	-0.0000110584232156,	
  -0.0000033411453558,	-0.0000042535600703,	-0.0001005129537462,	-0.0000034833992766,	
  0.0000065397547828,	-0.0000110584232156,	-0.0000034833992766,	-0.0000883602487023,	
};

const PROGMEM tinytype dC2_drho_data[12*12] = {
  -0.0000763166653007,	0.0000526878958395,	-0.0000340383258554,	0.0001230893467727,	-0.0000192376155341,	-0.0000289883700444,	0.0000313889646955,	-0.0000358990572072,	-0.0000833924739024,	-0.0000592175291197,	0.0000078218711767,	0.0000298914625914,	
  0.0000855009029737,	-0.0001623284851676,	0.0000314441951459,	-0.0000784326014649,	0.0000099411894753,	0.0000287299804959,	0.0001272616517414,	0.0000319130004051,	0.0001212424848266,	-0.0001259158622382,	0.0000210485437946,	-0.0000564727166363,	
  -0.0001377518171112,	0.0001114673141181,	-0.0000960155076591,	0.0000811374760712,	0.0000838467702028,	0.0000915534272265,	-0.0000582436189294,	0.0000469304283994,	-0.0000794204835448,	-0.0000525513693705,	-0.0001318568313304,	0.0001284386612088,	
  -0.0000517913381629,	0.0000423830795224,	-0.0000634005745019,	0.0000202307631764,	0.0000673976876381,	0.0000743954814178,	-0.0000426598085490,	0.0000412583833833,	-0.0000539225590025,	-0.0000432599138733,	-0.0000501927145150,	0.0000594224958410,	
  0.0000483058337744,	-0.0000891252900380,	-0.0000177074073714,	0.0000045853187618,	0.0000151565820531,	0.0000196499044066,	0.0000754698486926,	0.0000063609092348,	-0.0000204927998737,	-0.0001279016478137,	0.0000857417892803,	-0.0000471555726488,	
  -0.0001494789364124,	0.0000877270691167,	-0.0001418332062719,	0.0000256319288924,	0.0001742501002583,	0.0002027474622433,	-0.0000734077673142,	0.0001249311270496,	-0.0000466162289710,	-0.0001183497358867,	-0.0002154194819458,	0.0001789443340496,	
  0.0000365693700115,	0.0000345785382162,	0.0000650450236986,	-0.0000182022415167,	-0.0000775769595456,	-0.0000947419098057,	-0.0000449796034715,	-0.0000561941033406,	0.0000102125525098,	0.0001521356944733,	0.0000495152496271,	-0.0000471138754350,	
  0.0000480521362002,	-0.0000726405917294,	-0.0000086063196264,	-0.0001761413204438,	0.0001094256714197,	0.0001425906022097,	-0.0000370349664819,	0.0001179216890946,	0.0001392378845936,	-0.0000084307674388,	-0.0001260178452813,	0.0000364876314030,	
  0.0000566588539877,	-0.0000972950429327,	-0.0000177501090879,	-0.0001173087250354,	0.0000857933837541,	0.0001114420758870,	0.0000154656771148,	0.0000861047520319,	0.0000837507620521,	-0.0000781840035771,	-0.0000431393193621,	0.0000021546716022,	
  0.0000511513690471,	-0.0000056956015719,	0.0000853581916070,	0.0000712298493825,	-0.0001509867858010,	-0.0001823978588156,	0.0000558253537820,	-0.0001256953001625,	-0.0000327243706130,	0.0000791394438339,	0.0001635033918508,	-0.0001086653176729,	
  0.0000457277077184,	-0.0000191037050217,	0.0000442440004756,	0.0000545054183471,	-0.0000922733352361,	-0.0001135303297404,	0.0000460169979193,	-0.0000826980913409,	-0.0000475121518187,	0.0000196136572495,	0.0001427400228958,	-0.0000849113290078,	
  -0.0001385276963362,	0.0001794569590248,	-0.0000796162642948,	0.0000791795540917,	0.0000566496149742,	0.0000516998086054,	-0.0001383857780850,	0.0000204206502351,	-0.0001155772673580,	0.0000688337932755,	-0.0001141496235362,	0.0001239503548297,	
};

