#pragma once

typedef float tinytype;

const PROGMEM tinytype Adyn_data[12*12] = {
  -0.0283074898641149,	0.0021260654982873,	0.1282883307963691,	-0.0385201257472525,	-0.1308135281218198,	0.0436474069580408,	0.1187482523011750,	-0.0682593895983620,	-0.0829680787250426,	-0.0867909297171115,	-0.0697081333716501,	0.1383795426601294,	
  0.1302621630306673,	-0.1151608349196423,	0.0664432107584636,	0.0825385746755189,	0.1130632460073627,	0.0296427791703871,	-0.0999023462597793,	-0.1243939345323136,	0.1017729302671529,	0.0419333401096789,	0.0879191156055348,	-0.1002735760705905,	
  0.0677356006051529,	0.1146628912192309,	-0.0190537609128679,	0.0883426023648423,	-0.0901025409934363,	-0.1384988061098262,	-0.1110319430544090,	0.0142429170015603,	0.0780043813099140,	-0.0335750826830548,	-0.0022146806017266,	-0.1204337550641379,	
  0.0698793343156430,	-0.1276591605856041,	0.1425527692902819,	-0.1141254022561474,	-0.0036709110392072,	0.0768849216893376,	0.0224070710301294,	0.0168412144783749,	0.1369889923459265,	-0.0602795589117014,	0.0618905531464533,	0.0029132100435960,	
  0.0175711590462022,	-0.1333462417277197,	-0.1026863839093863,	-0.0673758012707885,	0.0436924974874227,	-0.0957264133998440,	-0.0930567569780366,	0.0104755075172539,	-0.0140872842935247,	0.1038039691547802,	-0.0064482768844392,	0.0328646381637953,	
  0.0037430879110829,	0.0783603753516911,	-0.1022604139334487,	0.0225279012865508,	-0.1102891352067827,	-0.0121657158807214,	-0.1324618167859962,	-0.1278716098463576,	0.1014591561179509,	0.0698859930580025,	-0.1020507535123694,	-0.0857840529814374,	
  0.0434181787796618,	0.1349469134239119,	0.0912463641745796,	0.1386417107952469,	-0.0951635350368924,	0.0666406452780317,	-0.0347422641838028,	-0.0893343419720808,	-0.0535585327528578,	-0.0193492123161215,	0.0376246595024977,	0.1322604218182638,	
  -0.1001537483113430,	0.1347853762357030,	0.0461352079767882,	0.0168180042183658,	-0.0094808271894481,	-0.0266989024570943,	-0.1015989583141814,	0.1328497772288330,	0.0060287403228011,	-0.1112438293853691,	0.1129548218739770,	0.1399978758996790,	
  -0.1403177527919835,	-0.0200889480131270,	0.0833513276324158,	0.1296436620376821,	0.0876677500575419,	-0.0212078711334506,	-0.0784574425666232,	0.0436701006819034,	-0.0756284218481586,	0.0408687242469779,	0.1073710870786361,	0.1411442049184474,	
  0.1046854605461903,	-0.1210144805782071,	-0.0360918416323655,	0.0487539539882668,	-0.0206865712459074,	-0.0902438730959024,	0.1057089358651334,	-0.0472702629884736,	-0.0090473359044107,	0.1127953261575048,	0.1040488857024392,	0.0684093786947217,	
  -0.0488137289654558,	0.0372222183712416,	0.1002322898377822,	-0.0752561495114686,	-0.0203715499789846,	-0.1137451225316753,	-0.0400347252264070,	-0.1336653356719159,	-0.1350485937388174,	0.0683461071480512,	-0.1190160035711672,	-0.0088999215560877,	
  -0.0794137085024232,	-0.0759622046053470,	0.1064220874716629,	-0.0841353517490567,	0.0380235331340281,	0.0201244425057313,	-0.0439536306052915,	0.1311496420206669,	-0.0467769653249076,	0.0095875435431768,	0.1156647943957845,	-0.1416207308089532,	
};

const PROGMEM tinytype Bdyn_data[12*4] = {
  -0.6003808419384737,	-0.0844108840260991,	-0.7040667778377068,	-0.0285955025075892,	
  0.0856806461029134,	0.5903763885670108,	-0.6593799126658177,	-0.0113886732358106,	
  -0.7257954463672025,	0.5362658226120365,	-0.2009846218390838,	-0.5153021641903830,	
  0.3465526324862707,	-0.9105613691484640,	-0.6672286583859361,	0.0728353615234978,	
  -0.7056114910129661,	-0.5157303091186209,	0.7024129250108375,	0.5869008680818930,	
  0.4603617577468422,	-0.7122179005163309,	0.3123663847976226,	-0.7563266378447362,	
  -0.9905189653464008,	0.6706176999941478,	-0.7483013691274587,	-0.5435866629390063,	
  -0.9098241404608900,	-0.8303243495539301,	-0.4892323488549586,	0.9401446016757440,	
  0.6321989765921694,	-0.3917383707639162,	-0.0070788602304570,	0.3872982764788511,	
  0.1608210962983034,	0.4827790193881218,	0.0795059726374387,	0.1370704109114589,	
  -0.0062596201885634,	0.4986127273781460,	-0.3811153111668304,	-0.9307231797015525,	
  0.7257125425267641,	0.8143185552717247,	-0.5603182053039937,	-0.0556378798792900,	
};

const PROGMEM tinytype Q_data[12] = {
  4.8997649517500657,6.4754490106701441,9.2951486908012271,4.2717694160055562,4.6606163182794926,5.3655042223405101,6.0826706729920286,5.6894172405388810,0.6248316868523698,6.8137042276095467,
  1.4031982802216172,4.9392267604285172,
};

const PROGMEM tinytype Qf_data[12] = {
  44.0978845657505900,58.2790410960312997,83.6563382172110437,38.4459247440500036,41.9455468645154355,48.2895380010645923,54.7440360569282589,51.2047551648499280,5.6234851816713283,61.3233380484859225,
  12.6287845219945538,44.4530408438566553,
};

const PROGMEM tinytype R_data[4] = {
  0.1000000000000000,0.1000000000000000,0.1000000000000000,0.1000000000000000,
};

const PROGMEM tinytype umin[4] = {
  -3.0,	
  -3.0,	
  -3.0,	
  -3.0,	
};

const PROGMEM tinytype umax[4] = {
  3.0,	
  3.0,	
  3.0,	
  3.0,	
};

const PROGMEM tinytype xmin[12] = {
  -10000.0,	
  -10000.0,	
  -10000.0,	
  -10000.0,	
  -10000.0,	
  -10000.0,	
  -10000.0,	
  -10000.0,	
  -10000.0,	
  -10000.0,	
  -10000.0,	
  -10000.0,	
};

const PROGMEM tinytype xmax[12] = {
  10000.0,	
  10000.0,	
  10000.0,	
  10000.0,	
  10000.0,	
  10000.0,	
  10000.0,	
  10000.0,	
  10000.0,	
  10000.0,	
  10000.0,	
  10000.0,	
};

const PROGMEM tinytype rho_value = 85.0;

const PROGMEM tinytype Kinf_data[4*12] = {
  -0.0009284900472125,	-0.0236233950062932,	-0.0006666805575224,	-0.0132419794638123,	0.0141234823769108,	0.0101263340207374,	0.0101544320724329,	-0.0002368712119363,	0.0044855613138374,	0.0095677349251103,	0.0007230884601791,	-0.0177715545444162,	
  0.0105782614448971,	-0.0016753457767666,	0.0054712254654233,	0.0126486599666150,	0.0014382500029529,	-0.0041460985078757,	0.0021027403571658,	-0.0045035720236617,	-0.0058768109935873,	0.0059560773926208,	0.0085106688178256,	-0.0129299131797698,	
  -0.0028066194367805,	-0.0036398818874192,	-0.0264083836039177,	-0.0040132393960519,	0.0032916803246212,	-0.0103408597165691,	0.0026302961908692,	0.0015811947056162,	-0.0025955504631235,	0.0126457820475399,	-0.0123038713177168,	-0.0028666656954488,	
  -0.0071960567548162,	-0.0130453653075857,	0.0008678434734167,	-0.0079444684797459,	0.0148882854814442,	0.0016724100943532,	0.0064233802495995,	0.0161173414415638,	-0.0045417954415240,	-0.0031308822150229,	0.0132201294221338,	0.0147378875589674,	
};

const PROGMEM tinytype Pinf_data[12*12] = {
  5.2732042525817331,	-0.2026854968550495,	-0.0382667947846198,	0.1548697169014285,	0.0215956689041155,	-0.0610293554421809,	-0.0106737828406233,	-0.2508170947517337,	0.2255922881240774,	0.1393903588059129,	0.0755464989764695,	-0.1292037263466922,	
  -0.2026854968550495,	7.2132962831156897,	-0.0557336566238942,	0.2355663770968360,	-0.3161358184704717,	-0.0603474403753960,	-0.2395379495852713,	0.0755247742545923,	-0.0453491835052994,	-0.2457231122228099,	-0.1649401460436081,	0.0655714250995773,	
  -0.0382667947846199,	-0.0557336566238942,	9.7191580068937498,	-0.0672900761315545,	0.0092280133943369,	0.2072788955960800,	0.0951681232926506,	0.0300280552298674,	-0.0612317870334121,	-0.1872670397350066,	0.1414092224267577,	0.1154525136489526,	
  0.1548697169014285,	0.2355663770968359,	-0.0672900761315545,	4.6367155532828495,	-0.0783622178885511,	-0.0668115815446728,	-0.1431664696388834,	-0.1636866090835987,	0.0809296736719824,	0.0225017960657751,	0.0597131492073682,	0.0219733527862155,	
  0.0215956689041155,	-0.3161358184704718,	0.0092280133943370,	-0.0783622178885512,	5.0481579329877908,	0.0782833303554443,	-0.0235127793095324,	0.0869798758820106,	0.0431855819719206,	0.0784503708543633,	0.1671077997979017,	-0.1190495276041714,	
  -0.0610293554421810,	-0.0603474403753960,	0.2072788955960799,	-0.0668115815446728,	0.0782833303554443,	5.7493072548250739,	0.1541558866378926,	-0.0462741381376636,	-0.0438128957092884,	-0.1132156005695404,	0.0084430442769401,	0.1281404819488219,	
  -0.0106737828406233,	-0.2395379495852714,	0.0951681232926506,	-0.1431664696388834,	-0.0235127793095324,	0.1541558866378927,	6.6819644753712444,	-0.0177155483396753,	-0.2483229679335218,	-0.0104560364839793,	-0.0414654826190360,	0.3418907069437633,	
  -0.2508170947517338,	0.0755247742545924,	0.0300280552298674,	-0.1636866090835987,	0.0869798758820107,	-0.0462741381376636,	-0.0177155483396754,	6.1673411935896167,	-0.0748080407297902,	-0.1688084479587235,	0.1552012891995096,	-0.0319801950245460,	
  0.2255922881240774,	-0.0453491835052993,	-0.0612317870334121,	0.0809296736719824,	0.0431855819719205,	-0.0438128957092884,	-0.2483229679335219,	-0.0748080407297902,	1.0136111747797645,	0.0073568853121918,	0.0636599788496973,	-0.3131431244429762,	
  0.1393903588059129,	-0.2457231122228100,	-0.1872670397350066,	0.0225017960657751,	0.0784503708543633,	-0.1132156005695404,	-0.0104560364839793,	-0.1688084479587235,	0.0073568853121918,	7.1125876600860751,	0.0040527513308837,	-0.0786192139127343,	
  0.0755464989764695,	-0.1649401460436082,	0.1414092224267577,	0.0597131492073682,	0.1671077997979017,	0.0084430442769401,	-0.0414654826190360,	0.1552012891995096,	0.0636599788496973,	0.0040527513308837,	1.7839830025296133,	0.0163070209576802,	
  -0.1292037263466922,	0.0655714250995772,	0.1154525136489526,	0.0219733527862154,	-0.1190495276041714,	0.1281404819488219,	0.3418907069437633,	-0.0319801950245460,	-0.3131431244429763,	-0.0786192139127343,	0.0163070209576801,	5.6508724826564976,	
};

const PROGMEM tinytype Quu_inv_data[4*4] = {
  0.0090003878974523,	0.0000520128580194,	-0.0004568133586227,	0.0001432754315562,	
  0.0000520128580194,	0.0090795638885605,	0.0006443737710137,	0.0008464303321844,	
  -0.0004568133586227,	0.0006443737710137,	0.0097092909848132,	-0.0002161394172173,	
  0.0001432754315562,	0.0008464303321844,	-0.0002161394172173,	0.0098686835785821,	
};

const PROGMEM tinytype AmBKt_data[12*12] = {
  -0.0301538394628167,	-0.0151341443916530,	0.1097814504084902,	-0.0484554365557442,	-0.1194693551624210,	0.0421442556891825,	0.1270578569005537,	-0.0672076028926827,	-0.0827284162323208,	-0.0717299413400720,	-0.0768403226241192,	0.1250215295996287,	
  0.1221639788505791,	-0.1146963169868405,	0.0458669759594058,	0.0734689594423338,	0.1133440537728482,	0.0244233983478393,	-0.1002062745673585,	-0.1204886735048460,	0.1030949560644525,	0.0458999610060840,	0.0748702971373156,	-0.0928397591377262,	
  0.0571167157157947,	0.0909617041167320,	-0.0273321432225951,	0.0670481887238620,	-0.0722895232634507,	-0.1301423053008168,	-0.1009508994538842,	0.0251092054563184,	0.0815494514190872,	-0.0288966476433983,	-0.0019143747264234,	-0.1193800882656985,	
  0.0784847316840954,	-0.1224763856122417,	0.1300820556879193,	-0.1001180883807147,	-0.0061439163536062,	0.0625788082939787,	0.0220898597785183,	0.0127036301438888,	0.1286822898595563,	-0.0495062415237105,	0.0602170627300642,	-0.0056876512680705,	
  0.0285663135686617,	-0.1406661709895274,	-0.0822948726869399,	-0.0627146301595319,	0.0433498715859744,	-0.0844374098336020,	-0.0904246675742033,	-0.0025841934050892,	-0.0094643383570958,	0.1065817592285319,	-0.0006653546904655,	0.0070203809771291,	
  0.0071386805345255,	0.0793128912126894,	-0.0891513305347674,	0.0328775922210489,	-0.1055345023632613,	-0.0152853931155290,	-0.1316023621855816,	-0.1192740254207482,	0.0925842870781067,	0.0634053118858033,	-0.0824801332692372,	-0.0747695175661119,	
  0.0293926447738159,	0.1028559939816304,	0.0676272223311676,	0.1097212440983628,	-0.0715822314794379,	0.0726224385586968,	-0.0206343234602374,	-0.0766044102748444,	-0.0495855191224622,	-0.0061054901348770,	0.0306127694714900,	0.1291945778882870,	
  -0.0868228780248344,	0.1223849425924406,	0.0363358037407792,	0.0207781646123789,	-0.0078234727040561,	-0.0275597162677064,	-0.0953663346451955,	0.1145157806209915,	0.0082302702405649,	-0.0884631894268901,	0.1022310355867170,	0.0978346537906369,	
  -0.1328196987185498,	-0.0007838778070441,	0.0853930358105502,	0.1460186631394174,	0.0735594107041022,	-0.0299548380601984,	-0.0865224846497726,	0.0358246029470859,	-0.0790257054764512,	0.0384553390823031,	0.1050406761055602,	0.1415859692144046,	
  0.1009373281107557,	-0.1143289925708182,	-0.0366453496365684,	0.0461850640481425,	-0.0259547337459017,	-0.0892778296918537,	0.1019711504120650,	-0.0473928640523559,	-0.0061026002122562,	0.1078048994450256,	0.0989899681614721,	0.0757174991258512,	
  -0.0618611792145903,	0.0243808550204141,	0.0882431767217311,	-0.0905694300628106,	-0.0058888899254153,	-0.1139989471696439,	-0.0340387804012741,	-0.1158178792790002,	-0.1373066213881535,	0.0673417380510962,	-0.1156399179570857,	0.0100602179200653,	
  -0.0893269395137622,	-0.0602194539543409,	0.0877017723625476,	-0.0875162241532554,	0.0292754922155755,	0.0104507572382645,	-0.0512039437124189,	0.1367715915807893,	-0.0469536272392144,	0.0047054402199547,	0.1020511013724913,	-0.1189808827155329,	
};

const PROGMEM tinytype coeff_d2p_data[12*4] = {
  -0.0239905654447487,	-0.0078869178343745,	-0.0329583184793884,	-0.0025638930934512,	
  0.0132919600700382,	0.0323135300534092,	-0.0451785176494140,	0.0057866928619042,	
  -0.0632911010281775,	0.0412696858969930,	-0.0115823373909847,	-0.0491899171302034,	
  0.0190420476988093,	-0.0378859590143861,	-0.0352424841146340,	0.0002998399388108,	
  -0.0348031629400900,	-0.0212121320778364,	0.0361098011771833,	0.0245497382336930,	
  0.0198156574951843,	-0.0369513952439138,	0.0145548441731762,	-0.0485007808998828,	
  -0.0571014304711252,	0.0366747906824196,	-0.0405780217449167,	-0.0344521038303663,	
  -0.0494413724238149,	-0.0419051386082780,	-0.0287984165007038,	0.0516595856618381,	
  0.0054284766533724,	-0.0072525096232425,	0.0011229567915164,	0.0043071644764339,	
  0.0106355107675685,	0.0311126017148106,	0.0091457488881656,	0.0131606867869459,	
  -0.0027184949410217,	0.0033384311690578,	-0.0052760302850228,	-0.0137029137679788,	
  0.0352853077482465,	0.0427157480075932,	-0.0317817557662683,	-0.0033521610828802,	
};

const PROGMEM tinytype dKinf_drho_data[4*12] = {
  0.0000084983035396,	0.0002108637877049,	-0.0000049823472908,	0.0001179178055663,	-0.0001257899290645,	-0.0000937168302023,	-0.0000906274308120,	0.0000013976719636,	-0.0000387976759479,	-0.0000811466691495,	-0.0000126510486256,	0.0001551599593085,	
  -0.0000880838017922,	0.0000292591332139,	-0.0000323858774123,	-0.0001052931472060,	-0.0000277041827821,	0.0000429834168732,	-0.0000271235471544,	0.0000269212802896,	0.0000592168525589,	-0.0000605968468667,	-0.0000797591739176,	0.0001062386567404,	
  0.0000174525272536,	0.0000243226791832,	0.0002499453566799,	0.0000242224924256,	-0.0000242774737288,	0.0001069822188845,	-0.0000204798444989,	-0.0000092230486194,	0.0000281704300140,	-0.0001215133989101,	0.0001163186074019,	0.0000343247283142,	
  0.0000613698776946,	0.0001313331977964,	-0.0000192805944737,	0.0000686425505633,	-0.0001479011069167,	-0.0000153585342846,	-0.0000647199688070,	-0.0001536145462742,	0.0000480791973603,	0.0000274672970781,	-0.0001387808093402,	-0.0001315095900170,	
};

const PROGMEM tinytype dPinf_drho_data[12*12] = {
  0.0002073753302351,	0.0000795620545311,	0.0001414801458791,	0.0002180041106476,	-0.0001111364533419,	-0.0000161010819848,	-0.0000069571722667,	-0.0001917642945117,	-0.0000016060176495,	0.0000317335906581,	0.0000281546460509,	-0.0002195049725273,	
  0.0000795620545311,	0.0007935611311048,	0.0000672805982257,	0.0004170501314862,	-0.0005700691595328,	-0.0002553013180783,	-0.0003767580628548,	-0.0002020390464889,	-0.0000497759706933,	-0.0002287850171008,	-0.0001849198448112,	0.0002652625227363,	
  0.0001414801458791,	0.0000672805982257,	0.0007688540220171,	0.0001597736471364,	-0.0000602823444359,	0.0002621957773408,	-0.0000605183046995,	-0.0000506195842761,	0.0000549398333987,	-0.0003302004183743,	0.0003951866564294,	-0.0000101997645946,	
  0.0002180041106476,	0.0004170501314862,	0.0001597736471364,	0.0004353523169045,	-0.0003060528897343,	-0.0001570380053672,	-0.0001629022314404,	-0.0001985796479927,	-0.0000856522383694,	-0.0000718180204424,	0.0000357396050942,	-0.0000208001595240,	
  -0.0001111364533419,	-0.0005700691595328,	-0.0000602823444359,	-0.0003060528897343,	0.0004679594673833,	0.0001539897365917,	0.0002558343172268,	0.0002563501261368,	-0.0000069939442863,	0.0001292415284171,	0.0002098358755035,	-0.0000818585009420,	
  -0.0000161010819848,	-0.0002553013180783,	0.0002621957773408,	-0.0001570380053672,	0.0001539897365917,	0.0002673515129401,	0.0001090493442293,	0.0000299209872032,	0.0001079250320300,	-0.0000738154221820,	0.0001473422984771,	-0.0000781814077667,	
  -0.0000069571722667,	-0.0003767580628548,	-0.0000605183046995,	-0.0001629022314404,	0.0002558343172268,	0.0001090493442293,	0.0002203117214964,	0.0000752464591286,	0.0000028314603976,	0.0001237790947801,	0.0000849831290679,	-0.0000810915238793,	
  -0.0001917642945117,	-0.0002020390464889,	-0.0000506195842761,	-0.0001985796479927,	0.0002563501261368,	0.0000299209872032,	0.0000752464591286,	0.0003164922926558,	-0.0000619644825144,	-0.0000596163540804,	0.0001779649599558,	0.0002804883599891,	
  -0.0000016060176495,	-0.0000497759706933,	0.0000549398333987,	-0.0000856522383694,	-0.0000069939442863,	0.0001079250320300,	0.0000028314603976,	-0.0000619644825144,	0.0001166101507172,	-0.0000271751262814,	-0.0000673823727566,	-0.0000977068461975,	
  0.0000317335906581,	-0.0002287850171008,	-0.0003302004183743,	-0.0000718180204424,	0.0001292415284171,	-0.0000738154221820,	0.0001237790947801,	-0.0000596163540804,	-0.0000271751262814,	0.0003078008888150,	-0.0001462021904291,	-0.0003062333434238,	
  0.0000281546460509,	-0.0001849198448112,	0.0003951866564294,	0.0000357396050942,	0.0002098358755035,	0.0001473422984771,	0.0000849831290679,	0.0001779649599558,	-0.0000673823727566,	-0.0001462021904291,	0.0004303669413046,	0.0000922079897728,	
  -0.0002195049725273,	0.0002652625227363,	-0.0000101997645946,	-0.0000208001595240,	-0.0000818585009420,	-0.0000781814077667,	-0.0000810915238793,	0.0002804883599891,	-0.0000977068461975,	-0.0003062333434238,	0.0000922079897728,	0.0007842142835087,	
};

const PROGMEM tinytype dC1_drho_data[4*4] = {
  -0.0000814121352610,	-0.0000008283918958,	0.0000086508680567,	-0.0000029018551719,	
  -0.0000008283918958,	-0.0000836212106391,	-0.0000118277661579,	-0.0000159149499867,	
  0.0000086508680567,	-0.0000118277661579,	-0.0000951414434973,	0.0000037085951472,	
  -0.0000029018551719,	-0.0000159149499867,	0.0000037085951472,	-0.0000983229535921,	
};

const PROGMEM tinytype dC2_drho_data[12*12] = {
  0.0000117096341766,	0.0001499486968449,	0.0001697018572219,	0.0000809248241680,	-0.0000991826672549,	0.0000222459199264,	-0.0000729703739641,	-0.0000077747427278,	0.0000029138782218,	-0.0001386020450300,	0.0000635995705297,	0.0001225290839912,	
  0.0000634812240351,	-0.0000178072500193,	0.0001841361151508,	0.0000688128867390,	0.0000094411818896,	0.0000530203369571,	0.0000095370459871,	-0.0000238444005348,	-0.0000125134476630,	-0.0000370830316364,	0.0001232895069738,	-0.0000548796834455,	
  0.0000885360828201,	0.0002099180693104,	0.0000540511151492,	0.0001822893258685,	-0.0001575341107013,	-0.0000774822911666,	-0.0000886980190669,	-0.0000944341376587,	-0.0000294780130069,	-0.0000366682319234,	-0.0000145457545520,	-0.0000052262025331,	
  -0.0000759758875067,	-0.0000397700766676,	0.0001404123307682,	-0.0001255782620801,	0.0000129402768193,	0.0001441170999081,	-0.0000022413163528,	0.0000290637995979,	0.0000826602675797,	-0.0001101333686813,	0.0000194778903832,	0.0000754467153384,	
  -0.0000877079009051,	0.0000697136014362,	-0.0001844670315141,	-0.0000283992730227,	0.0000008093932217,	-0.0001100915776079,	-0.0000255666785869,	0.0001115052327204,	-0.0000448411571105,	-0.0000192776513181,	-0.0000503140644867,	0.0002173461052410,	
  -0.0000256830639194,	0.0000154984630373,	-0.0001134290741175,	-0.0000849266153912,	-0.0000661006222728,	0.0000287234860566,	-0.0000201486938820,	-0.0000947714199485,	0.0000876003510086,	0.0000529296137635,	-0.0001922794982164,	-0.0001059507358964,	
  0.0001139078844535,	0.0002788345570637,	0.0001933372117402,	0.0002428501702121,	-0.0002045823310344,	-0.0000499474913847,	-0.0001220846657389,	-0.0001070739049789,	-0.0000309265215035,	-0.0001157377831077,	0.0000525587863156,	0.0000366417407343,	
  -0.0001145643820344,	0.0001045707796954,	0.0001089840583071,	-0.0000328264943647,	-0.0000102790698852,	0.0000172027484991,	-0.0000541496391231,	0.0001635327029175,	-0.0000175493797947,	-0.0002094157526066,	0.0001096446405863,	0.0003698116187473,	
  -0.0000635233276630,	-0.0001725388899168,	-0.0000003002867406,	-0.0001422085558281,	0.0001257814599486,	0.0000827915838714,	0.0000715901932549,	0.0000690918520365,	0.0000293037886362,	0.0000160645179403,	0.0000313262225797,	-0.0000052977916711,	
  0.0000313587304538,	-0.0000679727348034,	-0.0000007928609894,	0.0000205349561604,	0.0000558077421532,	-0.0000120803732352,	0.0000381689449503,	0.0000085674919946,	-0.0000311791220062,	0.0000482010698736,	0.0000503153298260,	-0.0000609457366475,	
  0.0001077426938626,	0.0001182355479088,	0.0000934299292540,	0.0001263573996401,	-0.0001338812445081,	0.0000044593072931,	-0.0000550847049398,	-0.0001599022080953,	0.0000257154705683,	0.0000089602449961,	-0.0000451459654151,	-0.0001613180482463,	
  0.0000787544073815,	-0.0001559172099581,	0.0001689643751053,	0.0000175591624929,	0.0000920153448140,	0.0000920988537941,	0.0000727805594050,	-0.0000366514358690,	-0.0000016059923718,	0.0000416763449583,	0.0001315843632813,	-0.0001871977826448,	
};

