#pragma once

typedef float tinytype;

const PROGMEM tinytype Adyn_data[12*12] = {
  -0.1239775520972077,	-0.1200338564940784,	-0.0776199911143277,	0.0072968957149609,	-0.0919181894474423,	-0.0166963073416270,	0.1259832273167210,	-0.0546587908876377,	-0.0843364475131669,	-0.0672857271570329,	-0.0157658054555575,	0.0221505766393296,	
  -0.0688795697355775,	0.0656713532130822,	-0.1277202211001445,	-0.0702560124709136,	-0.0517821294688228,	0.0220024804116824,	0.0900734756056136,	-0.0933557820839893,	0.1169849357930624,	0.0557072952124626,	-0.0211188557396310,	-0.0808591801265219,	
  -0.0781868397296512,	-0.0489596810172818,	-0.1068189922700962,	0.1371198490016784,	-0.0501092222443326,	-0.0439798729696660,	0.0557053148068823,	-0.0549081591714106,	0.0125165705575555,	-0.0438747927492289,	-0.1228520344218098,	-0.1422369793300159,	
  0.0104116378802284,	-0.0603701290239890,	0.0985396918430612,	0.0047725983626262,	0.1453419001771841,	0.0493847478175755,	-0.0880031698158729,	-0.1358554231489804,	-0.0218743326638139,	-0.0486146296338277,	0.0949621846549359,	-0.1445494419198561,	
  -0.0622537090160917,	-0.0509604430180296,	0.0957593219517664,	0.0443592370162593,	0.0245623121496165,	-0.0076506636786012,	0.0107386792108969,	0.1056910203173017,	-0.0120095144795626,	-0.0055194611850672,	0.0737596595951901,	0.0437520841091407,	
  0.0114511494984988,	-0.0276196687344410,	-0.0570957909009732,	0.0362140934711399,	-0.0913493001312471,	0.1213839403243645,	0.0999261695014582,	-0.0334922350248801,	0.1066714680341367,	0.0726374542191993,	-0.1297876111138813,	0.0620009060209468,	
  0.0564029887283721,	-0.0965922963206208,	0.0326166280158476,	-0.0096436945294416,	0.0241965725058140,	-0.0647290623473374,	0.0769712961455867,	-0.0950328945347691,	-0.0487241566841467,	-0.0717921172333194,	0.1130009929170648,	-0.0662219635430906,	
  -0.0826755240094197,	-0.1454706760316735,	-0.1246805049016573,	-0.0081184515738432,	-0.0644335831896392,	0.0947789271530385,	-0.1107264689460766,	-0.0466570015729749,	-0.1413717664947250,	-0.1447836592170833,	-0.0800642964741523,	-0.0983421073352548,	
  -0.0514918307144368,	-0.0991010153664237,	-0.0900039819051217,	-0.0097427274155090,	-0.0238777187495966,	0.0389936586889562,	-0.0542561107480813,	0.0791283931805758,	-0.1026506009369173,	-0.0768587273419575,	0.0033729059811780,	0.0082732242508644,	
  -0.1380973296975524,	-0.0486123952178204,	-0.0213844984420212,	-0.0936139469416893,	-0.0311903628209364,	0.1251364093868833,	0.0116623551985423,	0.1413505416350835,	-0.1121805481388542,	0.0561986709697970,	0.1131751864581661,	0.1152832623964909,	
  0.0737777667927971,	0.0183385691973989,	-0.0345235970414321,	0.1346446238592655,	-0.0885780088847838,	-0.0894040395911591,	0.0491528451669147,	0.0786964897530080,	0.0154279863225512,	0.0723158612449870,	0.0909079067767399,	0.1328508678810352,	
  0.0284379865936526,	-0.0139054058978181,	0.0299690344109430,	-0.0506743642955163,	-0.0665336010205286,	0.0332577001689096,	-0.0275560760198681,	0.0529240625311730,	-0.0668661365960850,	-0.0630380128147920,	0.0225858523423512,	-0.1138175331076170,	
};

const PROGMEM tinytype Bdyn_data[12*4] = {
  0.3681514415148532,	0.9263286079743371,	-0.4496896551034562,	-0.6813123924663000,	
  0.3824838540350715,	0.5398185507452367,	0.3373480027492142,	-0.6007733341526054,	
  -0.6071433234436920,	0.9446874076359506,	-0.5931355847739024,	0.2275643115816364,	
  0.8742345250975527,	-0.5503810222490191,	0.4818238052766137,	0.4555141470940827,	
  -0.1132718791599625,	0.3758908369225424,	0.9153128786807816,	-0.8371158832492989,	
  -0.7117184945147850,	0.1168229727066650,	-0.6686886386751081,	-0.1613231508267363,	
  -0.8459293409235296,	0.7418259980031372,	0.3544671737358798,	-0.2444844655038598,	
  -0.2940942616562898,	-0.8175801170464809,	0.5079734503872839,	-0.3557697759441023,	
  -0.6272155006426288,	-0.8756321471499333,	-0.7546872613991715,	0.8990684437824412,	
  0.5061576648820110,	0.7100064078059354,	0.7994311022486684,	-0.8687036004878010,	
  -0.5923558181901689,	-0.0248726554702212,	-0.5450142316855242,	0.5152947278828888,	
  -0.5919087282733311,	0.1054923523529323,	0.9626288154855134,	0.0383717017480658,	
};

const PROGMEM tinytype Q_data[12] = {
  8.0397737055612897,9.1704932330935893,9.3388279114873516,7.4030665040960510,4.0848040217879866,5.9791021372004458,2.3347017383512312,9.4766328436077227,2.8523831910865800,9.7254318147426222,
  1.2407722370708978,4.8936746747435524,
};

const PROGMEM tinytype Qf_data[12] = {
  72.3579633500516053,82.5344390978423093,84.0494512033861696,66.6275985368644541,36.7632361960918814,53.8119192348040087,21.0123156451610811,85.2896955924694993,25.6714487197792209,87.5288863326835980,
  11.1669501336380801,44.0430720726919702,
};

const PROGMEM tinytype R_data[4] = {
  0.1000000000000000,0.1000000000000000,0.1000000000000000,0.1000000000000000,
};

const PROGMEM tinytype umin[4] = {
  -3.0,	
  -3.0,	
  -3.0,	
  -3.0,	
};

const PROGMEM tinytype umax[4] = {
  3.0,	
  3.0,	
  3.0,	
  3.0,	
};

const PROGMEM tinytype xmin[12] = {
  -10000.0,	
  -10000.0,	
  -10000.0,	
  -10000.0,	
  -10000.0,	
  -10000.0,	
  -10000.0,	
  -10000.0,	
  -10000.0,	
  -10000.0,	
  -10000.0,	
  -10000.0,	
};

const PROGMEM tinytype xmax[12] = {
  10000.0,	
  10000.0,	
  10000.0,	
  10000.0,	
  10000.0,	
  10000.0,	
  10000.0,	
  10000.0,	
  10000.0,	
  10000.0,	
  10000.0,	
  10000.0,	
};

const PROGMEM tinytype rho_value = 85.0;

const PROGMEM tinytype Kinf_data[4*12] = {
  -0.0046731062064135,	0.0058867856293985,	0.0110129944233817,	-0.0122377446354125,	0.0158461909247203,	0.0019502414249527,	-0.0024175587937491,	-0.0052033090316508,	0.0008429913453731,	0.0070292115117414,	0.0179416325900951,	0.0050025940653439,	
  -0.0176195998961273,	-0.0003892579733354,	-0.0110177610024579,	0.0049170051806964,	-0.0133839008479296,	-0.0064143955701613,	0.0284775385049760,	0.0031809721042735,	0.0048706141084504,	0.0085917508623441,	0.0001136290577823,	0.0027226975541824,	
  -0.0055057121571407,	-0.0042135365063957,	0.0083263439004493,	-0.0163411265690305,	0.0049633585148205,	0.0126827859957018,	-0.0145302655153284,	0.0093164971821171,	-0.0150743863948334,	-0.0045593297138576,	0.0199535600386418,	-0.0066402328347293,	
  0.0209724110708191,	0.0091520007807257,	0.0137948670330070,	0.0105007260316814,	0.0152530669283597,	-0.0122645345425415,	-0.0109956186615194,	-0.0069606856529291,	0.0083111249452650,	-0.0015798594230227,	-0.0014750656379079,	-0.0106254731003921,	
};

const PROGMEM tinytype Pinf_data[12*12] = {
  8.5227965158699064,	0.3201494794153605,	0.3697378895958410,	0.0279317689569120,	0.2261004356851696,	-0.1943447570375348,	-0.0765370536829967,	-0.0336330400033850,	0.2872957507136467,	0.1546295588508297,	0.0646230448470797,	0.0783160149717887,	
  0.3201494794153604,	9.6882777233376558,	0.2096689703337145,	-0.0698235847438532,	0.1390084894194829,	-0.1779797776510715,	0.0755920295168515,	0.0689375498796550,	0.4551089841135594,	0.3693681752481348,	0.0475336070587758,	0.1766532446425489,	
  0.3697378895958410,	0.2096689703337145,	9.9593116782603843,	-0.0088907201278409,	0.3889133134300566,	-0.1484766402827255,	-0.1368016588437357,	0.1465457397758237,	0.0926842183408218,	0.1503883307648570,	0.3444234161733379,	0.2105308039595720,	
  0.0279317689569120,	-0.0698235847438532,	-0.0088907201278410,	7.7345425731468307,	0.0011077956403448,	-0.1618660584633614,	0.0296587104800590,	-0.1039020392971363,	0.0609442246583736,	-0.0841597586122355,	-0.1853918780768204,	-0.1421998567173882,	
  0.2261004356851695,	0.1390084894194829,	0.3889133134300566,	0.0011077956403448,	4.4789377252462916,	-0.1131076833143113,	-0.1717822980697278,	-0.0663295176237309,	0.0943970201343501,	0.0583708655152451,	0.2359565815534916,	-0.0290239398947303,	
  -0.1943447570375348,	-0.1779797776510715,	-0.1484766402827254,	-0.1618660584633614,	-0.1131076833143114,	6.3640872216819249,	-0.0724469861054322,	0.0698637914295407,	-0.1578306957313448,	-0.0051730888755616,	-0.0187000858090015,	0.0459874103607485,	
  -0.0765370536829967,	0.0755920295168515,	-0.1368016588437357,	0.0296587104800590,	-0.1717822980697277,	-0.0724469861054322,	2.7087507309163605,	-0.0480779382225915,	0.2138704031060923,	0.1638500740476151,	-0.0769525363537720,	0.1165705135435414,	
  -0.0336330400033851,	0.0689375498796549,	0.1465457397758237,	-0.1039020392971363,	-0.0663295176237309,	0.0698637914295408,	-0.0480779382225914,	10.0767892991546724,	-0.1780439364109537,	0.1742313516684518,	0.2162680174998835,	0.4963066634418940,	
  0.2872957507136465,	0.4551089841135594,	0.0926842183408218,	0.0609442246583736,	0.0943970201343501,	-0.1578306957313448,	0.2138704031060923,	-0.1780439364109537,	3.4830121893766299,	0.3597519844499113,	-0.1367198133344514,	0.0230302201577409,	
  0.1546295588508296,	0.3693681752481348,	0.1503883307648570,	-0.0841597586122354,	0.0583708655152450,	-0.0051730888755615,	0.1638500740476151,	0.1742313516684518,	0.3597519844499114,	10.1504249873036798,	0.0977618823195612,	0.3553971634434173,	
  0.0646230448470797,	0.0475336070587758,	0.3444234161733380,	-0.1853918780768204,	0.2359565815534916,	-0.0187000858090015,	-0.0769525363537719,	0.2162680174998834,	-0.1367198133344514,	0.0977618823195612,	1.7454779264473435,	0.2197645524650660,	
  0.0783160149717887,	0.1766532446425489,	0.2105308039595720,	-0.1421998567173881,	-0.0290239398947303,	0.0459874103607485,	0.1165705135435414,	0.4963066634418941,	0.0230302201577409,	0.3553971634434172,	0.2197645524650660,	5.6690837874690558,	
};

const PROGMEM tinytype Quu_inv_data[4*4] = {
  0.0091812164900620,	0.0000469416526789,	-0.0006520719553619,	0.0004090755074478,	
  0.0000469416526789,	0.0083050282662436,	0.0003724683546603,	0.0012789409752620,	
  -0.0006520719553619,	0.0003724683546603,	0.0087905966117828,	0.0010502156563852,	
  0.0004090755074478,	0.0012789409752620,	0.0010502156563852,	0.0094744485466747,	
};

const PROGMEM tinytype AmBKt_data[12*12] = {
  -0.0941227001047171,	-0.1174999165434050,	-0.0583254890954116,	0.0070533156833904,	-0.0727300227370748,	-0.0141251151255274,	0.0864681351246600,	-0.0562426796191494,	-0.0902749083774556,	-0.0809589873339584,	-0.0145083721705968,	0.0075614412751881,	
  -0.0431237888586364,	0.0705495875808509,	-0.1205062090982702,	-0.0564083607489035,	-0.0431289068937376,	0.0130724364418606,	0.0739213308125155,	-0.1004074441878222,	0.1241116737519955,	0.0489696921635326,	-0.0356600533218186,	-0.0883857858495096,	
  -0.0724172769006238,	-0.0495996985170640,	-0.0879247547167578,	0.1129626570209011,	-0.0283718197462177,	-0.0264226161385100,	0.0212189309578747,	-0.0539623881578356,	-0.0024052911071329,	-0.0500683538340134,	-0.0998953971248130,	-0.1432923657517227,	
  -0.0021009114962459,	-0.0678694841009934,	0.0725521975370333,	0.0212677980937936,	0.1147829158901395,	0.0436252186222851,	-0.0582064720197709,	-0.1308739834060162,	-0.0164532480061741,	-0.0471146304892310,	0.0703973423243644,	-0.1393848857345338,	
  -0.0335642067252543,	-0.0386293277960489,	0.1050749524257433,	0.0648723556397580,	0.0396136842880730,	-0.0268941976740003,	0.0038555241303408,	0.0895515230855766,	0.0070103082254434,	-0.0051021218214635,	0.0562506785590122,	0.0404784386089585,	
  0.0098853156894127,	-0.0247255746433136,	-0.0401773485140528,	0.0176967296504812,	-0.0727281116338591,	0.1300235935201423,	0.0833886461780519,	-0.0324602208362147,	0.0979631468921595,	0.0733329202978521,	-0.1039267371994595,	0.0590888880614203,	
  0.0725995712911970,	-0.0875926475524136,	0.0505273197847380,	-0.0152838667167807,	0.0494996462048896,	-0.0658150499879439,	0.0562630780059245,	-0.1067984260570679,	-0.0442488776616822,	-0.0709896034988405,	0.1206605406929709,	-0.0642539088186786,	
  -0.0881971866852494,	-0.1386612857931818,	-0.1297713136547785,	0.0043392430184463,	-0.0678103947380773,	0.0793023304149077,	-0.0846857095291518,	-0.0527955001497576,	-0.1265274951954747,	-0.1339380115585928,	-0.0853555269381383,	-0.0950520099420050,	
  -0.0928618872659490,	-0.1071577563919315,	-0.0988627107775065,	-0.0348862542102738,	-0.0356258837134815,	0.0551984223897992,	-0.0319165854413071,	0.0919393330968223,	-0.1167057149646810,	-0.0669471499718411,	0.0311105558526426,	0.0183367387292065,	
  -0.1006017257965636,	-0.0399968530667435,	-0.0138088166935133,	-0.0687252005425933,	-0.0204258474624089,	0.1079102827947489,	-0.0052692010487400,	0.1282310555071575,	-0.0967945644012941,	0.0488130239281356,	0.0867803229169713,	0.1068960502710953,	
  0.0567637145676765,	0.0148035439223514,	-0.0308444730228146,	0.1132007082937941,	-0.0846790425937056,	-0.0751761969324906,	0.0461758849835632,	0.0843578267705945,	0.0035500482711329,	0.0750225488908220,	0.1131736312260652,	0.1377381331731606,	
  0.0320258773521733,	-0.0066750085512232,	0.0291055003707205,	-0.0431091900172215,	-0.0611053611810645,	0.0233505305696445,	-0.0175820398155874,	0.0408073749763273,	-0.0526888484887648,	-0.0553341611209692,	0.0140424031893004,	-0.1043438808330839,	
};

const PROGMEM tinytype coeff_d2p_data[12*4] = {
  0.0284976313404604,	0.0601905319770958,	-0.0375127452306697,	-0.0476161561600270,	
  0.0270977380249922,	0.0408335171970542,	0.0231677370223643,	-0.0449650967636716,	
  -0.0505033599762318,	0.0813817102768309,	-0.0386360583160695,	0.0204879665619142,	
  0.0630505440185479,	-0.0295018900144914,	0.0294141117434854,	0.0354907213073780,	
  -0.0084609288458517,	0.0148990114818739,	0.0290849184164485,	-0.0282735878776829,	
  -0.0397805536332343,	0.0003675395590636,	-0.0342742013825371,	-0.0147370989351649,	
  -0.0207719416011054,	0.0141670697220959,	0.0112776412566739,	-0.0020994495004064,	
  -0.0362845180353081,	-0.0673541528039263,	0.0439696474388422,	-0.0409503139995452,	
  -0.0132776342325539,	-0.0137170484072596,	-0.0153892654034735,	0.0163706119393378,	
  0.0324897437993629,	0.0538318071792519,	0.0631110757069748,	-0.0643846815746264,	
  -0.0120404657745068,	0.0046394235736338,	-0.0033904328367575,	0.0030348122248260,	
  -0.0382155707119388,	0.0093727925980036,	0.0523133047971780,	0.0025817218435566,	
};

const PROGMEM tinytype dKinf_drho_data[4*12] = {
  0.0000293930115601,	-0.0000620011637110,	-0.0001008311936790,	0.0000965605109285,	-0.0001463909691660,	-0.0000042254586689,	0.0000155448539728,	0.0000545343884262,	-0.0000222426406925,	-0.0000692373052481,	-0.0001515358728559,	-0.0000484466647690,	
  0.0001203884850858,	-0.0000071242325932,	0.0000695979921115,	-0.0000459335349096,	0.0000881214201934,	0.0000633466703247,	-0.0002159170479687,	-0.0000194340024670,	-0.0000449873023703,	-0.0000673748805867,	-0.0000076646323569,	-0.0000059084141436,	
  0.0000310531302606,	0.0000307437098936,	-0.0000754165639826,	0.0001203853240969,	-0.0000428653011083,	-0.0000944088158502,	0.0001261567722824,	-0.0000800715534084,	0.0001210260249832,	0.0000420617186322,	-0.0001597573540229,	0.0000702938601856,	
  -0.0001677157204689,	-0.0000844578900714,	-0.0001292558777049,	-0.0000848396643587,	-0.0001381648578100,	0.0001105550559614,	0.0000834114684582,	0.0000534457099326,	-0.0000701220892318,	0.0000053233051320,	-0.0000134807062343,	0.0001013282232810,	
};

const PROGMEM tinytype dPinf_drho_data[12*12] = {
  0.0008452761661724,	0.0002084569738750,	0.0004000408817101,	0.0002619447740294,	0.0004578930581488,	-0.0002166692794740,	-0.0006510961154341,	-0.0002278258579474,	0.0001701041598279,	-0.0001815415778205,	-0.0002113406463545,	-0.0002463351985895,	
  0.0002084569738750,	0.0001550872861010,	0.0001576196849152,	0.0001090959165389,	0.0001983366699650,	-0.0001547139316727,	-0.0000576468173799,	-0.0001144665377173,	0.0001627739544908,	0.0000661943518908,	-0.0000064400238443,	-0.0000118737730134,	
  0.0004000408817101,	0.0001576196849152,	0.0005159948112251,	-0.0002013464485682,	0.0005912998595091,	0.0000312639221321,	-0.0006218883430165,	-0.0001220736168207,	-0.0000643969910414,	-0.0000853937133834,	0.0003604695303944,	-0.0001886900952682,	
  0.0002619447740294,	0.0001090959165389,	-0.0002013464485682,	0.0006083071334304,	-0.0002189354888311,	-0.0004079451928892,	0.0003155552902194,	-0.0001095581337484,	0.0003797615726903,	0.0000460737860318,	-0.0005972306022054,	-0.0000079901970768,	
  0.0004578930581488,	0.0001983366699650,	0.0005912998595091,	-0.0002189354888311,	0.0007249990759431,	-0.0000017443883324,	-0.0006763446335930,	-0.0002185341647660,	-0.0000260592259686,	-0.0000803626367830,	0.0003887040782372,	-0.0001912712946278,	
  -0.0002166692794740,	-0.0001547139316727,	0.0000312639221321,	-0.0004079451928892,	-0.0000017443883324,	0.0003664828763232,	-0.0002449636425610,	0.0001622162666197,	-0.0003294810620746,	-0.0000873227855020,	0.0003059116221831,	0.0000275081822475,	
  -0.0006510961154341,	-0.0000576468173799,	-0.0006218883430165,	0.0003155552902194,	-0.0006763446335930,	-0.0002449636425610,	0.0011613317661370,	0.0000629849482873,	0.0002772898452931,	0.0003251448889915,	-0.0003262597926134,	0.0002976626117545,	
  -0.0002278258579474,	-0.0001144665377173,	-0.0001220736168207,	-0.0001095581337484,	-0.0002185341647660,	0.0001622162666197,	0.0000629849482873,	0.0002136720016843,	-0.0001622554914890,	-0.0000078369096150,	0.0000896547569394,	0.0000366460296170,	
  0.0001701041598279,	0.0001627739544908,	-0.0000643969910414,	0.0003797615726903,	-0.0000260592259686,	-0.0003294810620746,	0.0002772898452931,	-0.0001622554914890,	0.0003477476649450,	0.0001306083614588,	-0.0003249750038215,	0.0000639735473072,	
  -0.0001815415778205,	0.0000661943518908,	-0.0000853937133834,	0.0000460737860318,	-0.0000803626367830,	-0.0000873227855020,	0.0003251448889915,	-0.0000078369096150,	0.0001306083614588,	0.0001793073469182,	0.0000193463914266,	0.0001471109005987,	
  -0.0002113406463545,	-0.0000064400238443,	0.0003604695303944,	-0.0005972306022054,	0.0003887040782372,	0.0003059116221831,	-0.0003262597926134,	0.0000896547569394,	-0.0003249750038215,	0.0000193463914266,	0.0007747954674769,	-0.0000519088845899,	
  -0.0002463351985895,	-0.0000118737730134,	-0.0001886900952682,	-0.0000079901970768,	-0.0001912712946278,	0.0000275081822475,	0.0002976626117545,	0.0000366460296170,	0.0000639735473072,	0.0001471109005987,	-0.0000519088845899,	0.0002427089589734,	
};

const PROGMEM tinytype dC1_drho_data[4*4] = {
  -0.0000851060562330,	-0.0000011070683709,	0.0000113053468876,	-0.0000070048438519,	
  -0.0000011070683709,	-0.0000708552346660,	-0.0000076267816988,	-0.0000231036429767,	
  0.0000113053468876,	-0.0000076267816988,	-0.0000790844661301,	-0.0000194494522278,	
  -0.0000070048438519,	-0.0000231036429767,	-0.0000194494522278,	-0.0000927058072582,	
};

const PROGMEM tinytype dC2_drho_data[12*12] = {
  -0.0002226429047121,	-0.0000142918805917,	-0.0001493271417738,	0.0000033343763328,	-0.0001411448584778,	-0.0000242563624037,	0.0003078479406355,	-0.0000016687659933,	0.0000565107884693,	0.0001104426465801,	-0.0000181376833925,	0.0001239554384910,	
  -0.0001874651339371,	-0.0000335511403789,	-0.0000512158410450,	-0.0001037182187916,	-0.0000601226338290,	0.0000656876169939,	0.0001181630231071,	0.0000487530479559,	-0.0000501629378508,	0.0000518610247493,	0.0001078925108784,	0.0000588813398213,	
  -0.0000392988861142,	0.0000065413701846,	-0.0001422855557332,	0.0001927302009569,	-0.0001661110402283,	-0.0001435638741896,	0.0002692586681166,	-0.0000081863766009,	0.0001167365943245,	0.0000453481414764,	-0.0001764533557614,	-0.0000051973621246,	
  0.0001019978979618,	0.0000739412279670,	0.0002216709014944,	-0.0001290563259196,	0.0002600699665935,	0.0000336878699035,	-0.0002312069336077,	-0.0000441368477295,	-0.0000316864892701,	0.0000007566088966,	0.0002113749722885,	-0.0000409238264559,	
  -0.0002107443502872,	-0.0001031862094203,	-0.0000767549822399,	-0.0001530072827088,	-0.0001261308493835,	0.0001546709397592,	0.0000372741813761,	0.0001315130528347,	-0.0001550861449551,	-0.0000165604489082,	0.0001206593622878,	0.0000172158635898,	
  0.0000005638561608,	-0.0000363621442867,	-0.0001511762346556,	0.0001409036900801,	-0.0001654364964914,	-0.0000557026960032,	0.0001341034326927,	-0.0000038374369510,	0.0000590414631621,	-0.0000124215710903,	-0.0002159581557424,	0.0000295611451127,	
  -0.0001164541007946,	-0.0000787099406689,	-0.0001417940230567,	0.0000523434341589,	-0.0002077919958221,	0.0000099271734950,	0.0001489971014355,	0.0001019982705940,	-0.0000454864664333,	-0.0000221974630803,	-0.0000691699029981,	-0.0000367431294210,	
  0.0000316291977428,	-0.0000697233704006,	0.0000195723366518,	-0.0001004923895187,	0.0000016131314454,	0.0001378376144145,	-0.0002063668444604,	0.0000598379881981,	-0.0001297474844014,	-0.0000949190221908,	0.0000255241848498,	-0.0000187363834380,	
  0.0002980750937830,	0.0000540090119967,	0.0000569933123279,	0.0001874733049666,	0.0000772130303530,	-0.0001178275850248,	-0.0001590976451116,	-0.0000912925561826,	0.0001010380998065,	-0.0000754648948430,	-0.0002102038092672,	-0.0000736112236402,	
  -0.0002708741823144,	-0.0000615057360463,	-0.0000503732383038,	-0.0001862020328423,	-0.0000742263164166,	0.0001286751253322,	0.0001170405360742,	0.0000966354384284,	-0.0001144677239160,	0.0000538805179349,	0.0001981472412135,	0.0000605457568785,	
  0.0001237529271950,	0.0000233725162672,	-0.0000324950856977,	0.0001653848381459,	-0.0000366903049333,	-0.0001093499608336,	0.0000296134007254,	-0.0000393600416890,	0.0000877999376110,	-0.0000225077485974,	-0.0001700772904189,	-0.0000427473667384,	
  -0.0000187591847909,	-0.0000623014659792,	0.0000105330061153,	-0.0000506302937655,	-0.0000493812335514,	0.0000774547858058,	-0.0000926640522082,	0.0001093579009068,	-0.0001222322319913,	-0.0000745687173169,	0.0000654174644145,	-0.0000996077429547,	
};

