#pragma once

typedef float tinytype;

const PROGMEM tinytype Adyn_data[12*12] = {
  -0.0371534724439689,	-0.0257078257749666,	-0.0181312789721972,	0.0301666971902678,	0.1312082595744307,	0.0072775711245016,	-0.1223999535654661,	-0.1352733199255251,	-0.1211440139740102,	0.0697928494806442,	-0.0739921355153948,	0.1180312005709926,	
  -0.1131377145890481,	-0.0576246663540161,	0.0756358797147543,	-0.0398652564893556,	-0.0003305686548633,	-0.0491831209037934,	-0.0240535994031297,	-0.0172028348833046,	-0.0976596043665119,	0.0023028252738738,	0.0684570733471351,	0.1071956413065384,	
  0.0254865936950293,	-0.1147261879608443,	-0.0540307491994894,	-0.0116066150394937,	0.1407354247330291,	-0.1176464858766209,	0.0761855486675959,	-0.0911531051131165,	0.0170366236168772,	-0.0959845698709505,	0.0248278343505452,	-0.1439043712502486,	
  0.1293345425885924,	0.1004532265971299,	0.1154643391287351,	-0.0321261078067315,	0.1414874118995847,	0.1046303367806382,	0.1394585917804558,	-0.0925201473998804,	0.0771386685114128,	0.0527695605600058,	-0.1033444829115675,	0.0872011046067670,	
  0.1072312037163960,	0.0004605855244273,	0.0319329011301909,	-0.0693218647336803,	0.0872436528517349,	0.0774941971172839,	0.0530372774216503,	0.1352143914765830,	0.0412424098494142,	0.1407646636498828,	-0.0513805719968184,	0.0934066297249714,	
  0.0550032232130292,	-0.0610356823713967,	0.1163380223491399,	0.0565587883358852,	0.1187479896207729,	0.0035070846559871,	0.0221121791648121,	-0.0325013684236664,	-0.0885764277579756,	-0.1354782043350485,	-0.1362005051882356,	-0.1315040363954283,	
  -0.0527100200873576,	0.0602043634581311,	0.0180426713271310,	-0.1346157831746271,	0.0664680001967180,	0.0078114800633490,	0.0272096157717789,	0.0855903999985169,	-0.1359580466434477,	0.0548380275177094,	-0.0061364834870607,	-0.1209745786134841,	
  -0.0406916228332116,	0.1223403236158962,	-0.0534407208498567,	-0.0694923217500514,	0.0485496785350287,	-0.1108753449608212,	-0.0286384637100048,	0.0213304091768045,	0.0097367051289066,	-0.0732290489209920,	0.1198440961995572,	0.0048251675136756,	
  -0.0818983022060134,	0.1203848131503536,	0.0738681117937472,	0.0629348208557615,	-0.1237247625248675,	-0.0502708389598171,	0.0598861684024585,	0.0016663910571665,	-0.0311116748862949,	0.0091746461089597,	0.0185153234718275,	0.0949606295827488,	
  -0.0752075860315923,	0.1185771949940928,	0.1110832900739418,	-0.0059372616793766,	-0.1242056533203995,	-0.0973703891223003,	-0.0926830079983627,	-0.1189234546456865,	0.1199675874717893,	0.0478778896337425,	0.0252781584231279,	-0.0201216501351933,	
  0.0643899823862016,	-0.0750292903647684,	-0.1293854927296214,	0.1129922669079451,	-0.1174525540417768,	0.1281392779265909,	-0.0853359137845628,	0.0037642437908624,	-0.0189028533048467,	-0.0768152194539044,	-0.1078817488470119,	0.0929210805701771,	
  -0.0676796370610345,	-0.1080044417620183,	0.1358159547448897,	0.0047671976373493,	-0.1418136675547495,	-0.0041584369622458,	-0.0039868656082405,	-0.0204506822151097,	-0.1032068163015733,	-0.1334444850617362,	0.0984391164208238,	0.1083586504456892,	
};

const PROGMEM tinytype Bdyn_data[12*4] = {
  0.6318860937642761,	0.1727909216394636,	0.8033055434447189,	0.6687728212932897,	
  0.0365256491366497,	0.7962286244751438,	-0.1103368620164440,	-0.4346761645831589,	
  0.8118838403811273,	-0.5461748907052826,	-0.5041995512344768,	0.5016280029130615,	
  0.7570245333044374,	-0.4101305720676418,	0.4295542714642158,	0.7723546563009724,	
  -0.1750937877970822,	-0.7974255045404548,	0.5602544005176513,	0.8855739744675877,	
  -0.2888979708443717,	0.9224874447289735,	0.8245835381762276,	0.0430712348146465,	
  0.3492052681554341,	0.3402794616996518,	-0.8430616438549419,	0.3684156588996523,	
  0.1467560118573077,	0.9391163521271761,	0.4745518929497068,	0.2349239695342060,	
  -0.7495067023244375,	-0.8425484866436119,	0.2626067797592258,	0.8433995835574462,	
  -0.6521734559228802,	-0.9034134221339867,	0.0717758865662619,	0.6445360837399028,	
  0.0047049778138148,	-0.2024729434380372,	-0.5383640995400363,	-0.7051678715003680,	
  0.5673106985598140,	0.4438559692251891,	-0.5475535839664232,	0.9336202478478575,	
};

const PROGMEM tinytype Q_data[12] = {
  5.6988732250322105,5.6694184755364745,1.9663885717241070,8.9031893149051555,7.8241659109653163,5.4130904147480949,0.6621495192876954,4.3387484172615114,0.5584897462085334,7.9055823340001794,
  8.5089014374806631,8.0249443473986339,
};

const PROGMEM tinytype Qf_data[12] = {
  51.2898590252898927,51.0247662798282704,17.6974971455169623,80.1287038341463926,70.4174931986878505,48.7178137327328571,5.9593456735892580,39.0487357553536043,5.0264077158768004,71.1502410060016075,
  76.5801129373259641,72.2244991265877019,
};

const PROGMEM tinytype R_data[4] = {
  0.1000000000000000,0.1000000000000000,0.1000000000000000,0.1000000000000000,
};

const PROGMEM tinytype umin[4] = {
  -3.0,	
  -3.0,	
  -3.0,	
  -3.0,	
};

const PROGMEM tinytype umax[4] = {
  3.0,	
  3.0,	
  3.0,	
  3.0,	
};

const PROGMEM tinytype xmin[12] = {
  -10000.0,	
  -10000.0,	
  -10000.0,	
  -10000.0,	
  -10000.0,	
  -10000.0,	
  -10000.0,	
  -10000.0,	
  -10000.0,	
  -10000.0,	
  -10000.0,	
  -10000.0,	
};

const PROGMEM tinytype xmax[12] = {
  10000.0,	
  10000.0,	
  10000.0,	
  10000.0,	
  10000.0,	
  10000.0,	
  10000.0,	
  10000.0,	
  10000.0,	
  10000.0,	
  10000.0,	
  10000.0,	
};

const PROGMEM tinytype rho_value = 85.0;

const PROGMEM tinytype Kinf_data[4*12] = {
  0.0077041224983333,	-0.0073396468975194,	0.0012109347736105,	-0.0009185756973938,	0.0150754087330483,	0.0096064678428975,	0.0097566051937922,	-0.0079611675691511,	-0.0085148237007039,	-0.0049590872150629,	-0.0036999487758900,	0.0116846578221382,	
  -0.0124427710383901,	-0.0119105848658141,	0.0028223195520318,	0.0012642723323296,	0.0037604360231070,	-0.0084383438665720,	-0.0035512476449360,	0.0000228326071990,	-0.0244662048128607,	-0.0229433799643490,	0.0095006474860524,	-0.0040447053696843,	
  0.0093763095613653,	0.0133655481741753,	0.0087001203445744,	-0.0055567216870883,	0.0308278340683669,	0.0011772990416241,	0.0041614024560497,	-0.0032676234809296,	0.0016129841661846,	0.0147673923806184,	-0.0139406909231967,	-0.0009369633299145,	
  0.0002929267092082,	0.0077712410181692,	0.0287031734914097,	-0.0112472169603533,	0.0097583800870338,	-0.0039642993000804,	0.0070757960444934,	-0.0082117983965909,	0.0006281122782013,	0.0078736598669433,	0.0028227536081723,	0.0108142420261834,	
};

const PROGMEM tinytype Pinf_data[12*12] = {
  6.1715267524787398,	0.0129064170383633,	-0.0942410999266126,	0.0284705366167800,	0.3224106389731267,	0.3708887181565937,	0.2673801792312155,	0.1316282730271296,	0.1519640522415333,	0.0877578046653563,	-0.3688670146511240,	0.0088820733642304,	
  0.0129064170383633,	6.1489552510800900,	0.0704203295055675,	-0.1435035377180957,	0.1038640578272377,	-0.1059295995205235,	0.0611712019956818,	-0.0924689976557655,	0.3095238503304835,	0.2395265490684977,	0.0327037021472931,	-0.0584052598013475,	
  -0.0942410999266126,	0.0704203295055675,	2.5734514677511902,	-0.1042816763389148,	0.0039321596351380,	-0.0956873976613470,	0.1469094102706141,	-0.1889601120270161,	-0.0159697575177802,	-0.0259460284603543,	0.0540455979804765,	0.0525959947068539,	
  0.0284705366167800,	-0.1435035377180957,	-0.1042816763389148,	9.1280779878044651,	-0.1668208167639592,	0.1083404955950568,	-0.1333455034491554,	-0.1058801726407975,	-0.0734511655397815,	-0.1821746468974124,	-0.1521944986091695,	0.0152403480436706,	
  0.3224106389731267,	0.1038640578272378,	0.0039321596351380,	-0.1668208167639592,	8.6658324551440344,	0.1083874468618460,	0.3136120031414176,	0.0166367734507250,	-0.0081243068787288,	0.2616765900078481,	-0.2988310787588528,	-0.1344605596974675,	
  0.3708887181565937,	-0.1059295995205235,	-0.0956873976613469,	0.1083404955950568,	0.1083874468618461,	5.8804720055253146,	0.1363093999777047,	0.1185585364022096,	-0.0020409579722804,	0.0646593693468988,	-0.3575945686600198,	0.2426399961074892,	
  0.2673801792312154,	0.0611712019956818,	0.1469094102706140,	-0.1333455034491554,	0.3136120031414175,	0.1363093999777046,	1.0940569459966420,	0.1194933171667664,	0.1256034530863097,	0.0615936131995122,	-0.0777570219108889,	-0.0803976176674454,	
  0.1316282730271297,	-0.0924689976557655,	-0.1889601120270161,	-0.1058801726407975,	0.0166367734507250,	0.1185585364022096,	0.1194933171667664,	4.8167745369968511,	-0.0056377781321820,	0.0971754874782040,	0.0578366415849582,	-0.0045421577669559,	
  0.1519640522415333,	0.3095238503304835,	-0.0159697575177802,	-0.0734511655397816,	-0.0081243068787289,	-0.0020409579722805,	0.1256034530863097,	-0.0056377781321820,	0.9820989001041636,	0.1824227890485556,	-0.0138212273379402,	-0.1077107821239774,	
  0.0877578046653563,	0.2395265490684977,	-0.0259460284603542,	-0.1821746468974123,	0.2616765900078480,	0.0646593693468988,	0.0615936131995122,	0.0971754874782040,	0.1824227890485556,	8.4350953263265325,	-0.0744944873465699,	0.1216301256023333,	
  -0.3688670146511241,	0.0327037021472930,	0.0540455979804766,	-0.1521944986091695,	-0.2988310787588527,	-0.3575945686600198,	-0.0777570219108890,	0.0578366415849582,	-0.0138212273379402,	-0.0744944873465699,	9.0178440279448058,	-0.0235763512789129,	
  0.0088820733642304,	-0.0584052598013475,	0.0525959947068539,	0.0152403480436706,	-0.1344605596974674,	0.2426399961074893,	-0.0803976176674454,	-0.0045421577669558,	-0.1077107821239774,	0.1216301256023334,	-0.0235763512789128,	8.6286601035261761,	
};

const PROGMEM tinytype Quu_inv_data[4*4] = {
  0.0098574301212132,	-0.0004945712938453,	0.0001180897567972,	-0.0007012570181747,	
  -0.0004945712938453,	0.0087522223729474,	-0.0001459833814057,	0.0007180525311801,	
  0.0001180897567972,	-0.0001459833814057,	0.0094825389677031,	-0.0009682952592341,	
  -0.0007012570181747,	0.0007180525311801,	-0.0009682952592341,	0.0085328151386041,	
};

const PROGMEM tinytype AmBKt_data[12*12] = {
  -0.0475995453092977,	-0.0349457777512186,	-0.0455688802300075,	0.0425142559709050,	0.0897422398504352,	0.0043709316791337,	-0.1360263711012541,	-0.1221299864779920,	-0.1132518607506132,	0.0597624176144774,	-0.0639849615678562,	0.1048671128383029,	
  -0.1023499413630131,	-0.0430203464977515,	0.0867809672639391,	-0.0463403631004730,	0.0037678071557003,	-0.0444084393810476,	-0.0180475247391239,	-0.0208602403978762,	-0.0774169052518932,	0.0258040150309916,	0.0607163405196611,	0.1145866734407243,	
  0.0170164028552881,	-0.1124318783586452,	-0.0634841263234156,	-0.0073301020704939,	0.1411981031175275,	-0.1274724362311642,	0.0648734760914641,	-0.0822053574790963,	0.0110850318285550,	-0.1009934008058986,	0.0245759157116949,	-0.1614972157507268,	
  0.1141452949152228,	0.0893812418853695,	0.0897989477763435,	-0.0198384528074168,	0.1108380693142235,	0.0964533133391314,	0.1233635548365399,	-0.0787379415340511,	0.0723722706922478,	0.0346892753588146,	-0.0928389084874221,	0.0687467210623088,	
  0.0931454377706405,	-0.0246924611728642,	0.0041024537425296,	-0.0554011182265084,	0.0669687337291414,	0.0752983726623169,	0.0433161580720901,	0.1429415031729499,	0.0187816200344592,	0.1063545171140599,	-0.0391417751233722,	0.0831753160387510,	
  0.0609630614022644,	-0.0635244544185329,	0.1056740474546362,	0.0601935510796594,	0.0937938596248345,	0.0132666058507957,	0.0244706367392875,	-0.0317742755450950,	-0.0698236700493740,	-0.1282619715237890,	-0.1346599561419083,	-0.1240903507593701,	
  -0.0433694326537798,	0.0752252683623786,	0.0134194683319678,	-0.1352662256833096,	0.0823186133384492,	0.0097812915968521,	0.0259124592091426,	0.0886332592807453,	-0.1235308396623744,	0.0739259703903143,	-0.0208701255316167,	-0.1284526464623646,	
  -0.0346554003345387,	0.1264345889593408,	-0.0671406412833314,	-0.0652656204152044,	0.0258839003128674,	-0.1039879457202845,	-0.0303723449509303,	0.0259571210888623,	0.0330499163920711,	-0.0598123752001277,	0.1174173213000163,	0.0048129357415292,	
  -0.0893169853905275,	0.0947843083500506,	0.0506607014333966,	0.0742566838430889,	-0.1255831048920237,	-0.0471461191118095,	0.0571461751226732,	0.0035026076121365,	-0.0590608863696185,	-0.0243917918749610,	0.0250271539608903,	0.0914358242481110,	
  -0.0822859229670853,	0.0970621205571464,	0.0952980610709761,	0.0022539040258784,	-0.1194789667372833,	-0.0962579866364485,	-0.0943875480813110,	-0.1185675525773262,	0.0917907332592237,	0.0177815466018287,	0.0306294013954660,	-0.0230581854120904,	
  0.0670888411421547,	-0.0647307678694566,	-0.1038953585924027,	0.1023298542149566,	-0.0932842017109399,	0.1242238624271190,	-0.0788708762371444,	-0.0037435436766274,	-0.0225052383849814,	-0.0679348148615435,	-0.1114553689712288,	0.0991685897249044,	
  -0.0616669203804106,	-0.0984910315247724,	0.1118421932388731,	0.0121851872477416,	-0.1442659303953089,	-0.0015170952446140,	-0.0122731652785454,	-0.0100668587628351,	-0.0872200177491142,	-0.1197126553307611,	0.0860525626460810,	0.0929156527261594,	
};

const PROGMEM tinytype coeff_d2p_data[12*4] = {
  0.0322772299700301,	0.0122358790116905,	0.0483243699446208,	0.0354766432372384,	
  -0.0026934369266193,	0.0349902138341323,	-0.0057612308914740,	-0.0158464116723918,	
  0.0200871571581320,	-0.0130291266414294,	-0.0174887530352160,	0.0086478369946060,	
  0.0659841016988171,	-0.0292961510888357,	0.0337235946313173,	0.0467282276949109,	
  -0.0174669126385027,	-0.0528951614697632,	0.0414432084492586,	0.0603691767797550,	
  -0.0160777920462103,	0.0498668078031968,	0.0482293257910560,	0.0106888138733352,	
  0.0022577500721157,	0.0027626142792043,	-0.0045119767982390,	0.0085409125886935,	
  0.0020612975033935,	0.0410109060425460,	0.0213426590301828,	0.0105377129499717,	
  -0.0083911075874907,	-0.0050430263939003,	0.0019534888596113,	0.0065991413234714,	
  -0.0564316998639773,	-0.0582878082358483,	0.0023470562160657,	0.0476810260389191,	
  0.0044387378096493,	-0.0202116874913062,	-0.0461036247190332,	-0.0562952916959149,	
  0.0399570706927338,	0.0393036454904123,	-0.0508720406815666,	0.0720586264082978,	
};

const PROGMEM tinytype dKinf_drho_data[4*12] = {
  -0.0000808128494347,	0.0000677833677000,	0.0000066868055653,	0.0000020420500900,	-0.0001420239281627,	-0.0001003446818986,	-0.0000926518531839,	0.0000744755082568,	0.0000722641529711,	0.0000406423564435,	0.0000441664619245,	-0.0001109856374686,	
  0.0001151769235564,	0.0000978814062805,	-0.0000441947949362,	-0.0000034567958644,	-0.0000282319083579,	0.0000834752971247,	0.0000316367850861,	0.0000015400287812,	0.0002101600640251,	0.0001942975161676,	-0.0000900580631126,	0.0000335366875471,	
  -0.0000920215488298,	-0.0001174447803484,	-0.0000527391183008,	0.0000420688657467,	-0.0002841642008011,	-0.0000171974274916,	-0.0000348222217692,	0.0000237815773522,	-0.0000174083666920,	-0.0001335726266061,	0.0001362318318436,	0.0000190107750282,	
  0.0000176888233244,	-0.0000507184792271,	-0.0002338428793804,	0.0000876525980366,	-0.0000447547198060,	0.0000445744253226,	-0.0000478365999509,	0.0000603838716845,	0.0000050984916814,	-0.0000383049791502,	-0.0000461679393736,	-0.0000818087467251,	
};

const PROGMEM tinytype dPinf_drho_data[12*12] = {
  0.0003651340859075,	0.0001971317772854,	0.0000169055798865,	-0.0000818166832583,	0.0003922157177203,	0.0002433525031473,	0.0001776517298634,	-0.0000572043015871,	0.0002749442142256,	0.0003861766036543,	-0.0003017390967445,	0.0001182257474463,	
  0.0001971317772854,	0.0004958950971995,	0.0003147626137621,	-0.0001523092725102,	0.0002987649328761,	0.0000107865145660,	0.0000697805356655,	-0.0000702084088227,	0.0003909070667204,	0.0005744131910299,	-0.0002480690507779,	0.0000650474561198,	
  0.0000169055798865,	0.0003147626137621,	0.0009635514778778,	-0.0003727827692119,	0.0005663162321464,	-0.0001514124933594,	0.0002274234492759,	-0.0002974510085833,	-0.0000750769399754,	0.0002986059172889,	-0.0000083163866227,	0.0003230030906789,	
  -0.0000818166832583,	-0.0001523092725102,	-0.0003727827692119,	0.0001762782064962,	-0.0003126123742363,	0.0000231690811956,	-0.0001184050139681,	0.0001059137831663,	-0.0000340865337949,	-0.0002103679611335,	0.0000605122718920,	-0.0001268435861845,	
  0.0003922157177203,	0.0002987649328761,	0.0005663162321464,	-0.0003126123742363,	0.0013323045234298,	0.0001290110035002,	0.0003406380966814,	-0.0002701065578127,	-0.0001685516908277,	0.0003893252848928,	-0.0004358827195366,	0.0002224124444580,	
  0.0002433525031473,	0.0000107865145660,	-0.0001514124933594,	0.0000231690811956,	0.0001290110035002,	0.0002367166550776,	0.0001137534184197,	-0.0000192608009153,	0.0001409477733626,	0.0001290211117556,	-0.0001716077861238,	0.0000964493242282,	
  0.0001776517298634,	0.0000697805356655,	0.0002274234492759,	-0.0001184050139681,	0.0003406380966814,	0.0001137534184197,	0.0001815244810810,	-0.0001392253925760,	0.0000206202296264,	0.0001484770734765,	-0.0001129211339473,	0.0001944466064003,	
  -0.0000572043015871,	-0.0000702084088227,	-0.0002974510085833,	0.0001059137831663,	-0.0002701065578127,	-0.0000192608009153,	-0.0001392253925760,	0.0001706065316861,	0.0000651348265985,	-0.0000640096004951,	0.0000374863305460,	-0.0001898278341225,	
  0.0002749442142256,	0.0003909070667204,	-0.0000750769399754,	-0.0000340865337949,	-0.0001685516908277,	0.0001409477733626,	0.0000206202296264,	0.0000651348265985,	0.0007008759534344,	0.0006297628788057,	-0.0002220783725197,	0.0000059607639174,	
  0.0003861766036543,	0.0005744131910299,	0.0002986059172889,	-0.0002103679611335,	0.0003893252848928,	0.0001290211117556,	0.0001484770734765,	-0.0000640096004951,	0.0006297628788057,	0.0008590007569702,	-0.0003851472640016,	0.0001152801723870,	
  -0.0003017390967445,	-0.0002480690507779,	-0.0000083163866227,	0.0000605122718920,	-0.0004358827195366,	-0.0001716077861238,	-0.0001129211339473,	0.0000374863305460,	-0.0002220783725197,	-0.0003851472640016,	0.0003245120208681,	-0.0000356285426527,	
  0.0001182257474463,	0.0000650474561198,	0.0003230030906789,	-0.0001268435861845,	0.0002224124444580,	0.0000964493242282,	0.0001944466064003,	-0.0001898278341225,	0.0000059607639174,	0.0001152801723870,	-0.0000356285426527,	0.0002908109375823,	
};

const PROGMEM tinytype dC1_drho_data[4*4] = {
  -0.0000980616619442,	0.0000097128262985,	-0.0000029117581300,	0.0000134419417163,	
  0.0000097128262985,	-0.0000774877576068,	0.0000033740209332,	-0.0000127723490272,	
  -0.0000029117581300,	0.0000033740209332,	-0.0000911013799531,	0.0000175664795993,	
  0.0000134419417163,	-0.0000127723490272,	0.0000175664795993,	-0.0000751419617328,	
};

const PROGMEM tinytype dC2_drho_data[12*12] = {
  0.0000932546049937,	0.0000685187977063,	0.0002021645481702,	-0.0000931068684547,	0.0003528225806355,	0.0000329872602071,	0.0001130435700281,	-0.0001068131061319,	-0.0000714019596949,	0.0000736627736357,	-0.0000909068800200,	0.0001037754511625,	
  -0.0000912198806875,	-0.0001154164115381,	-0.0000725200738759,	0.0000454200543765,	-0.0000231410264389,	-0.0000453223363099,	-0.0000464415492625,	0.0000249249330834,	-0.0001696795455393,	-0.0001875779783811,	0.0000650568890419,	-0.0000561117711364,	
  0.0000732469574444,	-0.0000353456506059,	0.0000611441001230,	-0.0000263038170455,	-0.0000209378690426,	0.0000960296218061,	0.0000989405895286,	-0.0000779239169393,	0.0000447792150896,	0.0000249911440264,	0.0000068016702050,	0.0001590471247092,	
  0.0001342810914830,	0.0000784520455051,	0.0001800762378796,	-0.0000887333728893,	0.0002525672916949,	0.0000831591208345,	0.0001350197934986,	-0.0001126014165905,	0.0000350273250883,	0.0001358818118537,	-0.0000932316025005,	0.0001527924780992,	
  0.0001135859045675,	0.0002006354966247,	0.0002025612526659,	-0.0001035911136762,	0.0001514575077569,	0.0000191565839246,	0.0000708773663144,	-0.0000525298615376,	0.0001854780218581,	0.0002708105634684,	-0.0000995206810204,	0.0000691069409492,	
  -0.0000544783592636,	0.0000283156490676,	0.0000962606583465,	-0.0000346858048854,	0.0002212579195087,	-0.0000937334484593,	-0.0000251772571505,	-0.0000021155391150,	-0.0001588579990201,	-0.0000557038930978,	-0.0000145089820088,	-0.0000751530670537,	
  -0.0000950687465175,	-0.0001373050489735,	0.0000543925640161,	0.0000036372394383,	-0.0001638773561686,	-0.0000242844453869,	0.0000098556400002,	-0.0000287283081741,	-0.0001133028667860,	-0.0001788057832192,	0.0001470825719616,	0.0000735118018826,	
  -0.0000567912892121,	-0.0000342210166209,	0.0001204854715801,	-0.0000376089057501,	0.0001927205279070,	-0.0000659773603684,	0.0000116495094681,	-0.0000378472061658,	-0.0002009065361180,	-0.0001160465841977,	0.0000242901878015,	-0.0000050098058961,	
  0.0000457191067347,	0.0002068916589551,	0.0001788481851089,	-0.0000863557219389,	-0.0000178650799686,	-0.0000379549170617,	0.0000067022604527,	-0.0000000554941619,	0.0002315040002439,	0.0002615502775588,	-0.0000396126073749,	0.0000090769107038,	
  0.0000465522267011,	0.0001737534825845,	0.0001189403568199,	-0.0000613059373210,	-0.0000688871517211,	-0.0000175248990657,	0.0000014878276228,	0.0000093357042979,	0.0002349535241110,	0.0002363130849966,	-0.0000325767265490,	0.0000092797809162,	
  -0.0000133670749887,	-0.0000794936782640,	-0.0002022710449399,	0.0000837486475814,	-0.0001895913727440,	0.0000395475836774,	-0.0000456383495230,	0.0000553453222919,	0.0000364349783881,	-0.0000597733788455,	0.0000223440565973,	-0.0000401417242159,	
  -0.0000721773434523,	-0.0000988549873858,	0.0002052655809685,	-0.0000584234394747,	-0.0000207086190405,	-0.0000311564964024,	0.0000641143976160,	-0.0000862882209186,	-0.0001485690946537,	-0.0001466728222717,	0.0001326142532989,	0.0001348656009609,	
};

