#pragma once

typedef float tinytype;

const PROGMEM tinytype Adyn_data[12*12] = {
  0.0853733293227631,	-0.0008605567650495,	0.0314195080393857,	0.0655870586559347,	-0.0057101407973118,	0.1124904088314922,	-0.0523700515758653,	0.0727337465874491,	0.0921958290727973,	0.0683020371444312,	-0.0242348568814294,	0.1193084760040916,	
  0.0561934091395442,	-0.1337304851312845,	0.0492710680693272,	-0.1049066881478821,	0.1323938050207920,	-0.0685633826801803,	0.0424433382330764,	-0.1093491452284146,	0.1086029265953874,	0.1060787676040660,	0.1300880195738016,	-0.1108943569958627,	
  -0.0152874472186449,	0.0966427954684845,	-0.1143084684834204,	0.1285569973315426,	-0.0586264079856113,	0.0938416909046364,	-0.0938492820701721,	0.0613721619190502,	-0.1099856121876707,	0.0230332830759668,	-0.0857657657503555,	-0.0068088272632674,	
  -0.0734402911432081,	0.0940393342705518,	0.1097689213716463,	-0.0364124833962649,	-0.0296013182077387,	-0.1282716862550104,	-0.1254268894823825,	-0.0712094061074470,	0.1184655087183792,	0.1078533758924898,	0.0895957286408732,	0.0522666890425774,	
  -0.1026322137494571,	-0.0410636698056144,	0.0862142177985662,	0.1077613478516117,	-0.1018396431060068,	0.1102978023342058,	-0.0713164691365905,	0.0236411073868626,	0.0382510693177306,	0.0376891065516753,	-0.1180901690489122,	-0.0991237018190508,	
  0.0737914860526488,	-0.0953140175840889,	-0.0027776195548274,	0.1257504484081291,	-0.0381395223926538,	-0.0181694073148988,	0.0437172966223530,	-0.0781551205849795,	-0.1098930961017506,	0.0401149377345009,	-0.0181742899707337,	0.1159605864756164,	
  0.1230470592893958,	0.0998817622516571,	0.1175957427833096,	0.1003527056396396,	-0.0925694822834232,	-0.0372525779478590,	0.0210313713211212,	0.0822460612385870,	0.0375280575603410,	-0.0045965698358868,	0.1298123841333632,	-0.0060931757647791,	
  0.0097674037043913,	-0.1231697113055621,	-0.1076001909023907,	0.0851594808955890,	-0.0565582586811295,	0.0574341045240581,	-0.1031709685850840,	-0.0134336214922792,	-0.0091071687871690,	-0.0593147667379399,	0.0619623302085139,	-0.0493742607585552,	
  -0.0655369709023225,	0.0773899809598375,	0.0893058750953066,	-0.0657882699622161,	-0.0774700917235985,	-0.0222005798896156,	-0.0726514321118787,	-0.1285722983512431,	-0.0112971460684639,	-0.1167045871628566,	0.0092335215427660,	0.1260735710890296,	
  0.0191446704410912,	-0.0017999650269013,	-0.1114522483390267,	0.0708363709662157,	-0.0719339266073052,	-0.0174354889493554,	0.0901647082611533,	-0.0521716727455408,	-0.0247075668082310,	0.0023365663831753,	0.0301646173540143,	0.0636030815629015,	
  -0.0418124822620645,	0.0301307501998637,	0.0453711916245314,	-0.0622270781442843,	-0.0959975857527397,	0.1078847690807388,	0.0179130135564783,	0.1171472431312670,	0.0393483417915569,	0.0865987737626029,	-0.1199602496681935,	0.0304000940546533,	
  -0.0848472723732626,	-0.0329354220941729,	-0.0052677345864295,	-0.0838796666551020,	0.0067223389626742,	0.0755983102279447,	-0.0447024343163630,	-0.0131958415408115,	0.1199291451774175,	-0.0901384187529370,	0.0974010008013263,	-0.0223017274378309,	
};

const PROGMEM tinytype Bdyn_data[12*4] = {
  -0.4644137498962233,	-0.6110684451917112,	0.0329934989022944,	-0.9117833333813918,	
  -0.8462219520689274,	0.7540488668194631,	0.9352936885734384,	0.1632589444585493,	
  0.7614316489429498,	0.3259532084907824,	-0.1794846766259439,	-0.9273926035324003,	
  0.9102256298224256,	-0.5536690770207688,	-0.0847887449017979,	0.3571784859848810,	
  -0.0996135376383760,	-0.6850155960419588,	-0.3255809823168359,	0.0903370524925127,	
  -0.5591550697628633,	0.0025100621725926,	-0.8145267433415284,	-0.2424635280235090,	
  0.4018732984397306,	0.6308845553385307,	0.9791427839852840,	-0.2805070435474746,	
  0.4681558057797564,	0.2860135496513518,	-0.3672098432645181,	0.4229557007863283,	
  0.2870512474025555,	0.6800931247946920,	0.9260076104159263,	-0.1124211163390976,	
  -0.6832095806012823,	0.2902824707161020,	-0.9880968857229921,	0.7513430868514812,	
  -0.9325656671416171,	-0.3340310289977404,	0.2257822449685523,	-0.2717045791104895,	
  -0.1240431554988759,	-0.1601409597697765,	-0.5288858216932288,	0.1605393764951570,	
};

const PROGMEM tinytype Q_data[12] = {
  1.7845325389746129,1.3005870481880675,9.4652685682081614,4.9584459495951148,2.9885900889231607,9.2523994052428602,6.5622509645334395,3.7200013640615439,0.8567667533863146,9.7849802473719336,
  5.1174664226103221,7.2003368684487823,
};

const PROGMEM tinytype Qf_data[12] = {
  16.0607928507715165,11.7052834336926068,85.1874171138734511,44.6260135463560346,26.8973108003084462,83.2715946471857364,59.0602586808009562,33.4800122765538930,7.7109007804768313,88.0648222263474025,
  46.0571978034928975,64.8030318160390379,
};

const PROGMEM tinytype R_data[4] = {
  0.1000000000000000,0.1000000000000000,0.1000000000000000,0.1000000000000000,
};

const PROGMEM tinytype umin[4] = {
  -3.0,	
  -3.0,	
  -3.0,	
  -3.0,	
};

const PROGMEM tinytype umax[4] = {
  3.0,	
  3.0,	
  3.0,	
  3.0,	
};

const PROGMEM tinytype xmin[12] = {
  -10000.0,	
  -10000.0,	
  -10000.0,	
  -10000.0,	
  -10000.0,	
  -10000.0,	
  -10000.0,	
  -10000.0,	
  -10000.0,	
  -10000.0,	
  -10000.0,	
  -10000.0,	
};

const PROGMEM tinytype xmax[12] = {
  10000.0,	
  10000.0,	
  10000.0,	
  10000.0,	
  10000.0,	
  10000.0,	
  10000.0,	
  10000.0,	
  10000.0,	
  10000.0,	
  10000.0,	
  10000.0,	
};

const PROGMEM tinytype rho_value = 85.0;

const PROGMEM tinytype Kinf_data[4*12] = {
  -0.0045119109488532,	0.0144240397447364,	0.0004517531390143,	0.0049128897045931,	0.0007325972189878,	-0.0038417629470283,	-0.0198953290903336,	0.0030030131917067,	0.0001937171551979,	-0.0022869598813581,	0.0056625021256458,	-0.0078172036746796,	
  0.0107899464050052,	0.0015073754211003,	-0.0100031884435025,	0.0104568969527043,	-0.0031081517373450,	-0.0019882847243100,	0.0059615377373659,	-0.0012336836713104,	-0.0107091799345635,	-0.0057960489652721,	0.0070852981949312,	-0.0003666985306353,	
  0.0038087026741378,	0.0115406244685067,	0.0209023825207338,	-0.0138943029152956,	0.0052742516942921,	-0.0036966291457838,	-0.0021243163613414,	0.0129221300878350,	0.0112384079665858,	0.0006581046547066,	0.0035671251922638,	-0.0110274561629791,	
  -0.0035615467340017,	-0.0088484830808129,	0.0002065093725003,	-0.0115577591020012,	0.0040836812305991,	-0.0137319165330603,	0.0084250850306133,	-0.0131405211344393,	0.0117112889660310,	-0.0044315349944002,	0.0150796956255825,	-0.0019818311047282,	
};

const PROGMEM tinytype Pinf_data[12*12] = {
  2.0791401315654863,	-0.0404964353657838,	0.0146534440459939,	0.2175449661291157,	-0.0265938395497253,	-0.1157363873549777,	0.1541636835148337,	-0.0086331819044539,	-0.1333627975410958,	0.0362549403586394,	0.1080083721041892,	0.1075236010829446,	
  -0.0404964353657838,	1.6695135388489135,	0.0547683584366773,	0.0216857660301726,	-0.1241951584091942,	0.0060458917730708,	-0.0746174703208594,	0.1727001058940945,	0.0411141313471857,	0.0648938938244123,	-0.0341227784607412,	0.0211734801157367,	
  0.0146534440459939,	0.0547683584366773,	9.9142527713517143,	-0.1570069352935238,	0.0115789663545704,	-0.1416739525411695,	-0.0107838555786522,	0.0287832226578574,	0.2555776238776888,	0.0870200487863049,	0.1238961870660909,	-0.0010641179922897,	
  0.2175449661291157,	0.0216857660301726,	-0.1570069352935238,	5.5239557932316776,	-0.2542674615065147,	0.0647818802464590,	0.0010029801257838,	0.0256385233223541,	-0.3310093278290203,	0.0710966431689221,	-0.0871353929202987,	0.1232658538453439,	
  -0.0265938395497254,	-0.1241951584091942,	0.0115789663545704,	-0.2542674615065147,	3.2817387445759314,	-0.1150248646995619,	0.0321526510235443,	-0.1053269675026930,	0.0658015471618356,	-0.0556355770639036,	0.0683176175087569,	-0.0904065187081747,	
  -0.1157363873549777,	0.0060458917730708,	-0.1416739525411694,	0.0647818802464590,	-0.1150248646995619,	9.6257464376333015,	-0.1068216237214869,	0.2052353589672003,	-0.0400971246647514,	-0.0655724822380505,	-0.2317045906545856,	-0.0853860749294274,	
  0.1541636835148337,	-0.0746174703208595,	-0.0107838555786522,	0.0010029801257838,	0.0321526510235444,	-0.1068216237214870,	6.8586164234560236,	-0.0446721737590596,	-0.0831114942366560,	-0.0137573273969993,	0.0230571391838589,	0.0735096998496646,	
  -0.0086331819044538,	0.1727001058940945,	0.0287832226578574,	0.0256385233223542,	-0.1053269675026930,	0.2052353589672003,	-0.0446721737590596,	4.0184005846579476,	0.0315667102605525,	0.0121471942172057,	-0.1375505262190078,	-0.0891223986624525,	
  -0.1333627975410958,	0.0411141313471857,	0.2555776238776887,	-0.3310093278290203,	0.0658015471618356,	-0.0400971246647514,	-0.0831114942366561,	0.0315667102605525,	1.3214354727289208,	-0.0093594037080764,	0.2543376845229101,	-0.1011662518252716,	
  0.0362549403586394,	0.0648938938244123,	0.0870200487863049,	0.0710966431689221,	-0.0556355770639036,	-0.0655724822380505,	-0.0137573273969993,	0.0121471942172057,	-0.0093594037080764,	10.0251129586192089,	-0.0847367419619401,	0.0857440470392416,	
  0.1080083721041892,	-0.0341227784607412,	0.1238961870660908,	-0.0871353929202987,	0.0683176175087569,	-0.2317045906545855,	0.0230571391838589,	-0.1375505262190078,	0.2543376845229101,	-0.0847367419619401,	5.5952575976587982,	0.0006087432493290,	
  0.1075236010829446,	0.0211734801157367,	-0.0010641179922897,	0.1232658538453438,	-0.0904065187081747,	-0.0853860749294274,	0.0735096998496646,	-0.0891223986624525,	-0.1011662518252716,	0.0857440470392416,	0.0006087432493290,	7.4755749360215074,	
};

const PROGMEM tinytype Quu_inv_data[4*4] = {
  0.0091399901807302,	-0.0001316849442381,	-0.0007054029736254,	0.0005791860608400,	
  -0.0001316849442381,	0.0103367779487261,	-0.0002879133948892,	0.0000917281042370,	
  -0.0007054029736254,	-0.0002879133948892,	0.0088875558387923,	0.0006397279445231,	
  0.0005791860608400,	0.0000917281042370,	0.0006397279445231,	0.0096827890222817,	
};

const PROGMEM tinytype AmBKt_data[12*12] = {
  0.0864983102325968,	-0.0016893898031782,	0.0250153246688515,	0.0641788014964324,	-0.0037197895578208,	0.0970926953394027,	-0.0502148676252323,	0.0609668675947153,	0.0960491157421014,	0.0596358459762105,	-0.0036437876810116,	0.1140108150228020,	
  0.0412583829767666,	-0.1320104600096837,	0.0376126634529164,	-0.0937521429542942,	0.1297577713561401,	-0.0646158108696917,	0.0217235724340628,	-0.1158183508729078,	0.1044189145832272,	0.1086219626988024,	0.1237388872319297,	-0.1065954759331728,	
  -0.0179883014055470,	0.0790338887354873,	-0.1074487036206151,	0.1081953137398080,	-0.0534372955345768,	0.0840166524736007,	-0.0732114518813342,	0.0496205980171111,	-0.0937643382160047,	0.0226722343913301,	-0.0777618072624779,	-0.0045542293279183,	
  -0.0617643315012633,	0.0858837936215751,	0.1055177940477629,	-0.0321445586456137,	-0.0330004403741893,	-0.1212843543137755,	-0.1072063091675182,	-0.0688367155454066,	0.1091297106731254,	0.1083645811374837,	0.0832807938044921,	0.0589519418097570,	
  -0.0941285988004337,	-0.0340375107755040,	0.0861936412187758,	0.1119342487728431,	-0.1025475105983831,	0.1085900534068845,	-0.0706673012796117,	0.0284894313541573,	0.0335354594722245,	0.0341055086201801,	-0.1128734345453109,	-0.1035648925735157,	
  0.0734802897341384,	-0.0799978134013528,	0.0145757096817696,	0.1143516517796410,	-0.0324359224748503,	-0.0266530500538688,	0.0328902220193175,	-0.0691335504883995,	-0.0977643531830951,	0.0383122791976276,	-0.0084640626697709,	0.1021277981282890,	
  0.1133247626002910,	0.0793521649504440,	0.1033165626726683,	0.1021437252672376,	-0.0949217527561086,	-0.0346866694320960,	0.0297090354913082,	0.0654789232330634,	0.0364875570093010,	-0.0019083191542095,	0.1238040064715085,	0.0075212306436800,	
  0.0116985797451891,	-0.1223731917851083,	-0.0973624180297131,	0.0796549641461579,	-0.0558027139299211,	0.0642518782950060,	-0.0999054429545899,	-0.0041836576175195,	-0.0069613904349007,	-0.0544703591571640,	0.0522167459278754,	-0.0488208744103655,	
  -0.0755072703250257,	0.0605429242655100,	0.0766467492038529,	-0.0627432907441289,	-0.0799914572472122,	-0.0178662289365495,	-0.0680805633254742,	-0.1420385601101901,	-0.0131597683005073,	-0.1132138674537729,	0.0011815217956259,	0.1385556069698611,	
  0.0193692681207267,	0.0256686141446636,	-0.0877414363264371,	0.0661123753582644,	-0.0683879411907604,	-0.0128183011891898,	0.0664123391389331,	-0.0271205124094207,	-0.0191610902716041,	0.0064364592377897,	0.0241711954239997,	0.0489615792820880,	
  -0.0442435846021998,	0.0390757831382101,	0.0377878284543730,	-0.0541557669978732,	-0.0964338873596599,	0.1007415326879973,	0.0041194183944705,	0.1130477342005081,	0.0365963752251552,	0.0811773165982961,	-0.1090210563298211,	0.0249388808296652,	
  -0.0810928943360947,	-0.0233806235309254,	0.0042082029692628,	-0.0870887031736008,	0.0084493555336859,	0.0750527785803081,	-0.0486917060434888,	-0.0040769991364076,	0.1223019077149245,	-0.0902907872313092,	0.0987037588911271,	-0.0288442247875292,	
};

const PROGMEM tinytype coeff_d2p_data[12*4] = {
  -0.0079971978522775,	-0.0149461445486293,	0.0004551945358203,	-0.0182450603151465,	
  -0.0126063656151372,	0.0146005166102147,	0.0132120322376526,	0.0042065791530178,	
  0.0623039605288115,	0.0348034752435965,	-0.0249114173428714,	-0.0854486598530473,	
  0.0452805315322329,	-0.0336698489275266,	-0.0086725982389006,	0.0215412921684907,	
  -0.0027346345866793,	-0.0221406884206200,	-0.0063495974901791,	-0.0000767673428923,	
  -0.0417823683528752,	0.0041394968246261,	-0.0682983394880926,	-0.0269947452991627,	
  0.0185493914723719,	0.0394783055393804,	0.0546826539622052,	-0.0136600826900794,	
  0.0183047904457629,	0.0149121547519791,	-0.0136099333433567,	0.0166969943667005,	
  -0.0005696078070045,	0.0111370507617854,	0.0107182127929833,	-0.0030576771184143,	
  -0.0501398337750516,	0.0350826546967977,	-0.0791892422852363,	0.0628177080365342,	
  -0.0480335384781662,	-0.0185860591063010,	0.0186767825764503,	-0.0199941043907640,	
  -0.0048625828595786,	-0.0118423609013884,	-0.0330197109053295,	0.0082707241466862,	
};

const PROGMEM tinytype dKinf_drho_data[4*12] = {
  0.0000477212990421,	-0.0001184147948500,	0.0000090286509872,	-0.0000461304989739,	-0.0000058128800616,	0.0000399674242913,	0.0001763428456899,	-0.0000110328260891,	-0.0000022322076941,	0.0000228092013341,	-0.0000565288198221,	0.0000649783666594,	
  -0.0001109003328186,	-0.0000100411600343,	0.0001078430447686,	-0.0001092684972459,	0.0000327186094308,	0.0000215962114339,	-0.0000661750028584,	0.0000176026844914,	0.0001111316299910,	0.0000592702824763,	-0.0000739829852090,	-0.0000007003540052,	
  -0.0000321689621362,	-0.0000852146392042,	-0.0001880033069611,	0.0001369203786997,	-0.0000507839849379,	0.0000396692905844,	0.0000011261046654,	-0.0001035350427145,	-0.0001104623251161,	-0.0000065466409831,	-0.0000368382559326,	0.0000935286468604,	
  0.0000335905370933,	0.0000691950612390,	-0.0000145898276399,	0.0001163399314976,	-0.0000420586166339,	0.0001365013108782,	-0.0000690374294210,	0.0001165373166557,	-0.0001192089442781,	0.0000448147680714,	-0.0001513415964635,	0.0000307392566917,	
};

const PROGMEM tinytype dPinf_drho_data[12*12] = {
  0.0001780072466472,	0.0000220180127994,	-0.0000302046969750,	0.0000908538817777,	-0.0000298984739639,	0.0000260900226825,	0.0001151717511179,	0.0000708691344662,	-0.0001098041864090,	-0.0000301041518248,	0.0000268141870359,	0.0000002068523431,	
  0.0000220180127994,	0.0004559482964242,	0.0002524074509854,	0.0000243845242751,	0.0000093080616910,	0.0000297067400454,	-0.0003665458978533,	0.0003324741980151,	0.0000156437330633,	-0.0000107829568272,	-0.0000111846505738,	-0.0002112198505784,	
  -0.0000302046969750,	0.0002524074509854,	0.0005652414998886,	-0.0004095373153245,	0.0001391507846107,	-0.0000702679287893,	-0.0001010972942492,	0.0002998510425244,	0.0003653268148760,	0.0000729113656092,	0.0000159192661083,	-0.0002211737534764,	
  0.0000908538817777,	0.0000243845242751,	-0.0004095373153245,	0.0004879558565172,	-0.0001602520067607,	0.0001811813528728,	-0.0001079526510715,	-0.0000256596523734,	-0.0004169254502742,	-0.0000400648153104,	-0.0001191420025431,	0.0001369733473475,	
  -0.0000298984739639,	0.0000093080616910,	0.0001391507846107,	-0.0001602520067607,	0.0000777627588244,	-0.0000910558220463,	-0.0000121261624607,	0.0000031099813037,	0.0001506098064601,	0.0000192888347831,	0.0000776687743849,	-0.0000780298039529,	
  0.0000260900226825,	0.0000297067400454,	-0.0000702679287893,	0.0001811813528728,	-0.0000910558220463,	0.0002468573228713,	-0.0000483717714054,	0.0001338591582275,	-0.0001976743824649,	0.0000671875266458,	-0.0002799133670336,	0.0000971489576192,	
  0.0001151717511179,	-0.0003665458978533,	-0.0001010972942492,	-0.0001079526510715,	-0.0000121261624607,	-0.0000483717714054,	0.0005138001077799,	-0.0001992895113066,	0.0000109546827924,	-0.0000323268587417,	0.0000514277045045,	0.0001647507948188,	
  0.0000708691344662,	0.0003324741980151,	0.0002998510425244,	-0.0000256596523734,	0.0000031099813037,	0.0001338591582275,	-0.0001992895113066,	0.0003751810550272,	0.0000119723808220,	0.0000604025310032,	-0.0001509282600464,	-0.0001304449736765,	
  -0.0001098041864090,	0.0000156437330633,	0.0003653268148760,	-0.0004169254502742,	0.0001506098064601,	-0.0001976743824649,	0.0000109546827924,	0.0000119723808220,	0.0004050441484527,	0.0000344212936594,	0.0001594045134918,	-0.0001404156868714,	
  -0.0000301041518248,	-0.0000107829568272,	0.0000729113656092,	-0.0000400648153104,	0.0000192888347831,	0.0000671875266458,	-0.0000323268587417,	0.0000604025310032,	0.0000344212936594,	0.0000827592224122,	-0.0001073316672732,	0.0000161108746994,	
  0.0000268141870359,	-0.0000111846505738,	0.0000159192661083,	-0.0001191420025431,	0.0000776687743849,	-0.0002799133670336,	0.0000514277045045,	-0.0001509282600464,	0.0001594045134918,	-0.0001073316672732,	0.0003567644558315,	-0.0001109642482497,	
  0.0000002068523431,	-0.0002112198505784,	-0.0002211737534764,	0.0001369733473475,	-0.0000780298039529,	0.0000971489576192,	0.0001647507948188,	-0.0001304449736765,	-0.0001404156868714,	0.0000161108746994,	-0.0001109642482497,	0.0001951910134805,	
};

const PROGMEM tinytype dC1_drho_data[4*4] = {
  -0.0000844145205342,	0.0000023015078293,	0.0000123466351884,	-0.0000104471659226,	
  0.0000023015078293,	-0.0001071004961600,	0.0000053503027975,	-0.0000015211768501,	
  0.0000123466351884,	0.0000053503027975,	-0.0000801097107776,	-0.0000113731708164,	
  -0.0000104471659226,	-0.0000015211768501,	-0.0000113731708164,	-0.0000945804902722,	
};

const PROGMEM tinytype dC2_drho_data[12*12] = {
  -0.0000139166080107,	0.0000047731377256,	0.0000629926365758,	0.0000133651594484,	-0.0000193790759539,	0.0001549089762799,	-0.0000215257455316,	0.0001153054152692,	-0.0000381758255759,	0.0000878884612915,	-0.0002082367512792,	0.0000546905873139,	
  0.0001486105527467,	-0.0000242296719443,	0.0001045415432527,	-0.0001036971548139,	0.0000247739688720,	-0.0000418507840013,	0.0002093421122994,	0.0000552004087662,	0.0000370890191043,	-0.0000265844221978,	0.0000671133154658,	-0.0000369809902895,	
  0.0000251895917682,	0.0001423139868647,	-0.0000893006980592,	0.0002032095410253,	-0.0000543584219663,	0.0000962385196832,	-0.0001765257521496,	0.0000921559833144,	-0.0001649038256763,	0.0000036988761744,	-0.0000798071557280,	-0.0000039539840050,	
  -0.0001195646174963,	0.0000702844718978,	0.0000407618576415,	-0.0000484542390655,	0.0000341228373680,	-0.0000698140416908,	-0.0001723966650191,	-0.0000306148054979,	0.0000967748679868,	-0.0000045073495385,	0.0000614243822962,	-0.0000625819636589,	
  -0.0000847228425737,	-0.0000526692116688,	0.0000148812441223,	-0.0000453769820678,	0.0000090988679507,	0.0000193594786818,	-0.0000211614981810,	-0.0000332775840313,	0.0000507090939888,	0.0000366932772558,	-0.0000546326162403,	0.0000336672264308,	
  0.0000089039731918,	-0.0001188193528255,	-0.0001518934992139,	0.0001142136687500,	-0.0000548950215384,	0.0000877020675702,	0.0000829472832180,	-0.0000622892566952,	-0.0001204054366900,	0.0000181386410835,	-0.0000981232363490,	0.0001199694738373,	
  0.0000917077807004,	0.0001567695580966,	0.0001083246468613,	-0.0000139560074746,	0.0000196214101081,	-0.0000302388773443,	-0.0000495867962789,	0.0001273936645550,	0.0000055052757138,	-0.0000275781604028,	0.0000630096746863,	-0.0001086265496653,	
  -0.0000166420740591,	-0.0000022496184001,	-0.0000979372015261,	0.0000539204052266,	-0.0000074960795508,	-0.0000680548444381,	-0.0000340156884928,	-0.0000871787339285,	-0.0000208828815059,	-0.0000489890165542,	0.0000981078522102,	-0.0000088763929680,	
  0.0000952890849054,	0.0001275084289284,	0.0000965172894866,	-0.0000261556767158,	0.0000217149730521,	-0.0000475485691463,	-0.0000144183157235,	0.0001001710145227,	0.0000139482516274,	-0.0000357563556839,	0.0000836405019616,	-0.0001013283124918,	
  0.0000077720021858,	-0.0002141769001047,	-0.0001999400006089,	0.0000480813270248,	-0.0000320481006443,	-0.0000423250882146,	0.0001926720608175,	-0.0002025096437295,	-0.0000533652930738,	-0.0000417616409066,	0.0000601646287484,	0.0001139167798030,	
  0.0000238489760229,	-0.0000757430636431,	0.0000829264188745,	-0.0000788228864867,	0.0000055467418002,	0.0000726174621616,	0.0001233347390946,	0.0000506311049412,	0.0000275905481805,	0.0000547236844986,	-0.0001102322298917,	0.0000475975428290,	
  -0.0000342464970722,	-0.0000724738922797,	-0.0000787000105986,	0.0000305175722520,	-0.0000155883239809,	0.0000074828134602,	0.0000229556012239,	-0.0000720166800676,	-0.0000217643921967,	0.0000016639647098,	-0.0000140466651700,	0.0000524790804204,	
};

