#pragma once

typedef float tinytype;

const PROGMEM tinytype Adyn_data[12*12] = {
  0.0739606081192370,	0.0699495317823026,	-0.0169464722787383,	-0.0296495785419758,	0.0467065233740134,	-0.0775469058774522,	-0.0659151547950097,	-0.0675546264616606,	-0.0710927142552685,	-0.0743724489849782,	0.1002844910333651,	-0.0422890191483521,	
  0.1086385031888070,	0.0024842353802631,	-0.0441236290502968,	0.0300635634675315,	-0.0794249410477473,	-0.0766830291850088,	-0.0045948583908032,	0.0926996804505804,	-0.0706935036701853,	-0.0364526155073943,	0.1256127577783898,	-0.1036412015837351,	
  -0.0941815359297278,	0.1280776979922288,	0.0677693033801963,	-0.0991978436731062,	-0.0738269380761050,	0.0861748325786151,	-0.1205998022689363,	-0.0645240903921174,	-0.0134903269517930,	-0.0742718757716322,	0.0718037878753052,	0.0022567488039218,	
  0.1182318179671269,	-0.0871674763088512,	-0.0818534327923098,	-0.0321409028778266,	-0.0599495958782169,	-0.0672655390529074,	0.0490097450055164,	0.0476405928290482,	-0.0553787875943792,	0.0558183586805112,	-0.0987353490794595,	-0.0222122149232625,	
  0.0672161748419988,	-0.0193088504932692,	0.1121716658095884,	0.1028184943921144,	-0.1172118389850914,	0.1058103216589475,	-0.0475564369771556,	-0.1202545419492860,	0.0833815404854629,	0.0685213800636258,	0.1221698799018675,	-0.1107533328905268,	
  0.0837509771693093,	-0.0745147780356025,	0.1238101052177911,	0.0500000561551552,	0.1166504122931511,	-0.0836607736400118,	0.0252671381051264,	0.0008467934294284,	-0.1195886813832844,	0.0383146285923540,	-0.0360602909296034,	-0.0855773727748227,	
  0.1014302779356705,	0.0889359561712485,	0.0800478536799780,	-0.1085886796851238,	0.0493821175853986,	-0.1089405874552560,	-0.0848292669268323,	0.0954399082837117,	0.0832220934779493,	-0.0668519613571752,	0.1064095090879455,	-0.0365674135830497,	
  0.1051463452743075,	0.0520673638699452,	0.0667162819892368,	0.1272941193041466,	-0.1273661133276118,	0.0405654189916986,	0.0884357731708492,	0.0885949716229587,	-0.0648987597757300,	-0.0884721099003059,	-0.0197457426713838,	-0.1189010540300090,	
  -0.0247393489247454,	0.1053513767223681,	-0.0732408884718645,	0.1088033432387951,	-0.0300718389514039,	-0.0903279836453899,	-0.0860783517953274,	-0.0019112716748434,	0.0577816389491133,	-0.0119551289301404,	0.0297645196723527,	-0.0881618235580424,	
  -0.0667019367890678,	0.1161201234628395,	0.0861999113452401,	0.1235829740232192,	-0.0667243566958122,	0.0139522504085635,	-0.0667700446302124,	-0.0511204729454351,	0.0426414705822181,	-0.0469548636614877,	-0.0957895087123621,	-0.0521320878018066,	
  -0.0230331390282189,	0.1255064224741539,	0.0980779622847961,	0.1292282949519370,	-0.0082462712559528,	-0.0184800020401837,	0.0962960299497878,	-0.1237015870422791,	0.1130195621475431,	-0.0889208579593720,	0.0478894548815362,	-0.0467911996784963,	
  -0.1074552226334183,	-0.0224245868856197,	-0.0779570037320212,	0.1204908190821211,	-0.1084485241674172,	-0.0222109077473211,	-0.0855952689119303,	-0.0776980885730323,	0.0571979165893811,	0.0876103398706808,	0.0966040046792515,	0.0911363906977697,	
};

const PROGMEM tinytype Bdyn_data[12*4] = {
  0.7235184683115208,	0.7990939209880135,	-0.4142561675173484,	0.2558321742570757,	
  0.8223840181624480,	-0.8617511592934444,	-0.5076727768820875,	-0.9808936849404624,	
  0.0558482836161538,	-0.7307056151332507,	0.7335793566588245,	-0.8780385487364684,	
  -0.0631096102759976,	-0.9940669203421795,	0.1678487130958393,	-0.3366680745615125,	
  -0.5192767735663635,	0.1953383811668630,	0.7767494073733372,	0.1077240761369080,	
  0.2502253828824019,	0.6498265934886400,	-0.0620515456845618,	-0.7965764066456968,	
  0.1241552594634718,	0.9069571549504218,	0.5611052130705494,	-0.8141622487549467,	
  -0.8159539948167702,	0.1108152802120417,	0.8127540956545236,	0.7695121958453572,	
  -0.2519924294959772,	-0.3705983932406691,	0.9750788943311322,	0.5332881534130851,	
  0.2191102967754572,	0.5475023522922755,	0.1182037471711708,	0.4577312015407760,	
  -0.7099971187973488,	-0.4223471893214712,	0.9213447384189735,	-0.6311234576262945,	
  0.1138550424773537,	-0.7662795895739025,	0.9375968410517583,	0.4034541225052977,	
};

const PROGMEM tinytype Q_data[12] = {
  8.1064962745578946,3.3752209007132263,9.9360783645068036,8.8757899079493487,0.9596073779442966,5.4084470367241568,5.7384272035483761,9.5131720075453376,6.4830302929318044,2.9671635498903095,
  3.6543523298607972,0.5046647468072467,
};

const PROGMEM tinytype Qf_data[12] = {
  72.9584664710210546,30.3769881064190379,89.4247052805612270,79.8821091715441440,8.6364664014986694,48.6760233305174097,51.6458448319353849,85.6185480679080371,58.3472726363862364,26.7044719490127846,
  32.8891709687471732,4.5419827212652208,
};

const PROGMEM tinytype R_data[4] = {
  0.1000000000000000,0.1000000000000000,0.1000000000000000,0.1000000000000000,
};

const PROGMEM tinytype umin[4] = {
  -3.0,	
  -3.0,	
  -3.0,	
  -3.0,	
};

const PROGMEM tinytype umax[4] = {
  3.0,	
  3.0,	
  3.0,	
  3.0,	
};

const PROGMEM tinytype xmin[12] = {
  -10000.0,	
  -10000.0,	
  -10000.0,	
  -10000.0,	
  -10000.0,	
  -10000.0,	
  -10000.0,	
  -10000.0,	
  -10000.0,	
  -10000.0,	
  -10000.0,	
  -10000.0,	
};

const PROGMEM tinytype xmax[12] = {
  10000.0,	
  10000.0,	
  10000.0,	
  10000.0,	
  10000.0,	
  10000.0,	
  10000.0,	
  10000.0,	
  10000.0,	
  10000.0,	
  10000.0,	
  10000.0,	
};

const PROGMEM tinytype rho_value = 85.0;

const PROGMEM tinytype Kinf_data[4*12] = {
  -0.0000775199328533,	-0.0007705600847797,	-0.0058842277831121,	-0.0137086538170216,	0.0098878978872760,	-0.0087335903738972,	-0.0132309590059879,	-0.0039296028652483,	-0.0053977130295209,	0.0013018105949849,	0.0086269678190890,	0.0037112660698687,	
  0.0070860442824852,	0.0044810619971893,	0.0144908291326059,	0.0002709738723336,	0.0174507010547274,	-0.0064563407621254,	-0.0034818572599704,	0.0006372943863051,	0.0009813774934291,	-0.0062153587527962,	0.0062676444432530,	-0.0026772094488847,	
  -0.0012500850466962,	0.0218895085031298,	0.0112527709625854,	0.0104007908198873,	-0.0151057172936154,	0.0019068715776541,	-0.0071979614525177,	-0.0006423699266711,	0.0080776635770119,	-0.0117775124526922,	0.0062750787534544,	-0.0130614883514989,	
  -0.0008369896246161,	-0.0018017728269302,	-0.0101542344644602,	0.0200906922655124,	-0.0073625636125090,	0.0048022794130751,	0.0078779387590642,	0.0020552469462375,	0.0010683290609439,	0.0015551588732356,	-0.0102603923202602,	-0.0015690677408660,	
};

const PROGMEM tinytype Pinf_data[12*12] = {
  8.6689960271558668,	-0.1444996803081290,	-0.0220092617094309,	0.0539296176921040,	-0.0341358222509534,	-0.2749764258552104,	0.2071169081808741,	0.2928772428229211,	-0.2305879905764680,	-0.0407863318567910,	-0.0331819950715991,	-0.2631047894130619,	
  -0.1444996803081290,	3.8792088937710019,	0.1569586219856348,	0.0176742320887232,	-0.1230185241043183,	0.0468792206055267,	-0.2615318910703565,	-0.1434902157393114,	0.1297626725506018,	-0.3241976524251451,	0.2876198889831301,	-0.1210556183957132,	
  -0.0220092617094309,	0.1569586219856348,	10.2871586642225648,	0.0506489911849620,	-0.0027213255856308,	0.1169922764650836,	-0.0089087319998225,	-0.0581079488049787,	-0.0110234875765353,	-0.1471643036261468,	0.0701877624707429,	-0.0925700767139740,	
  0.0539296176921040,	0.0176742320887231,	0.0506489911849620,	9.3943450739731826,	-0.1131340772783166,	-0.0344833872265233,	0.2027165000498373,	-0.0088240583839658,	0.0023951962412529,	-0.0068150762313761,	-0.0918814156623320,	-0.2185426934957618,	
  -0.0341358222509534,	-0.1230185241043183,	-0.0027213255856308,	-0.1131340772783166,	1.2943641041582659,	-0.1409806953530888,	-0.0170868493905442,	-0.0607743738956247,	0.0316213642277272,	0.1065991196036777,	0.0001983772865368,	0.1162332567563957,	
  -0.2749764258552104,	0.0468792206055267,	0.1169922764650836,	-0.0344833872265233,	-0.1409806953530889,	5.7824683380291777,	-0.0001488648338191,	-0.1187986905638752,	0.0332625716346988,	-0.0290845903467639,	-0.0228682582866370,	0.1359592574447475,	
  0.2071169081808740,	-0.2615318910703564,	-0.0089087319998225,	0.2027165000498373,	-0.0170868493905442,	-0.0001488648338191,	6.1492474093990177,	0.1381821328778413,	-0.1026271964250414,	0.0763247475836484,	-0.2226144758031839,	-0.0437485659953458,	
  0.2928772428229210,	-0.1434902157393114,	-0.0581079488049787,	-0.0088240583839658,	-0.0607743738956247,	-0.1187986905638752,	0.1381821328778412,	9.8779836901990787,	-0.1038204102510224,	0.0171991339463528,	-0.0948664232262262,	-0.1034645957845445,	
  -0.2305879905764680,	0.1297626725506018,	-0.0110234875765353,	0.0023951962412528,	0.0316213642277271,	0.0332625716346988,	-0.1026271964250414,	-0.1038204102510224,	6.8258004361107796,	0.0189618807374227,	0.0768884015041298,	0.1250832749082278,	
  -0.0407863318567911,	-0.3241976524251449,	-0.1471643036261468,	-0.0068150762313761,	0.1065991196036776,	-0.0290845903467639,	0.0763247475836484,	0.0171991339463527,	0.0189618807374227,	3.2581017710192079,	-0.2000289800985042,	0.1392005899104432,	
  -0.0331819950715991,	0.2876198889831301,	0.0701877624707429,	-0.0918814156623320,	0.0001983772865369,	-0.0228682582866371,	-0.2226144758031838,	-0.0948664232262261,	0.0768884015041298,	-0.2000289800985041,	4.0648543379843129,	-0.0632821147392039,	
  -0.2631047894130618,	-0.1210556183957132,	-0.0925700767139740,	-0.2185426934957617,	0.1162332567563956,	0.1359592574447476,	-0.0437485659953458,	-0.1034645957845445,	0.1250832749082278,	0.1392005899104432,	-0.0632821147392039,	0.8115210791718210,	
};

const PROGMEM tinytype Quu_inv_data[4*4] = {
  0.0101096469799698,	-0.0003915260282907,	0.0012601290112253,	0.0007932107146329,	
  -0.0003915260282907,	0.0084266331687256,	0.0005762513907140,	-0.0007585398277614,	
  0.0012601290112253,	0.0005762513907140,	0.0090622704763609,	0.0000724891064192,	
  0.0007932107146329,	-0.0007585398277614,	0.0000724891064192,	0.0086130788239334,	
};

const PROGMEM tinytype AmBKt_data[12*12] = {
  0.0680505537473138,	0.0764550721942359,	-0.0170093486219762,	-0.0207789016442195,	0.0212336416134195,	-0.0665074135643585,	-0.0585572107571675,	-0.0660126482843421,	-0.0648986729715340,	-0.0756244444439694,	0.0942587124685056,	-0.0478442309897666,	
  0.1133530292337692,	0.0163248520286983,	-0.0310445443374914,	0.0665578848524185,	-0.0874090819767986,	-0.0693858308383034,	0.0073587876110339,	0.0981703772469944,	-0.0602600804192339,	-0.0473329732798170,	0.1170405598077468,	-0.1171704265328692,	
  -0.0888172667992183,	0.1137553520500789,	0.0615158478413543,	-0.0882236399151434,	-0.0570112072481669,	0.0847626489840220,	-0.1102076787221726,	-0.0615631388667204,	-0.0174593490505143,	-0.0688809477514936,	0.0622895013008504,	0.0082971652465290,	
  0.1251989654126751,	-0.0870423557770782,	-0.0731272999160510,	-0.0277185491875227,	-0.0419216747479543,	-0.0729380390926419,	0.0485739642558272,	0.0488258673892900,	-0.0557400334057442,	0.0522224455577440,	-0.0964680569130790,	-0.0229752247241849,	
  0.0668529108755979,	-0.0373928762886820,	0.0986387802369809,	0.0854039179016983,	-0.1029595926481686,	0.1005378596996704,	-0.0490044577025012,	-0.1221420206189573,	0.0739975276304706,	0.0793921259514219,	0.1216564799778859,	-0.0979886671509078,	
  0.0784213787098304,	-0.0773108494833729,	0.1084755904652455,	0.0699033798755409,	0.0960341020651276,	-0.0733361989135202,	0.0366691988451250,	0.0030132501512111,	-0.1175235245323092,	0.0425357779584194,	-0.0500756674023100,	-0.0868266717358639,	
  0.0950331477622727,	0.0712182412692019,	0.0530546675295860,	-0.0966112946610561,	0.0348090202504255,	-0.0991607628041084,	-0.0695759443939251,	0.0973835320336362,	0.0793395546484429,	-0.0535019486183220,	0.0877793372019273,	-0.0285486790357914,	
  0.1059579360582163,	0.0345377506263391,	0.0589772891049319,	0.0921651423547978,	-0.1032890317827266,	0.0289094419868794,	0.0778137650002528,	0.0842585257092435,	-0.0767990433040784,	-0.0783456278599078,	-0.0106056835243174,	-0.1037529610234786,	
  -0.0204675185389484,	0.0864347421457618,	-0.0749105978548536,	0.0845935689481308,	-0.0024573276983374,	-0.0993418407645317,	-0.0878854551248100,	-0.0031349990631426,	0.0483390665497097,	-0.0032758284661967,	0.0336142780333481,	-0.0746460352665106,	
  -0.0700336962833274,	0.1120728748396394,	0.0828732334526326,	0.1160127732380133,	-0.0732895693364033,	0.0169771792500333,	-0.0647198325937766,	-0.0514731967927873,	0.0418430409519884,	-0.0431568788651736,	-0.0971565523849077,	-0.0492173578118395,	
  -0.0194718915766142,	0.1055469663914629,	0.0832440815837630,	0.1227066285640375,	0.0154152488415258,	-0.0261336983238371,	0.0970352904094520,	-0.1243334755507546,	0.1028336181699286,	-0.0787889691123944,	0.0444046141208963,	-0.0342430652370514,	
  -0.1005067427883112,	-0.0386997097362414,	-0.0726368228795369,	0.1044018389567697,	-0.0790686657014023,	-0.0298892827877992,	-0.0831865346137082,	-0.0769892516303071,	0.0505598693618045,	0.0931145428284784,	0.0986806524668703,	0.1015418104503875,	
};

const PROGMEM tinytype coeff_d2p_data[12*4] = {
  0.0543145253862900,	0.0554803390413876,	-0.0215468035261867,	0.0195984596601902,	
  0.0254641482036149,	-0.0335102015223802,	-0.0163118857808378,	-0.0312588424753983,	
  0.0115612926323818,	-0.0536492715988167,	0.0625359122429867,	-0.0748775527052550,	
  -0.0017150319285031,	-0.0724054750899050,	0.0059601822025649,	-0.0226807006962998,	
  -0.0058493962741414,	0.0030382133354788,	0.0097992137133967,	0.0034357500652597,	
  0.0095293673951746,	0.0306080148615732,	0.0010574086473132,	-0.0430754136920655,	
  0.0060387258261311,	0.0555353087827973,	0.0338870286139296,	-0.0428781540045138,	
  -0.0642825684102763,	0.0159654512354856,	0.0613280301217183,	0.0603539667563203,	
  -0.0053007322658366,	-0.0234490130853646,	0.0574609349814807,	0.0311341100913555,	
  0.0065389845099812,	0.0169749393661571,	0.0071466631456962,	0.0169361226941441,	
  -0.0242239782373674,	-0.0139230417731094,	0.0262760503624606,	-0.0245938904634822,	
  0.0007509253634804,	-0.0026351508991021,	0.0077118422600075,	0.0050983361231898,	
};

const PROGMEM tinytype dKinf_drho_data[4*12] = {
  0.0000066034193019,	-0.0000168234734288,	0.0000584477569689,	0.0001091094133756,	-0.0000678284353164,	0.0000784870894503,	0.0001355995969896,	0.0000404660607684,	0.0000430406793575,	-0.0000022271388486,	-0.0000852527310098,	-0.0000211614375160,	
  -0.0000605909447903,	-0.0000527392448362,	-0.0001378264945261,	0.0000019905287629,	-0.0001399609960447,	0.0000543563450983,	0.0000335133962963,	-0.0000058015180443,	-0.0000129372895593,	0.0000620808156749,	-0.0000614595519594,	0.0000315852113299,	
  0.0000066440170989,	-0.0001993857637565,	-0.0001012728322440,	-0.0000781731746729,	0.0001142573617351,	-0.0000017028015941,	0.0000824409638752,	0.0000086139438351,	-0.0000660085419075,	0.0001088070871385,	-0.0000694565874907,	0.0001154373559147,	
  0.0000112765497169,	0.0000173794940574,	0.0001030585366789,	-0.0001617992478068,	0.0000696686084422,	-0.0000380279433878,	-0.0000600587669966,	-0.0000155976996983,	-0.0000031598033740,	-0.0000170770570654,	0.0000856323431141,	0.0000107910520914,	
};

const PROGMEM tinytype dPinf_drho_data[12*12] = {
  0.0000940927510759,	-0.0000035600076331,	0.0000790358064799,	-0.0000513107050240,	0.0001552149238956,	-0.0000858190474698,	-0.0000113198932949,	0.0000504191015985,	-0.0000353696766904,	-0.0000382576231127,	0.0000255938368310,	-0.0000177352501227,	
  -0.0000035600076331,	0.0005190976661919,	0.0003426005601575,	0.0002079608343178,	-0.0002553977566215,	0.0000259113720053,	-0.0001812549466242,	-0.0000307852705505,	0.0001893280386296,	-0.0003001313662985,	0.0002006420710219,	-0.0003036892055148,	
  0.0000790358064799,	0.0003426005601575,	0.0004897272584634,	0.0000081894086772,	0.0000902466589382,	-0.0000459120485368,	-0.0001446897121418,	-0.0000258170636798,	0.0001454570739160,	-0.0002432884296442,	0.0002339842146271,	-0.0001866753010064,	
  -0.0000513107050240,	0.0002079608343178,	0.0000081894086772,	0.0007162992946431,	-0.0004421105465211,	0.0002566769725749,	0.0002591765632647,	0.0000580798746204,	0.0001997650556692,	-0.0001052978500244,	-0.0002444843270150,	-0.0002098975346023,	
  0.0001552149238956,	-0.0002553977566215,	0.0000902466589382,	-0.0004421105465211,	0.0006973399412218,	-0.0002821725569756,	-0.0001339604282167,	-0.0000111468808561,	-0.0001768665351433,	0.0000727410143620,	0.0001546594178824,	0.0002015357441074,	
  -0.0000858190474698,	0.0000259113720053,	-0.0000459120485368,	0.0002566769725749,	-0.0002821725569756,	0.0001896690245299,	0.0001480417695744,	-0.0000160300592824,	0.0000949297625322,	0.0000168999939227,	-0.0001175277224580,	-0.0000391529979267,	
  -0.0000113198932949,	-0.0001812549466242,	-0.0001446897121418,	0.0002591765632647,	-0.0001339604282167,	0.0001480417695744,	0.0003129842977066,	0.0000891532093298,	0.0000052032644762,	0.0000966913910270,	-0.0002728595759341,	0.0000387455100201,	
  0.0000504191015985,	-0.0000307852705505,	-0.0000258170636798,	0.0000580798746204,	-0.0000111468808561,	-0.0000160300592824,	0.0000891532093298,	0.0000932748899138,	-0.0000252545237813,	-0.0000043147789882,	-0.0000991033886290,	-0.0000221973392714,	
  -0.0000353696766904,	0.0001893280386296,	0.0001454570739160,	0.0001997650556692,	-0.0001768665351433,	0.0000949297625322,	0.0000052032644762,	-0.0000252545237813,	0.0001276443951279,	-0.0000960593338203,	0.0000189177977806,	-0.0001165594255578,	
  -0.0000382576231127,	-0.0003001313662985,	-0.0002432884296442,	-0.0001052978500244,	0.0000727410143620,	0.0000168999939227,	0.0000966913910270,	-0.0000043147789882,	-0.0000960593338203,	0.0001965530470563,	-0.0001279769463456,	0.0001840102887755,	
  0.0000255938368310,	0.0002006420710219,	0.0002339842146271,	-0.0002444843270150,	0.0001546594178824,	-0.0001175277224580,	-0.0002728595759341,	-0.0000991033886290,	0.0000189177977806,	-0.0001279769463456,	0.0003026437001977,	-0.0000572230013518,	
  -0.0000177352501227,	-0.0003036892055148,	-0.0001866753010064,	-0.0002098975346023,	0.0002015357441074,	-0.0000391529979267,	0.0000387455100201,	-0.0000221973392714,	-0.0001165594255578,	0.0001840102887755,	-0.0000572230013518,	0.0002076339920836,	
};

const PROGMEM tinytype dC1_drho_data[4*4] = {
  -0.0001046033052967,	0.0000071685879044,	-0.0000239595794710,	-0.0000151927154829,	
  0.0000071685879044,	-0.0000722562353456,	-0.0000095684223458,	0.0000130406833070,	
  -0.0000239595794710,	-0.0000095684223458,	-0.0000841233617558,	-0.0000018719991211,	
  -0.0000151927154829,	0.0000130406833070,	-0.0000018719991211,	-0.0000755642908198,	
};

const PROGMEM tinytype dC2_drho_data[12*12] = {
  0.0000435075806581,	-0.0000327273124305,	-0.0000004703025448,	-0.0000715235614610,	0.0001904254519506,	-0.0000911993082995,	-0.0000753725212843,	-0.0000170832117165,	-0.0000473386831895,	0.0000014458412283,	0.0000601135514486,	0.0000351310788225,	
  -0.0000432107803994,	-0.0001157880380887,	-0.0001171626348283,	-0.0002864087503878,	0.0000615123207546,	-0.0000558707201267,	-0.0000996929655363,	-0.0000492047269012,	-0.0000831548620536,	0.0000938173969123,	0.0000658826492797,	0.0001138106983780,	
  -0.0000396156016594,	0.0001239278458191,	0.0000608062267328,	-0.0000893588324657,	-0.0001211273020828,	0.0000031942572239,	-0.0000962954797495,	-0.0000265135548335,	0.0000337909763443,	-0.0000493257648976,	0.0000859927960202,	-0.0000509461803306,	
  -0.0000571334501087,	-0.0000141702968898,	-0.0000816251101167,	-0.0000324868031044,	-0.0001391339772920,	0.0000464701527762,	0.0000078147172280,	-0.0000099103867635,	-0.0000001286071950,	0.0000375595019122,	-0.0000259872992681,	0.0000143193147772,	
  0.0000088892470939,	0.0001545665436035,	0.0001248350937604,	0.0001344197990665,	-0.0001041363011492,	0.0000355578173167,	0.0000063010739971,	0.0000171357166386,	0.0000764896570155,	-0.0000959594977684,	0.0000124613444127,	-0.0001079868009599,	
  0.0000471161691096,	0.0000399529239922,	0.0001507480721095,	-0.0001623316729987,	0.0001705089891488,	-0.0000853594845457,	-0.0000984341647924,	-0.0000182459058899,	-0.0000089758325395,	-0.0000466360111148,	0.0001251732641045,	0.0000005291823848,	
  0.0000595864901118,	0.0001759470775794,	0.0002584772130111,	-0.0001032192954413,	0.0001279710333782,	-0.0000890489261120,	-0.0001423862531013,	-0.0000172947330270,	0.0000408549849693,	-0.0001309838479549,	0.0001750168296872,	-0.0000820059645905,	
  -0.0000019749057588,	0.0001407949973172,	0.0000659690707228,	0.0002768497430650,	-0.0001863090483359,	0.0000886652657547,	0.0000861409590899,	0.0000386629427994,	0.0000926330836453,	-0.0000839891478524,	-0.0000721956553963,	-0.0001228929135229,	
  -0.0000332829863334,	0.0001613641044370,	0.0000074392194311,	0.0001907430677316,	-0.0002175249579517,	0.0000618627441136,	-0.0000017677322515,	0.0000079659013386,	0.0000721000084009,	-0.0000745426735834,	-0.0000222009156111,	-0.0001119423630953,	
  0.0000257798312689,	0.0000481740645733,	0.0000274515450207,	0.0000583041111559,	0.0000460957390047,	-0.0000293497025177,	-0.0000303139905146,	0.0000004311675768,	0.0000069013380324,	-0.0000385461071294,	0.0000213424340638,	-0.0000312408179187,	
  -0.0000199065417006,	0.0001604527412479,	0.0001416369576104,	0.0000482172058118,	-0.0001685710529535,	0.0000562513971185,	-0.0000034314330812,	0.0000085000457207,	0.0000839171271985,	-0.0000863881726936,	0.0000315515794904,	-0.0001012317488183,	
  -0.0000579604168056,	0.0001414340641186,	-0.0000588945053964,	0.0001276761398432,	-0.0002347620739364,	0.0000496550788352,	-0.0000428234964812,	-0.0000108363002175,	0.0000483502567622,	-0.0000473025391678,	-0.0000068151917680,	-0.0000859749555557,	
};

