#pragma once

typedef float tinytype;

const PROGMEM tinytype Adyn_data[12*12] = {
  -0.0456205212313253,	-0.1107583241196046,	-0.0983988304928977,	-0.0460009438978276,	-0.0742678118010780,	-0.0717751440550922,	-0.0864374210436290,	0.0829151769350693,	-0.0467342691858337,	0.0935807115804948,	0.0048310511838757,	-0.0992926718721713,	
  -0.0175056879233670,	0.0312728853745259,	-0.0266081788975784,	-0.1298385679598234,	0.0924352990528678,	0.0830913421502257,	0.0117842006319785,	0.0573294606791820,	0.0016674269468280,	0.0055715872209932,	0.0394588326301682,	0.1204831264241710,	
  0.1163831001567883,	0.1304825044760287,	-0.0692008191932293,	0.0564417946225161,	-0.0929796743506015,	-0.0039809830585255,	-0.0528176739207930,	-0.0486577528825990,	-0.0065970950195352,	0.0038101306396787,	-0.0416049312916384,	0.0712930089052379,	
  -0.1081957640232536,	-0.0029204903253465,	-0.0333791567877067,	-0.0925630428337959,	-0.0952419172176295,	-0.0130636991480563,	-0.0057190770304581,	0.0612264561634370,	-0.1151211262601020,	-0.1039841199070307,	0.1258397633950204,	0.0652451654513688,	
  -0.1230081583707464,	-0.0378015442838436,	-0.0574932859392672,	0.0416489153073452,	0.1166247510051705,	-0.0213155407196051,	-0.0980403059279108,	0.1202727181685719,	-0.0973263620499156,	-0.1171398265986589,	0.1330539193105902,	0.1176686995599895,	
  0.0264866534476968,	0.0082672721996238,	-0.1119835353864219,	0.1072166122452764,	-0.0260090909106461,	0.0394192901526015,	0.0880017686320625,	-0.0527679164306494,	0.0505486351848324,	0.0357375665831503,	-0.0477124770368343,	0.0617100353188198,	
  -0.1084000041272337,	0.1238553444581338,	0.0364721069799269,	-0.0696468577535525,	0.0409210069873288,	-0.1040719253335428,	0.0894597714640621,	0.0212751838158164,	-0.1242263671056729,	-0.0161361827800727,	0.0542601187928836,	0.0271888481986000,	
  -0.0106573518403460,	0.1245198034264699,	-0.1324986118010744,	0.0716753417175253,	-0.0942212550746662,	0.0109313521730012,	-0.0918156745508864,	-0.0291473529045095,	0.1042002645326493,	-0.0615468713565494,	0.0585264227687031,	-0.0304889990394874,	
  -0.0789695577565881,	0.0618309911018231,	0.0017714941122544,	-0.0342320295252075,	-0.0668798639484190,	-0.1099472977033657,	0.0988992254399128,	0.0798051700477224,	0.0072174136051093,	-0.0103748560090142,	-0.0897185354422083,	0.1228821432578079,	
  -0.0718817458109690,	-0.0435579121851603,	0.0633435591967525,	0.1245002415541421,	0.1166381713174505,	0.1148590435600653,	0.0698683927934673,	0.0584038989957364,	-0.0249050492031277,	0.0214566049866918,	0.1118383287342897,	0.0023021923215388,	
  0.0886384639489169,	0.0217342353204281,	-0.0016880320318831,	-0.0821171670486924,	0.1324160770004026,	-0.0920749624498100,	-0.0459571202219533,	0.0890347763600677,	-0.0004182192740257,	0.1277784233645951,	-0.0419597535891211,	0.0651607205829762,	
  -0.1177812924696586,	-0.0957584912379538,	-0.1000403756704867,	-0.0540188442356803,	0.1296846472489414,	0.0533251711689656,	0.0639561800032657,	0.0820890442500858,	-0.0051415218394745,	0.0034268704623029,	0.0564097669592764,	-0.0711931644388984,	
};

const PROGMEM tinytype Bdyn_data[12*4] = {
  0.8752340670234349,	0.5259257144451350,	0.2614585091239863,	-0.6926320888699866,	
  0.0831102160762713,	0.1053287394777278,	-0.6994613233231273,	0.6809850927470709,	
  -0.4906902339750647,	0.7114353322964924,	0.2286377293115871,	-0.3167586509375346,	
  0.8936477160855973,	-0.1494930039369742,	-0.1460255039037663,	-0.1566007558947400,	
  -0.9603513495264735,	0.6389521740766955,	-0.1998696268785414,	0.3110820241275463,	
  0.8411087808615798,	0.7728615773237031,	-0.0276030683959005,	0.0501379053693802,	
  -0.7311320728123385,	0.5306991351002970,	0.2787412593301797,	-0.2270055578815711,	
  -0.0159549934313861,	-0.8119577438077741,	-0.8249273107122443,	0.1088211274265183,	
  -0.5940713634088755,	-0.7664085301059158,	0.5263961461530495,	0.3345287144949860,	
  0.0956080429529855,	0.0414945771009754,	-0.3392590303762719,	0.4091883586681886,	
  -0.8496866228706161,	0.7185067985444102,	-0.8494355620874832,	-0.7327831330650585,	
  0.3500007093774538,	0.4606570752036800,	-0.1847362527814371,	0.9752134284410909,	
};

const PROGMEM tinytype Q_data[12] = {
  9.9170722526731225,1.4096813692185020,4.7527719474992365,6.6008128951663183,9.7199840912390520,9.7843079571967433,3.9390760513224845,7.1044366123300415,4.9940158001445907,4.4401900020777072,
  1.9133383371091730,6.0342077473368558,
};

const PROGMEM tinytype Qf_data[12] = {
  89.2536502740581028,12.6871323229665176,42.7749475274931257,59.4073160564968674,87.4798568211514720,88.0587716147706914,35.4516844619023601,63.9399295109703729,44.9461422013013134,39.9617100186993639,
  17.2200450339825579,54.3078697260317043,
};

const PROGMEM tinytype R_data[4] = {
  0.1000000000000000,0.1000000000000000,0.1000000000000000,0.1000000000000000,
};

const PROGMEM tinytype umin[4] = {
  -3.0,	
  -3.0,	
  -3.0,	
  -3.0,	
};

const PROGMEM tinytype umax[4] = {
  3.0,	
  3.0,	
  3.0,	
  3.0,	
};

const PROGMEM tinytype xmin[12] = {
  -10000.0,	
  -10000.0,	
  -10000.0,	
  -10000.0,	
  -10000.0,	
  -10000.0,	
  -10000.0,	
  -10000.0,	
  -10000.0,	
  -10000.0,	
  -10000.0,	
  -10000.0,	
};

const PROGMEM tinytype xmax[12] = {
  10000.0,	
  10000.0,	
  10000.0,	
  10000.0,	
  10000.0,	
  10000.0,	
  10000.0,	
  10000.0,	
  10000.0,	
  10000.0,	
  10000.0,	
  10000.0,	
};

const PROGMEM tinytype rho_value = 85.0;

const PROGMEM tinytype Kinf_data[4*12] = {
  -0.0001211813780031,	-0.0149667788182583,	-0.0123588183231099,	-0.0032051108192987,	-0.0176902211003820,	0.0070464300994396,	0.0071897795754746,	-0.0040666484858836,	0.0043803356064237,	0.0119562103722214,	-0.0033033749200842,	-0.0157011196907556,	
  -0.0040442761897638,	-0.0100985343829858,	-0.0130328986035354,	0.0039292757079053,	0.0137724103157022,	-0.0002475172433126,	-0.0011025511275839,	0.0081006504193199,	-0.0123390185408594,	0.0053312504664510,	0.0051602694819610,	0.0063102435824920,	
  0.0004059503063663,	-0.0040776016012274,	0.0084097451211710,	-0.0052251950146712,	-0.0075779283808882,	-0.0080406902990721,	0.0087953233460472,	-0.0006358920815750,	-0.0064302104603754,	0.0060901137811408,	-0.0116832986827197,	-0.0005302206980678,	
  -0.0122257654922771,	-0.0024467140081720,	-0.0013830263091925,	0.0033077055921692,	0.0171169339570670,	0.0113673717574089,	0.0112562254993662,	0.0044033168634856,	0.0024903410864300,	-0.0095815811085945,	0.0075567066019297,	0.0057250626396570,	
};

const PROGMEM tinytype Pinf_data[12*12] = {
  10.4636075414087735,	0.1746448216828893,	0.1130687564644469,	0.1433104600687595,	-0.1593089964234381,	0.0878239630439521,	-0.0042344880001145,	-0.3820762185233127,	0.3095782273706459,	0.2126817290165047,	-0.3698612492498580,	-0.0879053561506624,	
  0.1746448216828893,	1.8635024637191264,	-0.0103602150157188,	0.1053690228768382,	-0.2006504467023715,	-0.0330613994682250,	0.0584828173555048,	-0.2216892956449871,	0.1237836212749568,	-0.0941086668246411,	-0.0928323768301746,	0.1721306533687619,	
  0.1130687564644469,	-0.0103602150157188,	5.2174660140883606,	-0.0879609656399630,	0.1235717636981448,	0.0334557660811577,	0.1531567448592246,	-0.0954387090793105,	-0.0490270675386884,	0.0416841404885565,	-0.0886333407146979,	-0.0247905171462560,	
  0.1433104600687596,	0.1053690228768382,	-0.0879609656399630,	7.0478941720702792,	-0.0044487930624968,	0.1640186181424727,	0.0023575913012184,	-0.1700545040868305,	0.1881646320323192,	-0.0197686472081029,	-0.0240256752705417,	0.0671236364255123,	
  -0.1593089964234380,	-0.2006504467023715,	0.1235717636981448,	-0.0044487930624969,	10.2492236003104562,	0.1228545598986169,	0.0694997472693698,	0.1652579270593426,	-0.0982052823834545,	-0.0238714747779389,	0.1685087410361198,	0.0261070934451743,	
  0.0878239630439520,	-0.0330613994682250,	0.0334557660811577,	0.1640186181424727,	0.1228545598986169,	10.0437029120783077,	0.0700836418354015,	-0.1208100312390138,	0.1185424512058651,	-0.0128397371742240,	0.0447203685079914,	-0.0414801433409750,	
  -0.0042344880001145,	0.0584828173555048,	0.1531567448592246,	0.0023575913012183,	0.0694997472693698,	0.0700836418354015,	4.3916763725904477,	-0.1039271200247271,	0.0452501597848330,	0.0904323421652330,	-0.1650665321997195,	0.0776331282230389,	
  -0.3820762185233127,	-0.2216892956449871,	-0.0954387090793105,	-0.1700545040868305,	0.1652579270593426,	-0.1208100312390138,	-0.1039271200247271,	7.4990829426086805,	-0.2654934420945388,	-0.0838951443304977,	0.2544421275798232,	0.0742182590337860,	
  0.3095782273706459,	0.1237836212749568,	-0.0490270675386883,	0.1881646320323192,	-0.0982052823834545,	0.1185424512058651,	0.0452501597848330,	-0.2654934420945388,	5.3654323125409045,	0.1385045235020340,	-0.2592502059990701,	-0.1181572948099536,	
  0.2126817290165047,	-0.0941086668246411,	0.0416841404885565,	-0.0197686472081029,	-0.0238714747779389,	-0.0128397371742240,	0.0904323421652330,	-0.0838951443304978,	0.1385045235020340,	4.7837548576833475,	-0.2699750278344532,	-0.2076205423588157,	
  -0.3698612492498581,	-0.0928323768301746,	-0.0886333407146980,	-0.0240256752705417,	0.1685087410361198,	0.0447203685079914,	-0.1650665321997195,	0.2544421275798232,	-0.2592502059990701,	-0.2699750278344532,	2.3739548507216681,	0.0653675390068551,	
  -0.0879053561506623,	0.1721306533687619,	-0.0247905171462560,	0.0671236364255123,	0.0261070934451743,	-0.0414801433409750,	0.0776331282230390,	0.0742182590337860,	-0.1181572948099536,	-0.2076205423588156,	0.0653675390068550,	6.4888732510767664,	
};

const PROGMEM tinytype Quu_inv_data[4*4] = {
  0.0081015079352057,	-0.0001659586535828,	-0.0001544077424557,	0.0004185701759055,	
  -0.0001659586535828,	0.0088587134067080,	-0.0002052042893635,	0.0002324240224685,	
  -0.0001544077424557,	-0.0002052042893635,	0.0102659209566605,	0.0003898860710674,	
  0.0004185701759055,	0.0002324240224685,	0.0003898860710674,	0.0099241219135662,	
};

const PROGMEM tinytype AmBKt_data[12*12] = {
  -0.0519615669693246,	-0.0929763595129288,	-0.0838843629819954,	-0.0416050341220349,	-0.0521909407973158,	-0.0678365307027754,	-0.0866534902218901,	0.0854302438219977,	-0.0406725576029022,	0.0720835646322379,	0.0132970743699608,	-0.0847652435846139,	
  -0.0084601274135325,	0.0323944946470110,	-0.0173841843039443,	-0.1358933761835039,	0.0754980618611919,	0.0691666199138020,	0.0097894535594114,	0.0533708343563886,	-0.0035905390961822,	0.0148010830464782,	0.0258718320500850,	0.1168538486881944,	
  0.1152354460727526,	0.1304801821829950,	-0.0683539766755634,	0.0543160735601790,	-0.1043037351445743,	0.0050918424025625,	-0.0469507614254212,	-0.0548761288715713,	0.0065897324414668,	0.0014566078655475,	-0.0418321680672761,	0.0610339841452394,	
  -0.1105473465773631,	0.0079662860507989,	-0.0232715998784119,	-0.0893564261804589,	-0.0758002585587658,	-0.0187917342521156,	-0.0092619558619709,	0.0666683041476228,	-0.1214291855438909,	-0.1144829462627854,	0.1290405674222453,	0.0810388958640193,	
  -0.1166560829945220,	-0.0457762899854984,	-0.0589236076539709,	0.0339869380217570,	0.0839966436042803,	-0.0195336151687548,	-0.0921748053867338,	0.1096944903743966,	-0.0872955622276533,	-0.1048661914938716,	0.1218984612098828,	0.0966712251326213,	
  0.0303384255913576,	0.0286708492962837,	-0.0912143213899676,	0.1065656000323297,	-0.0228412386582250,	0.0328918885555698,	0.0824849156451974,	-0.0558464297977517,	0.0560982957503972,	0.0222092806427890,	-0.0496235257294579,	0.0697377617845568,	
  -0.1092307816590306,	0.1188531140272191,	0.0316946289339824,	-0.0718681352983220,	0.0266760331650570,	-0.0939669683947788,	0.0954051790813863,	0.0151797452683914,	-0.1121177705573905,	-0.0140965420689620,	0.0540783966751953,	0.0138078306256471,	
  -0.0122777655797768,	0.1129839546291643,	-0.1361900287028315,	0.0701442557109114,	-0.0914348113606994,	0.0029728091413177,	-0.0865655993056811,	-0.0236385890668007,	0.0886759331561455,	-0.0509607803560087,	0.0522034367149276,	-0.0266762604644770,	
  -0.0782649369759295,	0.0481649833710574,	-0.0195232460094200,	-0.0314806636408834,	-0.0685709385876844,	-0.1055210385690002,	0.0939301080459682,	0.0824593934292361,	0.0029146638911532,	0.0008134036086953,	-0.0841039932806339,	0.1167546904715685,	
  -0.0665619811438362,	-0.0420901296158335,	0.0684849564867635,	0.1215174630767884,	0.1081830876484675,	0.1068163458055849,	0.0676047183651052,	0.0564390521043722,	-0.0280123677093237,	0.0260790746718877,	0.1048842537915813,	0.0010189936137771,	
  0.0828273315757415,	0.0110164586158707,	0.0033051498379151,	-0.0896783537433712,	0.1135954009714581,	-0.0844100922259006,	-0.0233364375962692,	0.0824455541221460,	0.0085321925103744,	0.1322588538715976,	-0.0528610580183296,	0.0510305773245470,	
  -0.1038781300410478,	-0.0842353592055800,	-0.0868087529090565,	-0.0588981036884407,	0.1114392969869804,	0.0384019156254161,	0.0525952428456842,	0.0753691061202466,	-0.0046070932710487,	0.0072554614652452,	0.0456611053060594,	-0.0742857287114153,	
};

const PROGMEM tinytype coeff_d2p_data[12*4] = {
  0.0734920656797914,	0.0432366972707410,	0.0294686786305202,	-0.0618687751385351,	
  0.0054045845865420,	0.0024723801481742,	-0.0087924529749414,	0.0125789966068821,	
  -0.0229884437294608,	0.0352973863984893,	0.0130760639552117,	-0.0163868696910327,	
  0.0529265325078273,	-0.0090966194239401,	-0.0097745560004335,	-0.0074948476899938,	
  -0.0812790791264134,	0.0625133760870627,	-0.0215799154139010,	0.0261576684552786,	
  0.0665825442944419,	0.0690551483198821,	-0.0039768422865455,	0.0088155154431977,	
  -0.0263805079078758,	0.0223170564830220,	0.0141115652169119,	-0.0075302700283148,	
  -0.0041580490847006,	-0.0513267032398875,	-0.0653436731004818,	0.0038498225475120,	
  -0.0182127023129382,	-0.0350025043331410,	0.0349353071559050,	0.0164028156771528,	
  0.0059033215049376,	0.0007668255146846,	-0.0101915137447464,	0.0171239769187029,	
  -0.0182032583600724,	0.0138573551268142,	-0.0253380436452209,	-0.0166723483155689,	
  0.0198489059491653,	0.0282326515898188,	-0.0133578807530210,	0.0638378698092550,	
};

const PROGMEM tinytype dKinf_drho_data[4*12] = {
  0.0000061516332937,	0.0001194529668026,	0.0001009382236940,	0.0000249421262872,	0.0001365830145192,	-0.0000626993052051,	-0.0000614299787616,	0.0000317223736845,	-0.0000391598125486,	-0.0000901754901015,	0.0000220284202591,	0.0001246562029798,	
  0.0000380080607322,	0.0000869562640041,	0.0001140746743310,	-0.0000379517019397,	-0.0001296187119091,	-0.0000011875023155,	0.0000093723953170,	-0.0000726703446784,	0.0001076622047014,	-0.0000426968953193,	-0.0000495373323031,	-0.0000588036967944,	
  0.0000008067815177,	0.0000391294033155,	-0.0000887968856907,	0.0000533417895805,	0.0000695826319512,	0.0000791892782109,	-0.0000924298494011,	0.0000043861796688,	0.0000635380053590,	-0.0000548278327325,	0.0001160813539788,	0.0000012554555792,	
  0.0001216741294829,	0.0000343839123962,	0.0000176132601053,	-0.0000310258095902,	-0.0001620056228596,	-0.0001125131207639,	-0.0001186913711353,	-0.0000429029378882,	-0.0000214108427225,	0.0000858759491349,	-0.0000695473007650,	-0.0000509993544307,	
};

const PROGMEM tinytype dPinf_drho_data[12*12] = {
  0.0001813153087198,	0.0000741374059576,	0.0000860032190428,	-0.0000577654494280,	-0.0002826086403241,	-0.0001401180372565,	-0.0001237994462968,	-0.0000973269514980,	0.0000227823277990,	0.0001093987194693,	-0.0001351819576837,	-0.0000996769486723,	
  0.0000741374059576,	0.0003649501744894,	0.0002855797394569,	0.0000186158037164,	0.0001055472244765,	-0.0001047091106184,	-0.0001502746480443,	-0.0000351183035397,	0.0000771255606261,	-0.0002348126677483,	0.0000175522903982,	0.0001698293202214,	
  0.0000860032190428,	0.0002855797394569,	0.0004243684863897,	-0.0000414026248478,	-0.0000652478754195,	-0.0001636564633131,	0.0000031509082579,	-0.0000875565631532,	0.0000551884466943,	-0.0001375438644139,	-0.0001497000816187,	0.0000772906738003,	
  -0.0000577654494280,	0.0000186158037164,	-0.0000414026248478,	0.0000841428921600,	0.0002032704563806,	0.0000583744802133,	-0.0000242795955672,	0.0000503360907065,	-0.0000188703997173,	-0.0000763220294901,	0.0001165615497637,	0.0000789019844628,	
  -0.0002826086403241,	0.0001055472244765,	-0.0000652478754195,	0.0002032704563806,	0.0008759992487016,	0.0001272756468745,	-0.0000307281575725,	0.0002803637143949,	-0.0001615999604701,	-0.0003625665848880,	0.0003691633977698,	0.0004730774473462,	
  -0.0001401180372565,	-0.0001047091106184,	-0.0001636564633131,	0.0000583744802133,	0.0001272756468745,	0.0002511088155793,	0.0001027305922867,	0.0000226625142313,	0.0001150335725469,	-0.0000730569618088,	0.0001589282421168,	-0.0000548712155796,	
  -0.0001237994462968,	-0.0001502746480443,	0.0000031509082579,	-0.0000242795955672,	-0.0000307281575725,	0.0001027305922867,	0.0002800274649262,	-0.0000099358515554,	0.0000197488380220,	0.0000356501472560,	-0.0000634248411449,	-0.0000645941359123,	
  -0.0000973269514980,	-0.0000351183035397,	-0.0000875565631532,	0.0000503360907065,	0.0002803637143949,	0.0000226625142313,	-0.0000099358515554,	0.0001203436552071,	-0.0001069509905624,	-0.0000625607644568,	0.0001098625241624,	0.0001549892989436,	
  0.0000227823277990,	0.0000771255606261,	0.0000551884466943,	-0.0000188703997173,	-0.0001615999604701,	0.0001150335725469,	0.0000197488380220,	-0.0001069509905624,	0.0002238124341513,	-0.0000693466233383,	0.0000076201690222,	-0.0001335550749896,	
  0.0001093987194693,	-0.0002348126677483,	-0.0001375438644139,	-0.0000763220294901,	-0.0003625665848880,	-0.0000730569618088,	0.0000356501472560,	-0.0000625607644568,	-0.0000693466233383,	0.0003142288049599,	-0.0001720002976854,	-0.0002214789920822,	
  -0.0001351819576837,	0.0000175522903982,	-0.0001497000816187,	0.0001165615497637,	0.0003691633977698,	0.0001589282421168,	-0.0000634248411449,	0.0001098625241624,	0.0000076201690222,	-0.0001720002976854,	0.0002580161688786,	0.0001338035180138,	
  -0.0000996769486723,	0.0001698293202214,	0.0000772906738003,	0.0000789019844628,	0.0004730774473462,	-0.0000548712155796,	-0.0000645941359123,	0.0001549892989436,	-0.0001335550749896,	-0.0002214789920822,	0.0001338035180138,	0.0003507471425322,	
};

const PROGMEM tinytype dC1_drho_data[4*4] = {
  -0.0000659348501146,	0.0000027527793711,	0.0000025869382135,	-0.0000074098107335,	
  0.0000027527793711,	-0.0000786781391439,	0.0000038800694877,	-0.0000042642377764,	
  0.0000025869382135,	0.0000038800694877,	-0.0001057389374093,	-0.0000077017544856,	
  -0.0000074098107335,	-0.0000042642377764,	-0.0000077017544856,	-0.0000989169156911,	
};

const PROGMEM tinytype dC2_drho_data[12*12] = {
  0.0000586909310506,	-0.0001366971556117,	-0.0001129231661534,	-0.0000373065587566,	-0.0001817755577985,	-0.0000431338025817,	-0.0000092064552518,	-0.0000204080546766,	-0.0000537907087988,	0.0001751956975605,	-0.0000717482169228,	-0.0001138290181995,	
  -0.0000868085605820,	-0.0000151321831074,	-0.0000945086939738,	0.0000603630919710,	0.0001612949056226,	0.0001373456262345,	0.0000202942258281,	0.0000373020466434,	0.0000509374981987,	-0.0000848384749937,	0.0001319420105299,	0.0000314414580229,	
  0.0000143351414780,	-0.0000013044105664,	-0.0000057458824141,	0.0000172154002272,	0.0000920093852202,	-0.0000836662667387,	-0.0000532745115394,	0.0000526733868933,	-0.0001171192888859,	0.0000258655085478,	-0.0000025185471966,	0.0000865610777548,	
  0.0000193566174570,	-0.0000826510803372,	-0.0000833582074628,	-0.0000250323916498,	-0.0001566435536963,	0.0000497975821032,	0.0000242135939770,	-0.0000452904733221,	0.0000570150385326,	0.0000796442102810,	-0.0000210314537282,	-0.0001279926812856,	
  -0.0000560669870644,	0.0000562804861138,	0.0000008209291564,	0.0000685155023323,	0.0002782923318558,	-0.0000086262643450,	-0.0000465340429021,	0.0000911204959543,	-0.0000870383328720,	-0.0000969917620741,	0.0000976430612987,	0.0001734024125127,	
  -0.0000406273788930,	-0.0001683219403839,	-0.0001763981174872,	0.0000113803369611,	-0.0000046605339548,	0.0000614817503389,	0.0000478253195959,	0.0000317542856143,	-0.0000474429804382,	0.0001030271297780,	0.0000264483606095,	-0.0000568106538257,	
  0.0000117226317906,	0.0000380866411821,	0.0000420095053894,	0.0000164653350704,	0.0001124770335646,	-0.0000928256894087,	-0.0000510669380919,	0.0000507975193001,	-0.0001083382777637,	-0.0000084938906932,	-0.0000057491826288,	0.0001104201349297,	
  0.0000183839086661,	0.0001010479005659,	0.0000190666129567,	0.0000169621357866,	-0.0000280354878007,	0.0000756046342600,	-0.0000567019042252,	-0.0000502120933736,	0.0001415365542038,	-0.0000906809183552,	0.0000634561375698,	-0.0000391717612352,	
  -0.0000083439656689,	0.0001055076362108,	0.0001882425088032,	-0.0000319689933946,	-0.0000006333253567,	-0.0000422040348460,	0.0000590496808032,	-0.0000248064216761,	0.0000329658893586,	-0.0000861607521502,	-0.0000627185886319,	0.0000453869071359,	
  -0.0000516792034468,	-0.0000158233710321,	-0.0000517162727290,	0.0000299822058550,	0.0000822173900760,	0.0000789485697276,	0.0000226937627252,	0.0000190259449524,	0.0000295935050678,	-0.0000433470843003,	0.0000677890299497,	0.0000118161656967,	
  0.0000677639692103,	0.0000974527788436,	-0.0000587181032243,	0.0000710367699699,	0.0001495756602633,	-0.0000676030605050,	-0.0002244185968388,	0.0000514554410184,	-0.0000723476580167,	-0.0000295871619396,	0.0001019507052728,	0.0001118645259477,	
  -0.0001381709612789,	-0.0001081686751140,	-0.0001214584474228,	0.0000488639065850,	0.0001827501183301,	0.0001468452694046,	0.0001158573508770,	0.0000650230626850,	-0.0000032714798001,	-0.0000426459547215,	0.0001043776558646,	0.0000334257629471,	
};

