#pragma once

typedef float tinytype;

const PROGMEM tinytype Adyn_data[12*12] = {
  0.0691845788344018,	-0.1204328424019688,	0.0434963797240420,	-0.1387552045242388,	0.0396508638579008,	-0.0963365050642973,	-0.0580512775316586,	0.1253616083667425,	0.1135673579305930,	-0.1010880128617051,	0.0468318294815503,	-0.1277914478905488,	
  -0.0765988174999363,	0.0119436808083736,	0.1092242686137383,	0.0092034650475211,	-0.0327202627177910,	0.0046303644120501,	0.1420168991178355,	0.0605416785914618,	0.0860112409316430,	0.0788793160768182,	0.0527942721332138,	-0.0273489708382293,	
  0.0870600894515502,	0.0563543922309149,	-0.0765283538098595,	0.0136540249352464,	0.0243208309723344,	0.0325765646684647,	-0.1290342520941317,	-0.1104370709563361,	0.0129475802718021,	-0.0223640475922317,	0.1082352639049008,	0.0396877044320410,	
  0.0623720084634611,	0.1148879290937321,	-0.0818583638825638,	-0.0655428160835118,	-0.0050640840110128,	-0.0135674703654435,	-0.0676226184883874,	0.0812595475678243,	-0.1179650756735613,	0.1052289123982917,	0.1325046171178411,	-0.1186828016546530,	
  0.1230813268032067,	0.0732028638986938,	0.0042738241391356,	-0.0888267953917761,	-0.0215473610575229,	0.0205209866353513,	0.1174632074725776,	0.0269207809638399,	-0.1126955564768948,	-0.1209845595967268,	-0.1320247948799189,	0.0101924002670579,	
  -0.0570676342714232,	-0.0718119471548193,	0.0771571081460850,	-0.0467057721470971,	0.1345800892738914,	0.1280973336448139,	-0.0907910037711755,	-0.0707912600883306,	-0.1043869560649378,	0.0957560315398781,	-0.1167631146543284,	0.0388382929291445,	
  -0.0968831692678091,	0.1207684353525043,	0.0977801437449378,	0.0064817340707052,	0.0070568196696036,	0.0793534140676238,	0.0027990158279433,	0.1047665066271796,	-0.0022788353569573,	-0.0523760254729939,	-0.0957378937419155,	0.0022669732734785,	
  0.0331294106395868,	-0.0120988352088109,	0.0666080648884146,	0.0789722659567029,	-0.0868427312724767,	0.0736774886622996,	-0.1314806916687930,	-0.1358244679096763,	-0.1330003796770091,	0.0169517043409216,	0.0218966618794047,	0.1212363397231149,	
  0.1038988639874207,	0.0642284783761298,	0.0163234150302864,	0.0660054679608404,	-0.0151003559985618,	0.0585040418864638,	0.0433680548231592,	-0.0750523220561216,	0.0960674566126342,	0.0246672507436071,	-0.0280128373310217,	0.0971156048892258,	
  -0.0875471508548632,	0.1285271712168981,	-0.1375332723897875,	-0.0388435276362939,	0.0762655862039032,	-0.1164274961300020,	0.1081377459314356,	0.0906466547006671,	-0.0373161118972209,	0.1345419875754322,	-0.0524929702538059,	-0.0864644143806934,	
  0.0226730811850786,	0.1393273234154668,	0.0747144946905507,	0.0726099187801891,	0.0441557765200840,	0.1081077542904311,	0.0942921246954307,	0.0559881263579677,	-0.1031441955530067,	0.0834858663549445,	0.0178919033232178,	0.1059823005766457,	
  -0.0123229582806694,	0.0369890975596173,	0.1026719280142280,	-0.0337222882710527,	-0.1433431722140248,	-0.0804975657351373,	-0.1052079053793160,	-0.0094992345674947,	0.0537418360870429,	0.0563411923006795,	-0.0645792238617056,	0.0595328127268700,	
};

const PROGMEM tinytype Bdyn_data[12*4] = {
  0.9912270849472875,	-0.2714288218191445,	0.6443260690631067,	-0.4823542970319472,	
  0.4179662402193416,	0.8880796545614393,	-0.8813880301166475,	-0.4357854340767888,	
  0.1559391684477269,	-0.4349260960628996,	-0.0040714924306611,	0.6579035330160599,	
  -0.7802750302660821,	-0.2077488743074314,	0.1754754286885114,	0.6635004700572928,	
  0.3339421613604114,	-0.3611695032574758,	-0.7040850794585185,	-0.0013482412072432,	
  0.1038631953588534,	0.7308519225641963,	0.8310589319340662,	-0.2572050844779490,	
  -0.4355237655019915,	-0.9623621056738905,	-0.5367649270858930,	-0.4608393479793895,	
  0.1044647068994460,	0.5643497265810002,	0.8259098888442069,	0.3512086177668372,	
  0.5861834516262932,	0.3165441588651750,	-0.7583976363970710,	-0.8953524425965511,	
  -0.3630477141883257,	0.0386153588678841,	0.3141336452828400,	0.3058295267101954,	
  -0.5990226015244706,	0.7214805053813755,	-0.9584843108612562,	-0.0909089067460491,	
  -0.5663038447128461,	-0.4963172875533162,	-0.9723781803420746,	0.3733874446114520,	
};

const PROGMEM tinytype Q_data[12] = {
  0.7837657562877625,6.5213635508555745,7.9117294999473380,1.8764062271069208,2.2870607907286820,6.8505283458154649,6.8612219737764173,0.7401974964579626,6.5159352457982358,6.1258994651277581,
  5.6293593822648038,4.1222926566305826,
};

const PROGMEM tinytype Qf_data[12] = {
  7.0538918065898617,58.6922719577001715,71.2055654995260454,16.8876560439622878,20.5835471165581367,61.6547551123391813,61.7509977639877548,6.6617774681216639,58.6434172121841186,55.1330951861498235,
  50.6642344403832325,37.1006339096752455,
};

const PROGMEM tinytype R_data[4] = {
  0.1000000000000000,0.1000000000000000,0.1000000000000000,0.1000000000000000,
};

const PROGMEM tinytype umin[4] = {
  -3.0,	
  -3.0,	
  -3.0,	
  -3.0,	
};

const PROGMEM tinytype umax[4] = {
  3.0,	
  3.0,	
  3.0,	
  3.0,	
};

const PROGMEM tinytype xmin[12] = {
  -10000.0,	
  -10000.0,	
  -10000.0,	
  -10000.0,	
  -10000.0,	
  -10000.0,	
  -10000.0,	
  -10000.0,	
  -10000.0,	
  -10000.0,	
  -10000.0,	
  -10000.0,	
};

const PROGMEM tinytype xmax[12] = {
  10000.0,	
  10000.0,	
  10000.0,	
  10000.0,	
  10000.0,	
  10000.0,	
  10000.0,	
  10000.0,	
  10000.0,	
  10000.0,	
  10000.0,	
  10000.0,	
};

const PROGMEM tinytype rho_value = 85.0;

const PROGMEM tinytype Kinf_data[4*12] = {
  0.0085847668409755,	-0.0119243532999257,	-0.0007114146426393,	0.0004323740745073,	-0.0008697742316796,	0.0007316408642823,	0.0002307995080258,	-0.0105233380059358,	0.0112939389643022,	-0.0069670837718824,	0.0039866844188255,	0.0011856402038984,	
  -0.0021000375994256,	-0.0059685935483810,	0.0067092164361274,	0.0035160935800078,	0.0073799551051456,	0.0066840000614509,	0.0130064244109240,	-0.0027023208144503,	-0.0041663851071199,	0.0172118217720754,	0.0023716174392630,	0.0043180026441660,	
  -0.0039019248177457,	-0.0188595669948196,	-0.0143884374515753,	-0.0078548504909507,	0.0133442071834398,	-0.0030025003106749,	-0.0156380633796676,	-0.0084098818331550,	-0.0103880911112022,	-0.0011143177950608,	-0.0020536860734225,	-0.0096336795529335,	
  0.0038160108124750,	0.0007472138505368,	-0.0141287056084758,	-0.0038903890305181,	-0.0013729976081429,	-0.0095653416666715,	-0.0118285896659082,	-0.0048206624397337,	-0.0066795776033242,	0.0009320690656785,	0.0106322788180227,	-0.0043438751059396,	
};

const PROGMEM tinytype Pinf_data[12*12] = {
  1.1454261177156508,	-0.0132598039751477,	-0.1215006314799181,	0.0545757166435775,	-0.0578425958098494,	0.0404220723642186,	-0.1306039207850926,	-0.2226746487459605,	0.0320350088898393,	-0.1297504799065866,	0.1542763732556872,	0.1341497877944093,	
  -0.0132598039751477,	6.9521066692614575,	-0.0565536632029723,	0.0676775484399329,	0.0381940098416664,	0.0432309749733415,	0.1660814854607046,	0.1461611592021524,	-0.0796303094554566,	0.1252853524257143,	-0.0189358885109296,	0.0416717438768348,	
  -0.1215006314799181,	-0.0565536632029722,	8.3215780134627764,	0.0174512648879107,	-0.0609823743185527,	0.2049215437425202,	-0.0096756458989377,	0.0563827125596346,	0.0085999019064118,	0.0003381084239691,	-0.1384242513420418,	0.1228447456302180,	
  0.0545757166435775,	0.0676775484399329,	0.0174512648879107,	2.0291674720348438,	-0.0322196755674779,	0.0918047864182419,	0.0321454256148256,	-0.0692177880014674,	0.0429465018338952,	-0.0109293392197547,	0.0822289562770936,	0.1267145415112963,	
  -0.0578425958098494,	0.0381940098416665,	-0.0609823743185527,	-0.0322196755674779,	2.5456631161906138,	0.1291641119931235,	0.0065383582968441,	0.0019763020714849,	-0.1630838181646721,	0.1037804481405617,	-0.0780281462559518,	-0.0129040093521293,	
  0.0404220723642186,	0.0432309749733415,	0.2049215437425202,	0.0918047864182419,	0.1291641119931235,	7.2307987426583775,	-0.1062066168555609,	-0.1223056571189630,	-0.1453699812688355,	-0.0142803532368733,	-0.0696631784418911,	0.2122825032618519,	
  -0.1306039207850926,	0.1660814854607046,	-0.0096756458989377,	0.0321454256148256,	0.0065383582968442,	-0.1062066168555610,	7.4013069594086192,	0.3045668427954864,	0.0198783384598976,	0.0866688777774568,	-0.0547454001909690,	-0.1162792209774080,	
  -0.2226746487459604,	0.1461611592021523,	0.0563827125596346,	-0.0692177880014674,	0.0019763020714849,	-0.1223056571189630,	0.3045668427954863,	1.1338579337690193,	-0.0288575336476678,	0.0533039143677858,	-0.0760001924905102,	-0.1976906716172120,	
  0.0320350088898392,	-0.0796303094554566,	0.0085999019064118,	0.0429465018338951,	-0.1630838181646721,	-0.1453699812688355,	0.0198783384598976,	-0.0288575336476679,	6.8577960456031430,	-0.0711224301154848,	0.1176763212708600,	-0.0280919868222694,	
  -0.1297504799065867,	0.1252853524257143,	0.0003381084239690,	-0.0109293392197547,	0.1037804481405617,	-0.0142803532368733,	0.0866688777774568,	0.0533039143677858,	-0.0711224301154848,	6.4697138640952954,	-0.0279129007697102,	-0.0130663792521548,	
  0.1542763732556872,	-0.0189358885109296,	-0.1384242513420418,	0.0822289562770936,	-0.0780281462559517,	-0.0696631784418911,	-0.0547454001909691,	-0.0760001924905102,	0.1176763212708601,	-0.0279129007697102,	6.0176623073467903,	-0.0314775746230752,	
  0.1341497877944093,	0.0416717438768348,	0.1228447456302180,	0.1267145415112963,	-0.0129040093521293,	0.2122825032618519,	-0.1162792209774080,	-0.1976906716172120,	-0.0280919868222694,	-0.0130663792521548,	-0.0314775746230752,	4.3877925274709728,	
};

const PROGMEM tinytype Quu_inv_data[4*4] = {
  0.0103747791046185,	-0.0004566988671158,	-0.0001886901591299,	0.0005492304181907,	
  -0.0004566988671158,	0.0093254074133726,	-0.0000008400147891,	0.0005458746157184,	
  -0.0001886901591299,	-0.0000008400147891,	0.0088778032094798,	-0.0006712519057639,	
  0.0005492304181907,	0.0005458746157184,	-0.0006712519057639,	0.0101150333111027,	
};

const PROGMEM tinytype AmBKt_data[12*12] = {
  0.0644598957847970,	-0.0977210162777437,	0.0484784313804281,	-0.1350448772059757,	0.0332558482980270,	-0.0979267914766692,	-0.0503792929492669,	0.1381525771279336,	0.1047130176839933,	-0.0883426946954239,	0.0499756140837110,	-0.1236827121495022,	
  -0.0800981074541746,	0.0059312727306419,	0.0847244166537519,	-0.0027183699641799,	-0.0277476223085633,	-0.0084261656394004,	0.1114317628581701,	0.0578268110914960,	0.0729240357856788,	0.0659298889085910,	0.0518450853567293,	-0.0420632660556842,	
  0.0822815732414321,	0.0550495876613469,	-0.0642626601672719,	0.0176433614594209,	0.0286238287215206,	0.0416503666730180,	-0.1156950087095933,	-0.1068340901401823,	0.0137265658818288,	-0.0144094843606723,	0.1016416866002871,	0.0441994560431823,	
  0.0667869741851300,	0.1071572992330856,	-0.0691204107597927,	-0.0605153726985949,	-0.0056401656780599,	-0.0047345220580363,	-0.0541480906862928,	0.0771612849941664,	-0.1037635013017192,	0.1029455146248287,	0.1294138777272834,	-0.1122879787960297,	
  0.1167138995306306,	0.0617515019438847,	-0.0032151731794776,	-0.0932370057678940,	-0.0091978860082019,	0.0205638058281483,	0.1110571827404141,	0.0235311996015898,	-0.1252949557416492,	-0.1132248893433437,	-0.1339311958447072,	0.0045672092599081,	
  -0.0522002322150261,	-0.0503456888436585,	0.0806512187539658,	-0.0437932078326653,	0.1178338078926345,	0.1231713289813483,	-0.0903669667864271,	-0.0619740676906646,	-0.0955998755063072,	0.0850661587491804,	-0.1144690752757382,	0.0424482166911668,	
  -0.0955011443490370,	0.1000523392878498,	0.0896927293578583,	0.0040447458818869,	0.0203101725291769,	0.0800847667480897,	0.0015713809832350,	0.0908470511394535,	-0.0100238028319707,	-0.0390149435983510,	-0.0879218173966838,	-0.0002340199977684,	
  0.0353001835424601,	0.0078290879374512,	0.0797417140931004,	0.0847965285250804,	-0.1014556502875004,	0.0756681695297730,	-0.1217750403175182,	-0.1245612337143200,	-0.1209033470123346,	0.0085590071920992,	0.0181037840959206,	0.1281577761355482,	
  0.0999888344074131,	0.0594736290901487,	-0.0089456567843703,	0.0551986491809626,	-0.0080356919931377,	0.0451179437775590,	0.0166650293411008,	-0.0787225379869704,	0.0769071014892618,	0.0232923726440543,	-0.0231383612655561,	0.0838583047179537,	
  -0.0842907000849516,	0.1301244458602709,	-0.1292097609941858,	-0.0351650617784789,	0.0718928758051471,	-0.1125514303653688,	0.1162492632528372,	0.0910466597290274,	-0.0277489257306144,	0.1314129535327413,	-0.0537437273531315,	-0.0818459634933278,	
  0.0259376623913181,	0.1184819194900368,	0.0543722556397573,	0.0624497056767415,	0.0509756638728199,	0.0999762237673229,	0.0689823346034201,	0.0431350998903789,	-0.1039369606677817,	0.0659111090941148,	0.0175670846093449,	0.0939485434818320,	
  -0.0137226538577593,	0.0086563425730221,	0.0968834299257910,	-0.0379175979504921,	-0.1266846534379031,	-0.0761138372270563,	-0.1094113541906504,	-0.0231774606403043,	0.0504627054696618,	0.0595066694734746,	-0.0671113933584251,	0.0546017133246222,	
};

const PROGMEM tinytype coeff_d2p_data[12*4] = {
  0.0098658342560880,	-0.0024918471426504,	0.0035977735681779,	-0.0063968619418956,	
  0.0246271369299121,	0.0538229518068097,	-0.0518683688072782,	-0.0207638727300922,	
  0.0167995278481474,	-0.0309161920691963,	-0.0020843605169939,	0.0551068497355739,	
  -0.0159054088538692,	-0.0019967894619876,	0.0005219027848005,	0.0113516046042961,	
  0.0085648819077752,	-0.0081730748303929,	-0.0136937434158937,	0.0018926419823665,	
  0.0029369193746176,	0.0453874753803017,	0.0527413770571403,	-0.0158448278544602,	
  -0.0312536041914225,	-0.0639560033977445,	-0.0314527097646645,	-0.0362810101749239,	
  -0.0002008533276506,	0.0045746109529847,	0.0059155755134307,	0.0028234846397509,	
  0.0368939011232636,	0.0144073911805591,	-0.0432474954158479,	-0.0550210386258753,	
  -0.0245980474815239,	0.0046482204009756,	0.0154569949454963,	0.0180346244644051,	
  -0.0372850302640996,	0.0418780613099310,	-0.0498032919705439,	-0.0033431148550593,	
  -0.0218187695982520,	-0.0178578011647675,	-0.0367484073324230,	0.0172017120237322,	
};

const PROGMEM tinytype dKinf_drho_data[4*12] = {
  -0.0000922279170477,	0.0001158192878319,	0.0000156922409535,	-0.0000020110316911,	0.0000152943360715,	0.0000000759383776,	0.0000069444203808,	0.0001085862802318,	-0.0001166183364769,	0.0000786955099761,	-0.0000459823812785,	-0.0000096069682847,	
  0.0000212160284427,	0.0000490224087134,	-0.0000549141697037,	-0.0000299690658390,	-0.0000690460682498,	-0.0000571381557430,	-0.0001141851718028,	0.0000229893267948,	0.0000481430970451,	-0.0001640392876665,	-0.0000251376628045,	-0.0000373874605244,	
  0.0000390055159877,	0.0001650331795878,	0.0001175804514688,	0.0000670305038956,	-0.0001194722438060,	0.0000201110344131,	0.0001314911906242,	0.0000693214364513,	0.0000893798415942,	0.0000085055132554,	0.0000256108984015,	0.0000826931323011,	
  -0.0000453051585843,	-0.0000098798780506,	0.0001296986248403,	0.0000318312488144,	0.0000194185886732,	0.0000906661732323,	0.0001022046182168,	0.0000504141651854,	0.0000559070123483,	-0.0000153707304519,	-0.0001128427041186,	0.0000343685306098,	
};

const PROGMEM tinytype dPinf_drho_data[12*12] = {
  0.0001222235634169,	-0.0000275266314428,	-0.0000216786818086,	0.0000101874093045,	-0.0000784794072118,	-0.0000341343993250,	-0.0000104031649947,	-0.0000732596669150,	0.0001275457105727,	-0.0001020927290071,	0.0000777265138334,	0.0000228634231857,	
  -0.0000275266314428,	0.0005698092576620,	0.0002338631446695,	0.0001167028375481,	-0.0002798508252930,	0.0000109770122174,	0.0001929375970840,	0.0003004704005863,	0.0000710654122580,	0.0000262067952438,	-0.0000218071620283,	0.0001406021031824,	
  -0.0000216786818086,	0.0002338631446695,	0.0004675481500489,	0.0001987711362635,	-0.0001308531588735,	0.0002305990903319,	0.0004631772957478,	0.0001725375353298,	0.0002200202170771,	0.0001332233601600,	-0.0000936937459127,	0.0002343283009147,	
  0.0000101874093045,	0.0001167028375481,	0.0001987711362635,	0.0000960410348372,	-0.0000809698633591,	0.0000873137711969,	0.0002094605903958,	0.0000659268607245,	0.0001045459367519,	0.0000666516689376,	-0.0000045939931459,	0.0001119538695495,	
  -0.0000784794072118,	-0.0002798508252930,	-0.0001308531588735,	-0.0000809698633591,	0.0002441082245405,	0.0000197276529562,	-0.0000918978347185,	-0.0001104827834801,	-0.0001777687564257,	0.0001154705395632,	-0.0000391917558596,	-0.0000953295122285,	
  -0.0000341343993250,	0.0000109770122174,	0.0002305990903319,	0.0000873137711969,	0.0000197276529562,	0.0001556935968585,	0.0002298967010450,	0.0000377399937903,	0.0000781091419480,	0.0001119094538173,	-0.0000743446918965,	0.0001065167528094,	
  -0.0000104031649947,	0.0001929375970840,	0.0004631772957478,	0.0002094605903958,	-0.0000918978347185,	0.0002298967010450,	0.0005868962993203,	0.0001659785058471,	0.0001791960781602,	0.0002174975872822,	-0.0000700868356377,	0.0002467987304909,	
  -0.0000732596669150,	0.0003004704005863,	0.0001725375353298,	0.0000659268607245,	-0.0001104827834801,	0.0000377399937903,	0.0001659785058471,	0.0002264569801620,	0.0000074048657607,	0.0000320566615278,	-0.0000873358092679,	0.0000704078324636,	
  0.0001275457105727,	0.0000710654122580,	0.0002200202170771,	0.0001045459367519,	-0.0001777687564257,	0.0000781091419480,	0.0001791960781602,	0.0000074048657607,	0.0003177988253721,	-0.0001455178342878,	0.0000030809899910,	0.0001289960306490,	
  -0.0001020927290071,	0.0000262067952438,	0.0001332233601600,	0.0000666516689376,	0.0001154705395632,	0.0001119094538173,	0.0002174975872822,	0.0000320566615278,	-0.0001455178342878,	0.0003717428303728,	0.0000317462316069,	0.0000760286549374,	
  0.0000777265138334,	-0.0000218071620283,	-0.0000936937459127,	-0.0000045939931459,	-0.0000391917558596,	-0.0000743446918965,	-0.0000700868356377,	-0.0000873358092679,	0.0000030809899910,	0.0000317462316069,	0.0001604981669694,	-0.0000064576463373,	
  0.0000228634231857,	0.0001406021031824,	0.0002343283009147,	0.0001119538695495,	-0.0000953295122285,	0.0001065167528094,	0.0002467987304909,	0.0000704078324636,	0.0001289960306490,	0.0000760286549374,	-0.0000064576463373,	0.0001368904822163,	
};

const PROGMEM tinytype dC1_drho_data[4*4] = {
  -0.0001082379093078,	0.0000086732436712,	0.0000039918460037,	-0.0000110976662529,	
  0.0000086732436712,	-0.0000875528250527,	0.0000002995207893,	-0.0000103602475520,	
  0.0000039918460037,	0.0000002995207893,	-0.0000793419552386,	0.0000128391404203,	
  -0.0000110976662529,	-0.0000103602475520,	0.0000128391404203,	-0.0001034028775198,	
};

const PROGMEM tinytype dC2_drho_data[12*12] = {
  0.0000501920422609,	-0.0002125979019191,	-0.0000436593237232,	-0.0000339766405877,	0.0000524444677858,	0.0000151909400349,	-0.0000733010094203,	-0.0001217418155751,	0.0000980399034797,	-0.0001354245733387,	-0.0000321760371572,	-0.0000373288796447,	
  0.0000343422992216,	0.0000492084060400,	0.0002023641039345,	0.0001004069393608,	-0.0000419131752320,	0.0001079481165995,	0.0002589370400498,	0.0000172670904912,	0.0001091294068035,	0.0001135862046298,	0.0000149412624141,	0.0001250804734548,	
  0.0000535745836762,	0.0000104322994233,	-0.0001111810960447,	-0.0000333897070645,	-0.0000456769113920,	-0.0000844304305512,	-0.0001174504321680,	-0.0000398196117759,	0.0000027065440703,	-0.0000734695913698,	0.0000705813170458,	-0.0000370371728525,	
  -0.0000443400503620,	0.0000781512843391,	-0.0001058516718287,	-0.0000406774524629,	0.0000056697460726,	-0.0000754971756587,	-0.0001091895683543,	0.0000438891387804,	-0.0001337709967998,	0.0000360311423688,	0.0000292758787550,	-0.0000525774293612,	
  0.0000658634919522,	0.0000952125346023,	0.0000578878822915,	0.0000370857495101,	-0.0001141372011478,	-0.0000063797992191,	0.0000491595453459,	0.0000209176661710,	0.0001193379867910,	-0.0000795578552079,	0.0000241566108528,	0.0000479742989035,	
  -0.0000499952886079,	-0.0001875509358058,	-0.0000258528584391,	-0.0000254073183709,	0.0001531569681839,	0.0000483579897401,	-0.0000002581983267,	-0.0000727233310454,	-0.0000829734698274,	0.0001006928488547,	-0.0000271600968777,	-0.0000315605975617,	
  -0.0000196915547079,	0.0001816503468781,	0.0000768703200465,	0.0000209317700845,	-0.0001149659332852,	-0.0000023770848304,	0.0000108167467080,	0.0001298581093859,	0.0000692811504913,	-0.0001261094056562,	-0.0000824732801266,	0.0000200608061288,	
  -0.0000186421767780,	-0.0001725974476055,	-0.0001133106210534,	-0.0000494174489712,	0.0001292217433182,	-0.0000162146738853,	-0.0000807800936790,	-0.0000992766033733,	-0.0001084417628813,	0.0000827281692479,	0.0000374690050000,	-0.0000582644075865,	
  0.0000363642756043,	0.0000329056933434,	0.0002134829447254,	0.0000900013283338,	-0.0000603301436288,	0.0001144725762573,	0.0002233057075964,	0.0000267830418379,	0.0001709622635106,	-0.0000015159872354,	-0.0000466994546480,	0.0001109524519860,	
  -0.0000326996887366,	-0.0000086660060671,	-0.0000687840823051,	-0.0000303643065197,	0.0000398102861283,	-0.0000318119657554,	-0.0000656325397181,	0.0000013399239192,	-0.0000893723140408,	0.0000369336163108,	0.0000107422873737,	-0.0000385316642105,	
  -0.0000372860250517,	0.0001912932033843,	0.0001735092880976,	0.0000875588736952,	-0.0000537699034070,	0.0000687880279341,	0.0002218657935582,	0.0001194858908465,	-0.0000138397040413,	0.0001722466019921,	0.0000048810854458,	0.0001036040082502,	
  0.0000131453477263,	0.0002540832621950,	0.0000475365519729,	0.0000372805903056,	-0.0001490303762265,	-0.0000426137299674,	0.0000369578206597,	0.0001214854642202,	0.0000238888702809,	-0.0000228401511783,	0.0000285212717928,	0.0000435797136226,	
};

