#pragma once

typedef float tinytype;

const PROGMEM tinytype Adyn_data[12*12] = {
  -0.0091414916985716,	0.1009871523751859,	0.1164957077844483,	-0.1358116783748762,	0.1077150405350225,	-0.1179109332515604,	0.0212063807884510,	0.1330255864558826,	0.1036908000604070,	0.0664718151024325,	0.0681424395966074,	-0.1198460959513739,	
  -0.0796806062846951,	0.0037310228249207,	-0.0033242571580627,	0.0665455077754565,	-0.0583851080499051,	-0.0117468871971452,	0.0389186490725666,	-0.0271533107403887,	-0.0847240111903128,	0.0089815205530483,	-0.0589422530416046,	-0.0125821437911819,	
  0.0876051089817540,	-0.0220087441832095,	-0.1198520964692708,	-0.1291908571778331,	0.0440776073644760,	-0.0867582205283171,	-0.0419529851702769,	-0.0732415913206996,	0.0717739773485359,	-0.0120411322578050,	0.0637542693957142,	-0.0764551143944712,	
  -0.0738341595995933,	-0.0093644753984819,	0.0166698413131247,	-0.0923457279020294,	-0.0573222900943165,	-0.1059238044048356,	0.1275540064704573,	0.0662915630572200,	0.1251618782495341,	0.0536495620108534,	0.0893159812405061,	-0.0449888799837501,	
  0.1131538857089091,	-0.0686803452558759,	0.0779673467140195,	0.1267763200118660,	0.0948571889615220,	0.0565255818976040,	-0.0073835903800264,	0.0905034489097821,	-0.0121022758985438,	0.1173429321730953,	-0.0602802179382212,	-0.0765303998498870,	
  -0.0080131562331512,	0.0519264677016713,	0.0342328137207782,	0.0885317002490517,	0.0963652921941987,	-0.0528423714021637,	-0.0240288618470161,	0.1303131389315169,	0.0293543510968125,	0.0830851283845473,	0.1198115537513356,	0.0635253027432476,	
  -0.0430642396981366,	0.0931226452338411,	0.1081130980463600,	0.0704563180589273,	0.1116085345545911,	-0.0675153688073722,	0.0813016167178726,	0.0062810579662548,	-0.0698555627480592,	0.1173186414292349,	-0.0378995623193733,	-0.0129434441989465,	
  -0.1332473568324060,	0.0716850327432371,	0.0916396748474690,	-0.0870018203487843,	-0.0959721364896855,	-0.1296172368115872,	-0.0540180426762218,	-0.0737831436837951,	-0.1311938560768178,	-0.0642828517511055,	0.0341984036154563,	0.0852374615529544,	
  -0.0103387932023157,	0.0290945905440681,	-0.0961391223616476,	-0.1298015467834377,	0.0099676911850361,	-0.1321452489313450,	0.1006519066906422,	-0.0459229130078367,	-0.0800809012852598,	0.0103808513956541,	0.0649970244608779,	-0.1107359203079705,	
  0.0445997913211699,	-0.1297320873345006,	-0.1062751956170177,	-0.0304150775548863,	0.1059870735698109,	0.1306755676705394,	-0.0823956403244599,	-0.0075187291105546,	-0.0163523787619204,	0.0819238959389677,	0.0309675453116165,	0.0362476164068770,	
  0.0566565652746992,	0.1298192627843470,	-0.1266251654201329,	0.1115050426491478,	-0.0423958541813339,	0.0789650905797697,	0.0385317278408896,	-0.0307992285805201,	-0.0725597113068107,	0.0411745590288484,	0.0396657716017943,	-0.1064442259200706,	
  0.1220313807257535,	-0.0666391371078773,	-0.0600837932639982,	0.0480219195541254,	0.1272997651427624,	0.0111081479342533,	0.0825529770414929,	0.0554129255434459,	0.0497426447225445,	0.0454399234996040,	-0.0019516725952117,	-0.0642332768088650,	
};

const PROGMEM tinytype Bdyn_data[12*4] = {
  -0.9645029990312066,	-0.2229090519748689,	0.7317500674032849,	0.6943655133952744,	
  0.5490531006620571,	-0.0771105206643696,	0.7827067377238088,	-0.7061314712421121,	
  0.0437591362313432,	-0.8622696011017899,	-0.4215584574231557,	-0.9815331778864766,	
  -0.0568121670720572,	0.0387749623124571,	0.2488117533026004,	0.6653284879509886,	
  -0.8825933131509165,	0.6498718858027646,	-0.5285533993865021,	-0.0765078959408958,	
  -0.2190325911408602,	-0.0001943619725082,	0.0408026323009645,	0.5085003251608531,	
  0.6272048580088734,	-0.8524161293027519,	0.3621839593481722,	0.0473059020555056,	
  -0.1519611903974769,	0.0096719388143411,	0.0252626611080780,	-0.3022066704403066,	
  0.3671585063195317,	0.3733633132308298,	-0.2541987708145801,	0.6760855714820615,	
  0.9925072315199026,	-0.9271689785256696,	0.0888702847246394,	-0.2147871827266794,	
  0.4572988314364239,	-0.1142026483294114,	-0.8459284546255257,	-0.4135041515253912,	
  -0.5118408448803298,	0.6234703343036299,	-0.1081629122674521,	0.5481263206884150,	
};

const PROGMEM tinytype Q_data[12] = {
  5.3246313454243994,5.9833447021689219,7.7826802282116043,2.1932071254197973,1.8097389503300934,9.8753514013381611,1.3393508937471039,7.3121167377498688,5.1620813540814732,5.6607837957210085,
  8.0666853926241426,4.0523162714795502,
};

const PROGMEM tinytype Qf_data[12] = {
  47.9216821088195957,53.8501023195202961,70.0441220539044451,19.7388641287781752,16.2876505529708417,88.8781626120434538,12.0541580437239357,65.8090506397488184,46.4587321867332577,50.9470541614890777,
  72.6001685336172784,36.4708464433159492,
};

const PROGMEM tinytype R_data[4] = {
  0.1000000000000000,0.1000000000000000,0.1000000000000000,0.1000000000000000,
};

const PROGMEM tinytype umin[4] = {
  -3.0,	
  -3.0,	
  -3.0,	
  -3.0,	
};

const PROGMEM tinytype umax[4] = {
  3.0,	
  3.0,	
  3.0,	
  3.0,	
};

const PROGMEM tinytype xmin[12] = {
  -10000.0,	
  -10000.0,	
  -10000.0,	
  -10000.0,	
  -10000.0,	
  -10000.0,	
  -10000.0,	
  -10000.0,	
  -10000.0,	
  -10000.0,	
  -10000.0,	
  -10000.0,	
};

const PROGMEM tinytype xmax[12] = {
  10000.0,	
  10000.0,	
  10000.0,	
  10000.0,	
  10000.0,	
  10000.0,	
  10000.0,	
  10000.0,	
  10000.0,	
  10000.0,	
  10000.0,	
  10000.0,	
};

const PROGMEM tinytype rho_value = 85.0;

const PROGMEM tinytype Kinf_data[4*12] = {
  -0.0019606108837574,	-0.0048640998019248,	-0.0173777752793286,	0.0063055406921250,	-0.0072063848310664,	0.0133621180598559,	0.0003225934861106,	-0.0137264035275730,	-0.0140315940054997,	0.0000737651617610,	-0.0039801211968091,	0.0022325623744097,	
  -0.0028251991135698,	0.0020464910924784,	0.0069792100660029,	0.0102950920410685,	-0.0073100034555074,	0.0005454398388552,	0.0085814007872769,	0.0031414629146275,	-0.0051106682333897,	-0.0042415338021602,	-0.0066093999539721,	0.0009986042662294,	
  -0.0141549229899075,	-0.0031557289189768,	0.0181210903895067,	-0.0049037926395031,	0.0011811645141191,	-0.0069306847050360,	0.0002762739318716,	0.0080690408286809,	0.0035877422864531,	0.0005130928526259,	-0.0044811367372721,	0.0079944790121285,	
  -0.0017946774997039,	0.0027377325195781,	0.0116811601541803,	-0.0006504274820082,	0.0130388175415579,	-0.0064421081485846,	0.0083251765460437,	0.0206980952608280,	0.0091471536168384,	0.0095276894717451,	0.0090695213291038,	0.0002072573820705,	
};

const PROGMEM tinytype Pinf_data[12*12] = {
  5.6919720881671196,	-0.1369911915751475,	-0.2681590357361961,	0.0736244677742224,	0.2388550962838960,	0.1994848204718211,	0.0095473914328101,	0.0486231856797795,	0.1884188880339563,	0.1039285179253839,	0.0111265637905501,	-0.1958539767046668,	
  -0.1369911915751475,	6.3893359942904677,	0.1017278058688996,	0.0512788365557547,	-0.1102463625709678,	-0.1906890636643520,	0.0792088840363517,	0.0426413240326378,	-0.1308730478491659,	0.0232839654200662,	0.1295314123519473,	-0.1038038309569704,	
  -0.2681590357361961,	0.1017278058688995,	8.2618364590733968,	0.0012623049428021,	-0.0506458201995019,	-0.1600813554338680,	-0.0549405497367195,	0.1601668803787860,	-0.0090333475018218,	-0.0255305974252611,	-0.0500577934394052,	0.2112538724783034,	
  0.0736244677742225,	0.0512788365557547,	0.0012623049428022,	2.8457715949925833,	0.0104601407694129,	0.3861656413110651,	0.0210973971881622,	0.1577269589701437,	-0.0940809865000841,	0.1324899989463126,	-0.1129594821334648,	0.1198393841107258,	
  0.2388550962838961,	-0.1102463625709678,	-0.0506458201995020,	0.0104601407694129,	2.2440637397588015,	0.0216708241110260,	-0.0279968072725087,	0.2620094225405933,	0.2270267940485722,	0.2455978114379112,	0.1498394523890818,	-0.0832932619378325,	
  0.1994848204718212,	-0.1906890636643520,	-0.1600813554338679,	0.3861656413110651,	0.0216708241110260,	10.4414198865062069,	-0.0659427887886461,	-0.0003261990395607,	-0.0049955960690299,	0.0478147840302126,	-0.2139060223129431,	0.0571108547832370,	
  0.0095473914328101,	0.0792088840363518,	-0.0549405497367195,	0.0210973971881622,	-0.0279968072725087,	-0.0659427887886462,	1.5601606202618410,	0.0193739344636868,	0.0014866838960785,	0.0399838087292815,	-0.0110026024628062,	-0.1847222968906966,	
  0.0486231856797795,	0.0426413240326377,	0.1601668803787860,	0.1577269589701437,	0.2620094225405933,	-0.0003261990395607,	0.0193739344636868,	7.6851425949145833,	0.2046840392388424,	0.2234345912140479,	0.1414620911957166,	0.0121752548106489,	
  0.1884188880339563,	-0.1308730478491659,	-0.0090333475018219,	-0.0940809865000841,	0.2270267940485722,	-0.0049955960690298,	0.0014866838960785,	0.2046840392388424,	5.5738632127407390,	0.0779135923402730,	0.0838248823962146,	-0.0709690834938986,	
  0.1039285179253839,	0.0232839654200662,	-0.0255305974252611,	0.1324899989463125,	0.2455978114379112,	0.0478147840302126,	0.0399838087292814,	0.2234345912140478,	0.0779135923402730,	5.9107109870244638,	0.1282446763379612,	-0.0898135671329844,	
  0.0111265637905501,	0.1295314123519473,	-0.0500577934394052,	-0.1129594821334649,	0.1498394523890817,	-0.2139060223129430,	-0.0110026024628062,	0.1414620911957165,	0.0838248823962146,	0.1282446763379612,	8.3748005184780148,	-0.0429461734038278,	
  -0.1958539767046668,	-0.1038038309569704,	0.2112538724783033,	0.1198393841107259,	-0.0832932619378325,	0.0571108547832370,	-0.1847222968906966,	0.0121752548106489,	-0.0709690834938987,	-0.0898135671329844,	-0.0429461734038278,	4.4720789968836216,	
};

const PROGMEM tinytype Quu_inv_data[4*4] = {
  0.0096733618360243,	0.0006971893463569,	0.0002459780254627,	0.0008991628298217,	
  0.0006971893463569,	0.0100567977025728,	0.0000920455051803,	-0.0009432762136869,	
  0.0002459780254627,	0.0000920455051803,	0.0099266465320349,	-0.0004662319725538,	
  0.0008991628298217,	-0.0009432762136869,	-0.0004662319725538,	0.0092444014723451,	
};

const PROGMEM tinytype AmBKt_data[12*12] = {
  -0.0000582412165209,	0.0971601127206137,	0.0799194166289392,	-0.1233951112529805,	0.0892169723639536,	-0.0953568401000310,	0.0174475161326121,	0.1002101248953835,	0.0800412726728522,	0.0586063308224040,	0.0598118149635243,	-0.1234640578499338,	
  -0.0690101040415130,	0.0109626872760032,	0.0008201700263936,	0.0672562352392017,	-0.0467094842960401,	-0.0181656220885461,	0.0450656720963755,	-0.0110746626467806,	-0.0737630643024695,	0.0149401528337556,	-0.0473549190727093,	-0.0198419178176238,	
  0.0775261572976873,	-0.0186744172343494,	-0.0939691541948476,	-0.1232952886984660,	0.0513857206843833,	-0.0961174507170728,	-0.0262797179445928,	-0.0462147081623175,	0.0784718917852571,	-0.0061336638606307,	0.0652423264011466,	-0.0721181730561390,	
  -0.0691200378893109,	-0.0107564770564544,	0.0031314047388726,	-0.0907338190990510,	-0.0664172396981236,	-0.0991752690436158,	0.1216318728886867,	0.0496112216011858,	0.1175843446211108,	0.0473515113207016,	0.0844268897402867,	-0.0470277787003026,	
  0.1056405414651532,	-0.0757618373340466,	0.0685659109595466,	0.1230093780756879,	0.0948693286433200,	0.0638083228293024,	-0.0118927153720492,	0.0821955551924044,	-0.0185690444794011,	0.1211646308284328,	-0.0611724131414628,	-0.0709675541803008,	
  -0.0069529908163480,	0.0495980932488471,	0.0237486091414060,	0.0904456503738328,	0.0881070006842497,	-0.0463569217797302,	-0.0282011631462255,	0.1164529935044607,	0.0214822614666293,	0.0782346922327715,	0.1145094805062104,	0.0635829145219486,	
  -0.0390311954293022,	0.0989313377632306,	0.1178459582698684,	0.0770839989056728,	0.1088526374126784,	-0.0726162798870258,	0.0879203169865162,	0.0136665393771557,	-0.0671434319153715,	0.1130202737896395,	-0.0398432161368483,	-0.0163977683416147,	
  -0.1337027409324379,	0.0718331679500208,	0.0920037624884874,	-0.0862158770515230,	-0.0930859471240426,	-0.1293637494209780,	-0.0515430752993202,	-0.0698481513315101,	-0.1306029888135890,	-0.0613642492325085,	0.0365115806545458,	0.0854277386989842,	
  -0.0109489209991785,	0.0274632775998549,	-0.0956556102764896,	-0.1367672827853751,	0.0068277579440356,	-0.1346612666286084,	0.0917711802691029,	-0.0539985974964147,	-0.0782932050657350,	0.0056262951936414,	0.0616551953184293,	-0.1100364037594848,	
  0.0447987531375398,	-0.1221385096679980,	-0.0816581838986851,	-0.0268319843572435,	0.1090574546500599,	0.1171515334289665,	-0.0729958194169674,	0.0127460802279355,	-0.0055185256104330,	0.0799188917913825,	0.0311360706104725,	0.0342917016060886,	
  0.0445143463929429,	0.1307398675172654,	-0.0977219306114349,	0.1053800408415337,	-0.0335444187166186,	0.0643901984135405,	0.0430404279571578,	-0.0087788173455204,	-0.0599093723287143,	0.0450302109083015,	0.0406906290422648,	-0.1005026717689742,	
  0.1222419601115663,	-0.0722466646288422,	-0.0777725003048285,	0.0446567762824219,	0.1211496524489948,	0.0203888061679834,	0.0728344789501300,	0.0359561827857985,	0.0411213168211368,	0.0429552702623096,	-0.0053240325487620,	-0.0629620574268591,	
};

const PROGMEM tinytype coeff_d2p_data[12*4] = {
  -0.0495192600772975,	-0.0179940415833036,	0.0366681288159541,	0.0349718179392125,	
  0.0339833002922390,	-0.0005441199218932,	0.0517242470252799,	-0.0439560355168658,	
  -0.0080084181689798,	-0.0614486548652032,	-0.0320955779191532,	-0.0686177057896841,	
  -0.0010398064772087,	-0.0020099118101727,	0.0083005198335264,	0.0184542956256365,	
  -0.0177302724663517,	0.0113072348631202,	-0.0125832672911909,	-0.0018495934978104,	
  -0.0208431234649826,	-0.0055405005676964,	0.0037571570812787,	0.0533616463004861,	
  0.0104810505701529,	-0.0137358440313584,	0.0072009899689348,	0.0016488851291475,	
  -0.0123910254911924,	0.0009003699668594,	0.0003367741732649,	-0.0226144223286550,	
  0.0210885437127202,	0.0183753400008628,	-0.0167445693988796,	0.0351357702808789,	
  0.0500831962166174,	-0.0490922417278440,	0.0057997629189078,	-0.0012102619201747,	
  0.0325650803829853,	-0.0037873295391049,	-0.0676091813483445,	-0.0267447104554778,	
  -0.0188628056702103,	0.0245872994217909,	-0.0087359077315490,	0.0165815933783278,	
};

const PROGMEM tinytype dKinf_drho_data[4*12] = {
  0.0000260022489807,	0.0000439221127579,	0.0001481508872669,	-0.0000667071259437,	0.0000627996934327,	-0.0001225584013401,	-0.0000166516504001,	0.0001095277004189,	0.0001297419793529,	-0.0000064202281231,	0.0000360770208625,	-0.0000245678333646,	
  0.0000296408488509,	-0.0000144597139088,	-0.0000487311734288,	-0.0001074400560511,	0.0000907956074298,	-0.0000193430316303,	-0.0000788239332432,	-0.0000026266533755,	0.0000700112857420,	0.0000514859681077,	0.0000780944064065,	-0.0000119204675393,	
  0.0001397979960672,	0.0000339326325715,	-0.0001698590213902,	0.0000469299788901,	-0.0000033492635580,	0.0000631705099438,	0.0000006335851131,	-0.0000658906973564,	-0.0000259420653557,	-0.0000001156686105,	0.0000503548542665,	-0.0000791110101304,	
  0.0000086709709486,	-0.0000202481507392,	-0.0000763057177021,	0.0000095845548111,	-0.0001203287001386,	0.0000463445823102,	-0.0000687245196841,	-0.0001700532736515,	-0.0000731928156180,	-0.0000915315733756,	-0.0000884885080926,	0.0000017837702738,	
};

const PROGMEM tinytype dPinf_drho_data[12*12] = {
  0.0002239674153725,	0.0000372192827614,	-0.0002712595250974,	0.0000288437032069,	-0.0000035890405706,	0.0000877669753789,	-0.0000488800354510,	-0.0001394079667018,	-0.0000298795989434,	-0.0000158906278407,	0.0000703821660827,	-0.0001225533991004,	
  0.0000372192827614,	0.0000544253966900,	0.0000801505017248,	0.0000028796244047,	0.0000512611283250,	-0.0000648367984475,	0.0000415232392061,	0.0001085770290238,	0.0000682068687593,	0.0000209547965903,	0.0000475238928293,	-0.0000386276275572,	
  -0.0002712595250974,	0.0000801505017248,	0.0008280732935021,	-0.0001225155935591,	0.0002477678410218,	-0.0004235035168324,	0.0001609193279990,	0.0006647278581257,	0.0003910640433333,	0.0000958314248951,	0.0000494915925158,	0.0001215875800600,	
  0.0000288437032069,	0.0000028796244047,	-0.0001225155935591,	0.0002026233386039,	-0.0001315088710622,	0.0001595509862190,	0.0000828545774044,	-0.0000783217625399,	-0.0001426878794388,	-0.0000458908704301,	-0.0000803919146284,	0.0000012233789414,	
  -0.0000035890405706,	0.0000512611283250,	0.0002477678410218,	-0.0001315088710622,	0.0002792012512149,	-0.0001893302882309,	0.0000427828614930,	0.0003571265577423,	0.0002601298670073,	0.0001581212205761,	0.0001902986646043,	-0.0000109394201446,	
  0.0000877669753789,	-0.0000648367984475,	-0.0004235035168324,	0.0001595509862190,	-0.0001893302882309,	0.0003051717872807,	-0.0000513101796235,	-0.0003463315186948,	-0.0002538426585093,	-0.0000646984349743,	-0.0000909790485153,	-0.0000122521227165,	
  -0.0000488800354510,	0.0000415232392061,	0.0001609193279990,	0.0000828545774044,	0.0000427828614930,	-0.0000513101796235,	0.0001469806006462,	0.0002005310751090,	0.0000321351435173,	0.0000447423181354,	0.0000188011037949,	0.0000142338880242,	
  -0.0001394079667018,	0.0001085770290238,	0.0006647278581257,	-0.0000783217625399,	0.0003571265577423,	-0.0003463315186948,	0.0002005310751090,	0.0007252506392790,	0.0004206446872603,	0.0001945136836080,	0.0001861295228556,	0.0000560278101126,	
  -0.0000298795989434,	0.0000682068687593,	0.0003910640433333,	-0.0001426878794388,	0.0002601298670073,	-0.0002538426585093,	0.0000321351435173,	0.0004206446872603,	0.0003533804920862,	0.0001066606054950,	0.0001552566006756,	0.0000144362299064,	
  -0.0000158906278407,	0.0000209547965903,	0.0000958314248951,	-0.0000458908704301,	0.0001581212205761,	-0.0000646984349743,	0.0000447423181354,	0.0001945136836080,	0.0001066606054950,	0.0001177231827991,	0.0001145228224626,	0.0000007928440343,	
  0.0000703821660827,	0.0000475238928293,	0.0000494915925158,	-0.0000803919146284,	0.0001902986646043,	-0.0000909790485153,	0.0000188011037949,	0.0001861295228556,	0.0001552566006756,	0.0001145228224626,	0.0001656959924468,	-0.0000507724834168,	
  -0.0001225533991004,	-0.0000386276275572,	0.0001215875800600,	0.0000012233789414,	-0.0000109394201446,	-0.0000122521227165,	0.0000142338880242,	0.0000560278101126,	0.0000144362299064,	0.0000007928440343,	-0.0000507724834168,	0.0000861094334593,	
};

const PROGMEM tinytype dC1_drho_data[4*4] = {
  -0.0000949452131515,	-0.0000129104702837,	-0.0000044480504184,	-0.0000162035719661,	
  -0.0000129104702837,	-0.0001025599933744,	-0.0000024627473006,	0.0000175768489567,	
  -0.0000044480504184,	-0.0000024627473006,	-0.0000989181162079,	0.0000087026537493,	
  -0.0000162035719661,	0.0000175768489567,	0.0000087026537493,	-0.0000875303160987,	
};

const PROGMEM tinytype dC2_drho_data[12*12] = {
  -0.0000766315555988,	0.0000283692197715,	0.0003093077646060,	-0.0001292847836061,	0.0001668125789120,	-0.0002009247870902,	0.0000136251754621,	0.0002713489416125,	0.0002105483525845,	0.0000689253675141,	0.0000768005452623,	0.0000302979693551,	
  -0.0001152889821082,	-0.0000660877248793,	-0.0000060324583753,	-0.0000016234592153,	-0.0001098254607452,	0.0000490809033601,	-0.0000459599717818,	-0.0001288459416717,	-0.0000972153505861,	-0.0000570476340064,	-0.0001156839039472,	0.0000757501486119,	
  0.0000918644402030,	-0.0000199598089582,	-0.0001950044649561,	-0.0000605319600116,	-0.0000439762899569,	0.0000608029494919,	-0.0001344271226778,	-0.0002017474317554,	-0.0000280860674857,	-0.0000452143083538,	0.0000001328415235,	-0.0000408026753132,	
  -0.0000402245071837,	0.0000080848189808,	0.0001033376110795,	-0.0000176773999500,	0.0000809386386776,	-0.0000527647192599,	0.0000476771160400,	0.0001358600217661,	0.0000598081941506,	0.0000585662294778,	0.0000453665517844,	0.0000175634197828,	
  0.0000782407605295,	0.0000645483894517,	0.0000668084489308,	0.0000364853025369,	-0.0000145552834393,	-0.0000586640187979,	0.0000316057380118,	0.0000505382339364,	0.0000496994419674,	-0.0000461897587253,	0.0000009351380386,	-0.0000556145495497,	
  -0.0000044122167532,	0.0000185292142522,	0.0000781725786868,	-0.0000214205328147,	0.0000750966687049,	-0.0000529918020251,	0.0000312580141564,	0.0001131502843457,	0.0000667084045440,	0.0000451523221206,	0.0000508590464779,	-0.0000030625833931,	
  -0.0000420851790601,	-0.0000512058540369,	-0.0000693302707367,	-0.0000671952948332,	0.0000449126746801,	0.0000353091948820,	-0.0000537251950146,	-0.0000390262303323,	-0.0000088377984271,	0.0000522861448765,	0.0000298895570880,	0.0000338162216530,	
  0.0000027534040933,	-0.0000001620448070,	0.0000042155041265,	-0.0000073868003735,	-0.0000276145779061,	-0.0000060272492143,	-0.0000225530386748,	-0.0000330572947023,	-0.0000024253907476,	-0.0000291321245747,	-0.0000232869323056,	-0.0000010804412568,	
  0.0000090604079829,	0.0000115874654329,	-0.0000277891857990,	0.0000700558277547,	0.0000235439288645,	0.0000369453005135,	0.0000821684726886,	0.0000589878995436,	-0.0000308853515047,	0.0000449880430060,	0.0000302223742094,	-0.0000078449486206,	
  -0.0000088868188903,	-0.0000643642586813,	-0.0001935169297960,	-0.0000355198231892,	-0.0000036936917718,	0.0001080460817995,	-0.0000713736750862,	-0.0001418119247709,	-0.0000772729603807,	0.0000344587860255,	0.0000131187593260,	0.0000207452135522,	
  0.0001133388506217,	-0.0000014049834197,	-0.0002485557672090,	0.0000618978095279,	-0.0000709387819969,	0.0001264381973173,	-0.0000292690281840,	-0.0001764434106075,	-0.0001035460456777,	-0.0000291307362275,	-0.0000015731528568,	-0.0000563111656036,	
  0.0000051969941259,	0.0000462651306929,	0.0001296648421602,	0.0000326647923866,	0.0000411281420071,	-0.0000692405683527,	0.0000783596377273,	0.0001437821366686,	0.0000600702239883,	0.0000147722447525,	0.0000237255552178,	-0.0000146773713898,	
};

