#pragma once

typedef float tinytype;

const PROGMEM tinytype Adyn_data[12*12] = {
  0.0768714342231176,	-0.0557835663250093,	-0.0138586317228339,	-0.1164407079629512,	0.0999109450434978,	0.1037131383506734,	0.1086856496356939,	-0.0450597540330508,	0.0921923454263501,	0.0880336278086812,	0.0030344415616288,	0.1051755634889219,	
  -0.0392256575577371,	0.1018779838578035,	-0.1367985929457589,	0.0461845508496320,	0.0612873092718932,	-0.1398245144333118,	-0.1020049977330810,	-0.1395229941090321,	-0.0085129750381092,	0.0056143191015709,	-0.0672736926393061,	-0.1098640218886987,	
  0.0338393474361471,	-0.0888689210197619,	-0.0211579155535669,	0.0013467346344313,	0.0958359974699479,	0.0721588602854858,	-0.0625356271725418,	0.0709011488491998,	0.1391097854510256,	-0.0074132627370723,	0.0554711129935707,	0.0464117520111303,	
  -0.0155672585764103,	0.0776951723248832,	0.0019896631685129,	0.1301456217611996,	0.0478596021132021,	0.0813837677428327,	-0.0341632477218465,	-0.0713848019584635,	0.0234017302111125,	0.1375317529859748,	0.0324690862322955,	-0.0701332923423622,	
  -0.0774270829548172,	0.0404266152406482,	0.0833908661315299,	-0.0473176698381357,	-0.0842759922038515,	0.0338201432129758,	-0.1258590737557287,	-0.1369883657486910,	-0.0782336520482230,	0.1366394327443536,	-0.1001335147409356,	0.0227034295110218,	
  0.1001310608750697,	-0.0491496346369661,	0.0690736183665600,	-0.0349098564380117,	0.0514248052133013,	-0.0454353669625254,	0.1300085303260191,	-0.1091444187943472,	-0.1016659646377343,	-0.1324842812666470,	-0.1394228949978799,	0.1118897896043842,	
  0.0424757024969860,	-0.0719899956410812,	-0.0202102403602197,	-0.0937541306747936,	0.0972886688863267,	-0.1120201987716207,	0.0791948020183335,	-0.1058067456641715,	0.0800573436358927,	-0.0636259418154930,	-0.1207809115547013,	-0.1066672654755064,	
  -0.0330954554326393,	-0.0507018948663576,	0.0214542930409054,	0.0556085410254712,	0.0411699797242949,	0.1069031104659935,	0.0322339171503855,	0.0204263626071653,	-0.1387817648122405,	0.1357789260353812,	0.0323632649234415,	-0.0337562643584840,	
  0.0655060074286485,	0.0283150541340555,	0.0919722857438083,	0.1374753681080252,	0.1233308464967914,	0.0510079640036135,	0.1192799916706194,	-0.1145210116046587,	-0.0976878920969723,	-0.0100781234366749,	-0.1154725829803803,	-0.1009951152501312,	
  -0.1148270144019856,	-0.0436579300110928,	0.0836762596988497,	0.0506850318625324,	-0.0968714939982584,	0.0786137082349337,	-0.0061370282569161,	-0.0086719752224931,	0.0669768514711470,	-0.0779021553891616,	0.0453997883380233,	-0.0799209140435797,	
  0.0323577406366604,	-0.1400364341670421,	0.0542537696880855,	0.0516565563171147,	-0.0852606873271436,	-0.0648322546532962,	-0.0942634880227599,	0.0504884288267948,	-0.0471779849818419,	0.0976857618420376,	-0.0429102956297955,	-0.0879801825354750,	
  -0.1338752668597899,	-0.0779787628088413,	-0.1373520504897535,	0.0509251141519852,	-0.0949808824157180,	-0.1056774909179155,	-0.0876183865047885,	0.1064232154860051,	0.0742542302238568,	0.0017576443764641,	-0.0940845864437450,	0.0118573313551241,	
};

const PROGMEM tinytype Bdyn_data[12*4] = {
  -0.4103193921302652,	0.6964802804749435,	0.0345439108258572,	0.2249497196648469,	
  -0.6810484938833048,	0.4120301030029954,	-0.7486288581495191,	0.7732501571875103,	
  -0.9277907863428403,	-0.4515931379686422,	0.5482948816993298,	-0.7233516590768101,	
  -0.5043227188204249,	-0.6722232404549002,	0.3278231186970160,	-0.0994374549594208,	
  -0.3125162948147990,	-0.9810093624170217,	0.4737656415345428,	0.8573631849979566,	
  0.5394369481680001,	-0.5419234760349043,	-0.1337724877374589,	0.1958628985062862,	
  0.4683817066732774,	-0.9417056088947731,	-0.1246282003081141,	0.2442373323913209,	
  0.0917044836498446,	-0.8544640680114617,	0.2692731346010564,	-0.1668595565254720,	
  0.9821631257197554,	0.4570768865009469,	0.6997946719001307,	-0.4697376420344836,	
  -0.3584428400289750,	-0.3110258268672486,	0.4721122168822194,	-0.8535088705617702,	
  0.6958035850634943,	0.0736445019815308,	0.2957671945288090,	0.8201675437508631,	
  -0.3286046023293721,	-0.8709927208495150,	0.9701366857971441,	-0.4894782072686823,	
};

const PROGMEM tinytype Q_data[12] = {
  2.5756245479196735,8.8121648969250419,4.3098843998153997,9.8554551830728698,8.2964112503587177,6.5911045756006708,9.2452179486196844,5.6010976265754699,3.0709019246067903,2.2995472916395507,
  3.2513106399607157,6.2408340302596583,
};

const PROGMEM tinytype Qf_data[12] = {
  23.1806209312770619,79.3094840723253753,38.7889595983386002,88.6990966476558356,74.6677012532284579,59.3199411804060333,83.2069615375771576,50.4098786391792260,27.6381173214611131,20.6959256247559580,
  29.2617957596464393,56.1675062723369223,
};

const PROGMEM tinytype R_data[4] = {
  0.1000000000000000,0.1000000000000000,0.1000000000000000,0.1000000000000000,
};

const PROGMEM tinytype umin[4] = {
  -3.0,	
  -3.0,	
  -3.0,	
  -3.0,	
};

const PROGMEM tinytype umax[4] = {
  3.0,	
  3.0,	
  3.0,	
  3.0,	
};

const PROGMEM tinytype xmin[12] = {
  -10000.0,	
  -10000.0,	
  -10000.0,	
  -10000.0,	
  -10000.0,	
  -10000.0,	
  -10000.0,	
  -10000.0,	
  -10000.0,	
  -10000.0,	
  -10000.0,	
  -10000.0,	
};

const PROGMEM tinytype xmax[12] = {
  10000.0,	
  10000.0,	
  10000.0,	
  10000.0,	
  10000.0,	
  10000.0,	
  10000.0,	
  10000.0,	
  10000.0,	
  10000.0,	
  10000.0,	
  10000.0,	
};

const PROGMEM tinytype rho_value = 85.0;

const PROGMEM tinytype Kinf_data[4*12] = {
  0.0140334041393692,	-0.0124843913333572,	0.0148315747310166,	-0.0064321266746297,	0.0023124066648510,	-0.0040031842624623,	0.0234990373734764,	0.0003477705526543,	-0.0136991360959850,	-0.0130963895862358,	-0.0107017789142265,	0.0001151938137322,	
  0.0066572716673339,	0.0105225519485671,	-0.0037875238237572,	0.0020536957019467,	-0.0006520656998215,	0.0009364473120140,	0.0026803560337105,	0.0119570761168613,	0.0003934884604773,	-0.0096522488892176,	0.0168580292777625,	0.0037674835573853,	
  -0.0079181468379523,	-0.0095961748122172,	0.0067977313405256,	0.0080094615163686,	-0.0090876478745147,	0.0120656585146480,	-0.0053296494458992,	0.0098114132433641,	0.0004213289535139,	0.0124832990231864,	-0.0020347401932136,	0.0038658502618949,	
  0.0000549202430337,	0.0082234100000151,	0.0006933294502927,	-0.0080140226277163,	-0.0015521805237811,	-0.0131056442827776,	-0.0113041554776610,	-0.0246222135902557,	-0.0111868551904985,	0.0107472337643764,	-0.0162671581256992,	-0.0060286397977186,	
};

const PROGMEM tinytype Pinf_data[12*12] = {
  2.8912514620304153,	-0.0933900518541834,	0.1303674214038001,	-0.1194882481008234,	0.2510728536834604,	0.0396545493212480,	0.3031743015215238,	-0.0832876782626479,	-0.0035604403764324,	-0.1603458579060079,	-0.0304958907107735,	0.0874468848900745,	
  -0.0933900518541833,	9.2195407155973026,	-0.0255114021277944,	0.1763467717877600,	0.0118367234024190,	0.0674827680378611,	-0.1443245623725305,	-0.2332130526860941,	-0.1045874681885530,	0.1612487479665448,	0.0761075857595887,	-0.1131561226944297,	
  0.1303674214038001,	-0.0255114021277944,	4.7446483768638794,	-0.0386408828623918,	-0.0492280473620290,	0.3240391599851760,	0.1543692416851532,	-0.0958595621966611,	-0.2264810360574650,	0.0693943834270194,	0.0435526672260793,	0.1227280426681098,	
  -0.1194882481008234,	0.1763467717877599,	-0.0386408828623918,	10.3328528146065342,	-0.0073484387286517,	0.1185419689449241,	-0.1504924093883646,	0.0138756032759295,	-0.1392403339279210,	0.2324806718966334,	0.1166386993741418,	-0.2238836941095285,	
  0.2510728536834604,	0.0118367234024190,	-0.0492280473620290,	-0.0073484387286517,	8.7521187003941758,	-0.0047100812759596,	0.2670188221334439,	-0.2463849377071527,	0.0739695477753034,	-0.0718162308998017,	-0.0788465186586773,	-0.1211718141313478,	
  0.0396545493212480,	0.0674827680378611,	0.3240391599851760,	0.1185419689449242,	-0.0047100812759597,	7.1768493845855135,	0.0748310757170707,	0.0922882981590295,	-0.1396288140169000,	0.3163218890029283,	0.3369418165078055,	0.1461240277504806,	
  0.3031743015215238,	-0.1443245623725305,	0.1543692416851533,	-0.1504924093883646,	0.2670188221334439,	0.0748310757170707,	9.7683400248265215,	-0.0491452924354793,	-0.0322177522554822,	-0.2762389965808480,	-0.0529808491908850,	0.1107065856239362,	
  -0.0832876782626479,	-0.2332130526860940,	-0.0958595621966611,	0.0138756032759295,	-0.2463849377071527,	0.0922882981590294,	-0.0491452924354793,	6.2740106872205450,	0.1400432492902654,	-0.0565579356673074,	0.3432261946145725,	0.1967233892372732,	
  -0.0035604403764324,	-0.1045874681885530,	-0.2264810360574649,	-0.1392403339279210,	0.0739695477753033,	-0.1396288140168999,	-0.0322177522554822,	0.1400432492902653,	3.5707873468451279,	-0.1631163700651223,	0.0624951419766992,	-0.0379829970616297,	
  -0.1603458579060079,	0.1612487479665448,	0.0693943834270194,	0.2324806718966334,	-0.0718162308998017,	0.3163218890029283,	-0.2762389965808481,	-0.0565579356673074,	-0.1631163700651223,	2.9391746843862854,	0.1484001699751605,	-0.1312422436542585,	
  -0.0304958907107734,	0.0761075857595887,	0.0435526672260793,	0.1166386993741418,	-0.0788465186586774,	0.3369418165078055,	-0.0529808491908850,	0.3432261946145727,	0.0624951419766992,	0.1484001699751606,	3.7433572779241211,	0.0560927980103058,	
  0.0874468848900746,	-0.1131561226944297,	0.1227280426681099,	-0.2238836941095284,	-0.1211718141313478,	0.1461240277504806,	0.1107065856239363,	0.1967233892372732,	-0.0379829970616296,	-0.1312422436542585,	0.0560927980103058,	6.7251407345841878,	
};

const PROGMEM tinytype Quu_inv_data[4*4] = {
  0.0092341492801043,	-0.0001210972308207,	0.0000034134646141,	-0.0000155627578278,	
  -0.0001210972308207,	0.0082460710437522,	0.0012057860365077,	0.0001687729104632,	
  0.0000034134646141,	0.0012057860365077,	0.0098422456724507,	0.0008351808182591,	
  -0.0000155627578278,	0.0001687729104632,	0.0008351808182591,	0.0093664844050505,	
};

const PROGMEM tinytype AmBKt_data[12*12] = {
  0.0782541231060411,	-0.0697532684876889,	-0.0055257978305165,	-0.1189842188095842,	0.1019770067135650,	0.1039496531066457,	0.1191879187852336,	-0.0480450892983151,	0.0887991928666542,	0.0865337170173936,	-0.0093684102728920,	0.1038214509855614,	
  -0.0383814454478895,	0.0754971733125459,	-0.1205841367370100,	0.0531507344997764,	0.0575277894281322,	-0.1237700798700807,	-0.0823543904738692,	-0.1178285831797926,	-0.0090392235868219,	0.0017071174986229,	-0.0704528212402416,	-0.1037821522150111,	
  0.0542469947329486,	-0.0844899612178472,	-0.0123333772328972,	-0.0138820016626356,	0.1015468971315487,	0.0527721076477843,	-0.0447776665241580,	0.0534334739740285,	0.1182545071183131,	-0.0229933612810617,	0.0425038332758229,	0.0417395449804103,	
  -0.0014135085938225,	0.0824360770295393,	0.0047639911510113,	0.1248597154610569,	0.0514122637986360,	0.0747357789017580,	-0.0198872258336861,	-0.0688363672573280,	0.0155069429569970,	0.1214148437131009,	0.0374537651352743,	-0.0694093951673457,	
  -0.0628063103337757,	0.0443436504232239,	0.0804954118859732,	-0.0442367992320091,	-0.0785568122344129,	0.0390077489573097,	-0.1036690157674443,	-0.1086878091905173,	-0.0727372528250944,	0.1079492103263795,	-0.0720292579872426,	0.0297725928861965,	
  0.0950986689378199,	-0.0396070398432418,	0.0597939227976381,	-0.0276860884478610,	0.0489123752209773,	-0.0385874560468661,	0.1202859333710586,	-0.0967171235482569,	-0.0918154517302481,	-0.1310854474963408,	-0.1216002577317037,	0.1155672688619650,	
  0.0411716648209748,	-0.0594378066499865,	-0.0300459589863003,	-0.0858519351613663,	0.0948380492101147,	-0.1045587139033750,	0.0728090612590307,	-0.0874731468440714,	0.0896290758095360,	-0.0676505140412877,	-0.0961736320588008,	-0.1012191468902284,	
  -0.0265526738956785,	-0.0366097310440199,	0.0151431103427082,	0.0544592559942566,	0.0425888182301017,	0.1026346213091696,	0.0319181430247904,	0.0238609607492890,	-0.1391693571234663,	0.1271642854303879,	0.0455828163873802,	-0.0325945546021002,	
  0.0542469054223256,	0.0463453448931404,	0.0747051163115832,	0.1334846023242404,	0.1269881000422118,	0.0399120175656662,	0.0933946478279462,	-0.1387598374059094,	-0.0899626909854206,	0.0035091214677116,	-0.1188845020406994,	-0.1083674644795365,	
  -0.1039411289701161,	-0.0333108605306334,	0.0851969845615751,	0.0383968304795195,	-0.0932798479209443,	0.0605879263590021,	-0.0040123109704213,	-0.0304757256409818,	0.0524418846116809,	-0.0823192197824192,	0.0338835567503963,	-0.0856784516392398,	
  0.0243998605446431,	-0.1360310182963347,	0.0416336448838462,	0.0601847150114682,	-0.0828607709165906,	-0.0549355907760723,	-0.0999639590612749,	0.0666583221863735,	-0.0286245749743570,	0.0950024290807800,	-0.0227618561429672,	-0.0845366862457298,	
  -0.1157568235171506,	-0.0595813438932035,	-0.1420325913511471,	0.0389072798518370,	-0.0867324573707156,	-0.1242975821303056,	-0.0779245733868940,	0.0953815718565433,	0.0642108881413819,	-0.0178028976638922,	-0.0889064627484930,	0.0084753443655605,	
};

const PROGMEM tinytype coeff_d2p_data[12*4] = {
  -0.0103696201129440,	0.0128270512301172,	0.0050105090798946,	0.0086976113235923,	
  -0.0600093263004053,	0.0258785325702059,	-0.0581475883972278,	0.0620337500804994,	
  -0.0404786715352583,	-0.0172541133639409,	0.0189235329097973,	-0.0293565878086464,	
  -0.0482294322005573,	-0.0518670415793224,	0.0212273436746508,	-0.0063742256870349,	
  -0.0232409924490336,	-0.0618069574298727,	0.0348215031058059,	0.0743238671736018,	
  0.0321908885641390,	-0.0376497932196871,	-0.0091452147392002,	0.0102120081906860,	
  0.0419748263698049,	-0.0780536815612432,	-0.0190457771630793,	0.0223355899354756,	
  0.0125442784442848,	-0.0416507925846185,	0.0128038868014484,	-0.0105849901244965,	
  0.0355854000146392,	0.0169188941439787,	0.0247157139785586,	-0.0105566337684591,	
  -0.0112524376938127,	-0.0062145768821035,	0.0080450600620142,	-0.0206287347720081,	
  0.0246330786059585,	-0.0001586447618835,	0.0148494567190585,	0.0274514141060438,	
  -0.0170669646021189,	-0.0415860069890818,	0.0539700092920821,	-0.0267520872500878,	
};

const PROGMEM tinytype dKinf_drho_data[4*12] = {
  -0.0001280768160117,	0.0001155186713867,	-0.0001366409376233,	0.0000619289292252,	-0.0000207084808893,	0.0000366828403853,	-0.0002162844397328,	-0.0000028344281183,	0.0001230727232719,	0.0001219288132022,	0.0000987264678724,	-0.0000022406745662,	
  -0.0000451227944394,	-0.0000758157542292,	0.0000241461085845,	-0.0000258349300765,	0.0000150741489415,	-0.0000213800569638,	-0.0000127183396528,	-0.0001065331537501,	-0.0000027924303646,	0.0000602206138070,	-0.0001344025755969,	-0.0000351270838181,	
  0.0000701046030908,	0.0000741272876838,	-0.0000621592344188,	-0.0000730940098935,	0.0000918342718316,	-0.0001085296402681,	0.0000592178158412,	-0.0000905665542212,	0.0000030121606673,	-0.0001195327203907,	0.0000125759375976,	-0.0000381680736363,	
  0.0000058407638456,	-0.0000714441507713,	-0.0000122669847183,	0.0000677880445771,	0.0000229929600297,	0.0001111165334286,	0.0001096193827311,	0.0002196776188705,	0.0001031626574760,	-0.0001072165182516,	0.0001495664056322,	0.0000516628403541,	
};

const PROGMEM tinytype dPinf_drho_data[12*12] = {
  0.0003226517120449,	-0.0000513602804488,	0.0001241006008817,	-0.0001590188670733,	0.0001229855896010,	-0.0001468304125570,	0.0004039420321370,	0.0000074529653748,	-0.0001899130260660,	-0.0003329229826014,	-0.0000328453266305,	0.0000037648565175,	
  -0.0000513602804488,	0.0004600979087986,	-0.0002825237043786,	-0.0000266924569424,	0.0000106533784945,	-0.0001664951665928,	-0.0003282967445249,	-0.0001792347275378,	0.0000825839386460,	0.0000123561676805,	0.0002108012256935,	-0.0000558890698089,	
  0.0001241006008817,	-0.0002825237043786,	0.0002965404670426,	-0.0000298591550737,	-0.0000329384167324,	0.0000194919448998,	0.0002979685570593,	0.0000071400143325,	-0.0002292682702735,	-0.0000687029548769,	-0.0002485300573659,	0.0000016092305509,	
  -0.0001590188670733,	-0.0000266924569424,	-0.0000298591550737,	0.0002646160417182,	-0.0001009533079117,	0.0002314130215503,	-0.0001137205556417,	0.0002863053917988,	0.0001087538498920,	0.0000958568909055,	0.0002052163092634,	0.0000402041043351,	
  0.0001229855896010,	0.0000106533784945,	-0.0000329384167324,	-0.0001009533079117,	0.0001192921655408,	-0.0000995951707410,	0.0001369470510672,	-0.0000545228564033,	-0.0000118094730345,	-0.0001387623914240,	-0.0000031662923589,	-0.0000169379112282,	
  -0.0001468304125570,	-0.0001664951665928,	0.0000194919448998,	0.0002314130215503,	-0.0000995951707410,	0.0003467203802435,	0.0000008715515222,	0.0004550130056840,	0.0002090630536053,	0.0000428385529449,	0.0002550878427614,	0.0001344772425106,	
  0.0004039420321370,	-0.0003282967445249,	0.0002979685570593,	-0.0001137205556417,	0.0001369470510672,	0.0000008715515222,	0.0007360425594981,	0.0002712328078938,	-0.0001912066049590,	-0.0005216543547818,	-0.0000156314616744,	0.0000729540024414,	
  0.0000074529653748,	-0.0001792347275378,	0.0000071400143325,	0.0002863053917988,	-0.0000545228564033,	0.0004550130056840,	0.0002712328078938,	0.0008525242668742,	0.0002940006384249,	-0.0002715922149903,	0.0005862661731577,	0.0002416096908615,	
  -0.0001899130260660,	0.0000825839386460,	-0.0002292682702735,	0.0001087538498920,	-0.0000118094730345,	0.0002090630536053,	-0.0001912066049590,	0.0002940006384249,	0.0003865888699376,	0.0000271307306827,	0.0003610936147302,	0.0001108237861472,	
  -0.0003329229826014,	0.0000123561676805,	-0.0000687029548769,	0.0000958568909055,	-0.0001387623914240,	0.0000428385529449,	-0.0005216543547818,	-0.0002715922149903,	0.0000271307306827,	0.0005782107959677,	-0.0002479207850824,	-0.0000740447077800,	
  -0.0000328453266305,	0.0002108012256935,	-0.0002485300573659,	0.0002052163092634,	-0.0000031662923589,	0.0002550878427614,	-0.0000156314616744,	0.0005862661731577,	0.0003610936147302,	-0.0002479207850824,	0.0006905500849312,	0.0001652807582332,	
  0.0000037648565175,	-0.0000558890698089,	0.0000016092305509,	0.0000402041043351,	-0.0000169379112282,	0.0001344772425106,	0.0000729540024414,	0.0002416096908615,	0.0001108237861472,	-0.0000740447077800,	0.0001652807582332,	0.0000940784836764,	
};

const PROGMEM tinytype dC1_drho_data[4*4] = {
  -0.0000854823445266,	0.0000022131653057,	-0.0000000094151949,	0.0000002348218015,	
  0.0000022131653057,	-0.0000696965890979,	-0.0000218660980221,	-0.0000040123787721,	
  -0.0000000094151949,	-0.0000218660980221,	-0.0000990973592561,	-0.0000162262894991,	
  0.0000002348218015,	-0.0000040123787721,	-0.0000162262894991,	-0.0000886682426428,	
};

const PROGMEM tinytype dC2_drho_data[12*12] = {
  -0.0000248608301123,	0.0001137144240652,	-0.0000679770371207,	0.0000306802112761,	-0.0000273405135830,	0.0000086958740097,	-0.0001065920914348,	0.0000267473241725,	0.0000291335349957,	0.0000363347398797,	0.0001000387847477,	0.0000132428620413,	
  -0.0000206686156044,	0.0002206502177381,	-0.0001400567772031,	-0.0000543160284117,	0.0000306559932417,	-0.0001333772773403,	-0.0001824908922055,	-0.0001957020060835,	0.0000074535074850,	0.0000516462744960,	0.0000163778824568,	-0.0000555746128835,	
  -0.0001734187030148,	-0.0000193835728198,	-0.0000906617396844,	0.0001349018788187,	-0.0000461260209708,	0.0001642614893903,	-0.0001595856882927,	0.0001578219507123,	0.0001858960234742,	0.0001283035778663,	0.0001321960118342,	0.0000403557334749,	
  -0.0001173257580937,	-0.0000241112847108,	-0.0000335221174647,	0.0000445679024583,	-0.0000281296001040,	0.0000507554890557,	-0.0001261394168177,	-0.0000215095347382,	0.0000694620100270,	0.0001304974182125,	-0.0000298087145566,	-0.0000070936669063,	
  -0.0001225127839465,	-0.0000121398749039,	0.0000209512097014,	-0.0000294800520930,	-0.0000549050966295,	-0.0000533596610491,	-0.0002021082116333,	-0.0002508320075355,	-0.0000541520916792,	0.0002457357184211,	-0.0002351873320992,	-0.0000613713408729,	
  0.0000528703433704,	-0.0000794919264853,	0.0000808819652420,	-0.0000704624381319,	0.0000271213861306,	-0.0000676563205365,	0.0000962307957810,	-0.0001113458301722,	-0.0000877060506992,	-0.0000281283938645,	-0.0001537048107562,	-0.0000330521605351,	
  0.0000248069269920,	-0.0000988152741999,	0.0000819879035584,	-0.0000790012222033,	0.0000297242850326,	-0.0000779799504025,	0.0000699338074199,	-0.0001639358964199,	-0.0000850954316091,	0.0000108899927586,	-0.0002077717142624,	-0.0000494046935166,	
  -0.0000447132871760,	-0.0001072570443176,	0.0000478535170643,	0.0000032391562929,	-0.0000061125279527,	0.0000261325005387,	0.0000113121633224,	-0.0000297263721559,	0.0000027302293836,	0.0000545717814142,	-0.0001023256092771,	-0.0000109112755724,	
  0.0001001017112568,	-0.0001642384383613,	0.0001609034988437,	0.0000339776335911,	-0.0000400154140434,	0.0001018878791037,	0.0002282918988206,	0.0002180465517978,	-0.0000732496457199,	-0.0001139947085755,	0.0000259232110990,	0.0000692342814152,	
  -0.0000880546679499,	-0.0000781484315534,	-0.0000225917486688,	0.0001065289231986,	-0.0000264657433781,	0.0001525760676042,	-0.0000158776797080,	0.0001961038303602,	0.0001298741839128,	0.0000273572845045,	0.0001153041234887,	0.0000503857223341,	
  0.0000669143067524,	-0.0000381231384928,	0.0001217426712270,	-0.0000751665141883,	-0.0000327207374400,	-0.0000829841952699,	0.0000440071772098,	-0.0001435680511272,	-0.0001709303566315,	0.0000340159433268,	-0.0001851852808582,	-0.0000269373348264,	
  -0.0001465403773796,	-0.0001349589590268,	0.0000304287758266,	0.0001019400461640,	-0.0000715126713886,	0.0001531099832913,	-0.0000859427202266,	0.0001016683362479,	0.0000855837418389,	0.0001560010135066,	-0.0000236125756190,	0.0000309843526546,	
};

