#pragma once

typedef float tinytype;

const PROGMEM tinytype Adyn_data[12*12] = {
  -0.1125181844595515,	0.0445994315397309,	-0.0138028280853455,	-0.0956271111662682,	-0.0506286753730765,	0.0983819644414232,	-0.0392579430073503,	-0.0317283073619513,	0.0429324033537042,	-0.0444516418044419,	0.1156195015600846,	0.0549623691247494,	
  -0.0952895296871935,	-0.0294523425260726,	0.1205767000001345,	0.0700810442761281,	-0.0295482723589656,	-0.0214798008281692,	0.0566007462774674,	-0.0570968900495148,	0.1099407753706194,	0.0705921242109290,	-0.1089062725837455,	0.0275134813388999,	
  0.0877410607217606,	-0.1242528433589430,	0.1145631744102304,	0.0267317117759968,	0.1226286173282679,	0.1327441836952894,	0.0225834207078907,	-0.0142956825134621,	0.0916452449555108,	-0.0467151146096274,	0.1067098492093858,	0.0379752245613649,	
  -0.1105884750068793,	-0.1094551870463587,	-0.0224138783977764,	0.1231910521959834,	0.0503378913985465,	-0.1130712070922122,	-0.1131447229647587,	-0.1365051039784060,	0.0488746361076201,	-0.1164137741354554,	-0.0980390650934723,	0.0358775954319601,	
  0.0340726142797941,	0.0124004211732203,	-0.1321228924860930,	0.1092707662533850,	-0.0501509403676443,	0.0359876203958057,	0.0459705045379147,	0.0076911711219734,	-0.1147677183670567,	0.1286582185820998,	0.1119171101517113,	0.1260679243323288,	
  0.0606574245715686,	-0.1143275549141074,	-0.0494892589554368,	0.1242950378024058,	0.0106637466041887,	0.0512572505184084,	0.1067046005475962,	-0.0416439806940705,	0.1155327012299996,	-0.0152449950528534,	-0.0580947079442467,	-0.0877862297705845,	
  0.0256326910761368,	-0.0761451100887778,	-0.1105137726096680,	0.0687575139360172,	-0.0512378711411544,	0.0977486365057414,	0.0977721976937020,	0.1226390170124598,	-0.0764767503364951,	-0.0141430188100350,	0.0633289248441002,	-0.0824360049081044,	
  0.0728713231236663,	0.0719710731976748,	-0.0950829321946786,	-0.1026257269040788,	0.0288770254704218,	-0.0631331169327057,	-0.0960672769495221,	-0.0879844825007458,	0.0353340628359199,	-0.0421247972098366,	0.0635839725703727,	0.0650366879791398,	
  -0.0857274575560154,	-0.1009497996997971,	0.0632906989768837,	-0.1307071752977502,	-0.1173986250069561,	0.0759523167493329,	0.0214198858819350,	-0.0817932913360509,	-0.1286910774798763,	-0.0256552661707142,	0.1148853680887790,	-0.0392437532171125,	
  -0.0217690924966246,	-0.0268690960177346,	0.0465575794965277,	0.1216161172018111,	0.0572581220466624,	-0.1295723980444648,	0.1271467592292378,	-0.0507767688540555,	0.1259785830631071,	0.0353634644127014,	-0.0579207699352259,	-0.0583418200369133,	
  0.0590219985969010,	0.0241635079312237,	-0.0180664217609533,	0.0397032840510568,	-0.1259045553009498,	-0.0051137358798671,	-0.0706100867028602,	0.0310401262797493,	-0.0129233452072762,	0.0413421321008037,	-0.0832658100390276,	0.1345812162424800,	
  0.0253661765671991,	-0.1185429334403530,	-0.0921480772298599,	-0.0899945992357871,	-0.0336431257544429,	-0.0240422597869539,	0.0688775227547771,	-0.0194023160860552,	0.1107811400251057,	0.1043329857109282,	0.0345261853827607,	-0.1202492030278342,	
};

const PROGMEM tinytype Bdyn_data[12*4] = {
  -0.9840868857796015,	-0.7273476438584165,	0.6694910197133082,	-0.2389130014559397,	
  -0.7309149560565458,	-0.4374920349208635,	-0.2620555146737493,	0.5199463186479523,	
  -0.7532558567576146,	-0.2952894018340630,	0.8538914451702730,	0.2073717786610980,	
  -0.0210455341375266,	-0.5260580177512015,	-0.2576763065458938,	-0.1628894840535899,	
  -0.0582710089017813,	0.7353173705725651,	-0.2985099479588600,	0.8302912544021233,	
  0.1333085009282031,	0.0125923150000153,	0.2701273776644217,	-0.5276911055567792,	
  -0.1442363578298245,	-0.6206954368836899,	0.9786012896193028,	0.7343477475530771,	
  0.5714431010278673,	0.3296257373639440,	0.2048713497286405,	0.8737766405600238,	
  -0.0096647139299166,	-0.6933206388477466,	-0.2463943968062912,	-0.6715254626710232,	
  -0.1677971536709058,	-0.2582144659299126,	-0.0066533099790811,	0.8194750622054499,	
  -0.5368503307072854,	0.8142667773926271,	0.0056050128125353,	0.7757104622591819,	
  -0.1621940933839972,	-0.9876036194042999,	0.0488955505043285,	-0.5322532616910423,	
};

const PROGMEM tinytype Q_data[12] = {
  1.0544813792132679,9.4131930923907827,0.9841727758055219,4.1071680457785087,8.1957874568789411,3.3100840394987361,9.8037085597827094,9.2736000762645556,1.4069048350841409,3.3336391828107388,
  9.5594678454025477,6.4427037505504110,
};

const PROGMEM tinytype Qf_data[12] = {
  9.4903324129194111,84.7187378315170463,8.8575549822496971,36.9645124120065773,73.7620871119104748,29.7907563554886252,88.2333770380443809,83.4624006863810024,12.6621435157572684,30.0027526452966491,
  86.0352106086229327,57.9843337549536955,
};

const PROGMEM tinytype R_data[4] = {
  0.1000000000000000,0.1000000000000000,0.1000000000000000,0.1000000000000000,
};

const PROGMEM tinytype umin[4] = {
  -3.0,	
  -3.0,	
  -3.0,	
  -3.0,	
};

const PROGMEM tinytype umax[4] = {
  3.0,	
  3.0,	
  3.0,	
  3.0,	
};

const PROGMEM tinytype xmin[12] = {
  -10000.0,	
  -10000.0,	
  -10000.0,	
  -10000.0,	
  -10000.0,	
  -10000.0,	
  -10000.0,	
  -10000.0,	
  -10000.0,	
  -10000.0,	
  -10000.0,	
  -10000.0,	
};

const PROGMEM tinytype xmax[12] = {
  10000.0,	
  10000.0,	
  10000.0,	
  10000.0,	
  10000.0,	
  10000.0,	
  10000.0,	
  10000.0,	
  10000.0,	
  10000.0,	
  10000.0,	
  10000.0,	
};

const PROGMEM tinytype rho_value = 85.0;

const PROGMEM tinytype Kinf_data[4*12] = {
  0.0076659353684426,	0.0068258514649784,	-0.0115749596599533,	-0.0115473367601159,	0.0109941335774442,	-0.0044343870276391,	-0.0077152873128981,	-0.0033307367894945,	-0.0061812297187681,	-0.0109438250176158,	0.0114708522927156,	-0.0048252189483596,	
  0.0127704051297349,	0.0199059031154866,	-0.0047664791672226,	0.0024381762538736,	-0.0055266445793842,	-0.0004586860524834,	-0.0150693104895288,	0.0023885921029789,	-0.0138188951471319,	0.0031435455858763,	0.0002018103324984,	0.0267053747404543,	
  0.0086178231234422,	-0.0057267480114169,	-0.0122163437321247,	0.0001352345297189,	-0.0013033696091256,	0.0114261980112032,	0.0065989491156702,	0.0125307352380018,	-0.0042355888401283,	-0.0073737430108625,	0.0090852662416051,	-0.0107700984945114,	
  0.0073382751654446,	0.0061730703691002,	-0.0131288781964844,	0.0136958409784490,	-0.0092508481727451,	-0.0014517739584039,	0.0008576525078096,	0.0025277530688551,	-0.0044468782874621,	0.0076346005016629,	0.0021700145270635,	0.0180266228026802,	
};

const PROGMEM tinytype Pinf_data[12*12] = {
  1.3216158975401293,	0.0466656755851297,	-0.2290224037861819,	-0.0824078702078622,	-0.0357158674601653,	0.0673297598634737,	-0.0160941242796985,	0.1044746378901213,	-0.0623754454250300,	0.0346481847189899,	0.1390999238725910,	0.0227653287787641,	
  0.0466656755851297,	9.7288538340501987,	0.0497166092703975,	-0.1730023862040965,	0.0161426037592021,	-0.0584797803107471,	-0.1934917015032629,	-0.0026390346791901,	-0.0841739430217119,	-0.0311064698941175,	0.0218319262765357,	0.1954527899293493,	
  -0.2290224037861820,	0.0497166092703974,	1.5455453868930054,	-0.0063113475512230,	0.0984824548520212,	-0.0730047695914807,	-0.0124381131977542,	-0.1040496730777941,	0.1971458336302648,	-0.0602107461200197,	-0.2962997347850363,	-0.0033402950085650,	
  -0.0824078702078623,	-0.1730023862040965,	-0.0063113475512229,	4.6572246468408443,	-0.0326719837069269,	0.0346528894629846,	0.2037939153528592,	0.0626070398521481,	-0.0249681719425118,	0.0671409545661829,	-0.1734728150922986,	0.0496644341848479,	
  -0.0357158674601653,	0.0161426037592021,	0.0984824548520212,	-0.0326719837069268,	8.4756105050490405,	-0.1100900956883279,	-0.0308744694471897,	-0.1313193466418948,	0.1317891646349490,	-0.1576672447393683,	0.0096315979092374,	-0.1042414616906750,	
  0.0673297598634736,	-0.0584797803107470,	-0.0730047695914807,	0.0346528894629845,	-0.1100900956883279,	3.6309227411738214,	0.1553136683003237,	0.2420274888027936,	-0.2503031452692098,	0.0458227531205983,	0.2015627641957978,	-0.0478072416839995,	
  -0.0160941242796985,	-0.1934917015032629,	-0.0124381131977542,	0.2037939153528591,	-0.0308744694471897,	0.1553136683003238,	10.2346134078368731,	0.1573435336149660,	0.0151677511755480,	0.1995322652340543,	0.0703620378234833,	-0.2521860679355588,	
  0.1044746378901212,	-0.0026390346791900,	-0.1040496730777940,	0.0626070398521481,	-0.1313193466418948,	0.2420274888027935,	0.1573435336149660,	9.6330638653662302,	-0.2627580806711491,	0.0608654267213662,	0.1066366236012295,	-0.0913763738806267,	
  -0.0623754454250300,	-0.0841739430217120,	0.1971458336302649,	-0.0249681719425119,	0.1317891646349489,	-0.2503031452692098,	0.0151677511755480,	-0.2627580806711491,	1.9548103919736117,	0.0085850968271815,	-0.3034797143693017,	-0.1140902773005410,	
  0.0346481847189899,	-0.0311064698941175,	-0.0602107461200197,	0.0671409545661829,	-0.1576672447393684,	0.0458227531205983,	0.1995322652340544,	0.0608654267213662,	0.0085850968271815,	3.6887975129997850,	0.0427845662230866,	0.0547692778043414,	
  0.1390999238725911,	0.0218319262765358,	-0.2962997347850364,	-0.1734728150922987,	0.0096315979092374,	0.2015627641957978,	0.0703620378234833,	0.1066366236012295,	-0.3034797143693018,	0.0427845662230867,	10.0472829899452218,	-0.0288914018305388,	
  0.0227653287787641,	0.1954527899293493,	-0.0033402950085650,	0.0496644341848478,	-0.1042414616906750,	-0.0478072416839995,	-0.2521860679355588,	-0.0913763738806267,	-0.1140902773005410,	0.0547692778043414,	-0.0288914018305388,	6.8797490940164598,	
};

const PROGMEM tinytype Quu_inv_data[4*4] = {
  0.0101635825259572,	-0.0003617362579020,	-0.0000951241432613,	0.0004190581436823,	
  -0.0003617362579020,	0.0089565882964051,	0.0006229764831871,	-0.0009394119494762,	
  -0.0000951241432613,	0.0006229764831871,	0.0101801249376774,	-0.0005742778757737,	
  0.0004190581436823,	-0.0009394119494762,	-0.0005742778757737,	0.0085321036401065,	
};

const PROGMEM tinytype AmBKt_data[12*12] = {
  -0.0997020597593393,	0.0711040073165038,	-0.0236184087551961,	-0.1020357159115899,	-0.0451668382665494,	0.0856879334697034,	-0.0620241163887640,	-0.0410540065578635,	0.0285716670763775,	-0.0461742059610801,	0.1214905436633146,	0.0811553046158846,	
  -0.0856565934307821,	-0.0204649426522747,	0.1136560438407334,	0.0556219426830956,	-0.0194619694235869,	-0.0211724893963336,	0.0456521818219767,	-0.0565169329944831,	0.1005793441456691,	0.0580664825393484,	-0.0991812116151187,	0.0234748055138471,	
  0.0884060001130428,	-0.1096233279882973,	0.1175907677000445,	0.0157979738270802,	0.1323093542622907,	0.1198128347809028,	0.0065093885493755,	-0.0273233258454805,	0.0874475143216850,	-0.0493171838133226,	0.1072020974402443,	0.0476846963954985,	
  -0.1002932306055016,	-0.0993099924505062,	-0.0304513427168187,	0.1264964096978367,	0.0458192197669567,	-0.1106980448209789,	-0.1193943315025775,	-0.1316780451186697,	0.0396592476396849,	-0.1156468481466287,	-0.0949969605406585,	0.0499857707074837,	
  0.0216086155865785,	-0.0086739235041879,	-0.1220384095204173,	0.0954738898045938,	-0.0381546338124429,	0.0406827330065980,	0.0578594033082784,	0.0073824903217540,	-0.1025387924679873,	0.1171689295127779,	0.1133474319139516,	0.0879674992211504,	
  0.0610191138287397,	-0.1106837345922329,	-0.0515142207809664,	0.1329943365907606,	0.0047382139024388,	0.0480015508142880,	0.1065928902180989,	-0.0432810649084138,	0.1153282939648075,	-0.0078051140192662,	-0.0609354931074020,	-0.0750574825771423,	
  0.0208426712032418,	-0.0617340482352886,	-0.0935457426399661,	0.0584154823556480,	-0.0450136617291992,	0.0867087471590293,	0.0802183651922246,	0.1095223484516781,	-0.0785351258033514,	-0.0121608291326259,	0.0546243030118272,	-0.0692542502483597,	
  0.0561036645605296,	0.0572883513826362,	-0.0729228612282016,	-0.1088255782231983,	0.0327664261101694,	-0.0615202967668007,	-0.0887925289996012,	-0.0916443776002267,	0.0481746765905774,	-0.0420674843315189,	0.0532050925241474,	0.0454464899198384,	
  -0.0697481610848155,	-0.0843483210194134,	0.0480477172714458,	-0.1198979121061309,	-0.1276574296694440,	0.0774318911479666,	0.0130993354456023,	-0.0753844682519253,	-0.1423615598652355,	-0.0202715704021403,	0.1188319285680883,	-0.0113233558063110,	
  -0.0231414634703900,	-0.0256805244831219,	0.0540620694942925,	0.1090855789596968,	0.0652480144493718,	-0.1291692003479272,	0.1213021220302093,	-0.0527069477103004,	0.1249890768556945,	0.0280334061500851,	-0.0576617089201078,	-0.0670997886125921,	
  0.0469982620738474,	0.0068628361930241,	-0.0101465761134389,	0.0208940014439506,	-0.1083189028668809,	-0.0060587329462307,	-0.0631838795760870,	0.0252760285055339,	-0.0015162426656977,	0.0270263417268388,	-0.0790062326468639,	0.0963224230581610,	
  0.0427060920178340,	-0.0942110293508314,	-0.1051234227857175,	-0.0821765136939191,	-0.0421781415548712,	-0.0265458928427463,	0.0528774722373971,	-0.0168508520957839,	0.0939712261865991,	0.1100866231749285,	0.0372967667011129,	-0.0845361616104462,	
};

const PROGMEM tinytype coeff_d2p_data[12*4] = {
  -0.0117703410126091,	-0.0054809296226754,	0.0073750625974690,	-0.0014776161198746,	
  -0.0694529822505596,	-0.0411990105715724,	-0.0313382668752948,	0.0444764094504424,	
  -0.0088143136666763,	-0.0046311798220987,	0.0100968504294692,	-0.0002643038880602,	
  0.0027717497130196,	-0.0235429173709860,	-0.0111656654238640,	-0.0033702135898186,	
  -0.0051750657773452,	0.0483631620554635,	-0.0263229568206779,	0.0537540575828295,	
  0.0046007986501197,	0.0045719292627816,	0.0137922775120137,	-0.0124047571536564,	
  -0.0080269467295874,	-0.0550681118094964,	0.0942730458168986,	0.0655915120010713,	
  0.0575829892314762,	0.0204757806292885,	0.0195595417001153,	0.0712703618934623,	
  -0.0006141999885792,	-0.0119751396651699,	-0.0049596734732479,	-0.0106762522601661,	
  -0.0043793807716514,	-0.0134713255888335,	-0.0003422656908582,	0.0265321610897198,	
  -0.0529933169806940,	0.0703735603391599,	0.0026983381824766,	0.0583452875724928,	
  -0.0122226404686389,	-0.0571053069615794,	-0.0012877446415196,	-0.0265960229962203,	
};

const PROGMEM tinytype dKinf_drho_data[4*12] = {
  -0.0000748891490814,	-0.0000655609578372,	0.0001201231762264,	0.0001130595141633,	-0.0001098942165787,	0.0000477518355606,	0.0000732517599221,	0.0000356091749328,	0.0000569888201578,	0.0001071305725872,	-0.0001156212363834,	0.0000500235424556,	
  -0.0001087203678783,	-0.0001644491548131,	0.0000332836626343,	-0.0000130497433673,	0.0000444240016197,	-0.0000030627746587,	0.0001283343289108,	-0.0000256754087026,	0.0001156214637256,	-0.0000207740583305,	0.0000003893233836,	-0.0002153605851452,	
  -0.0000900349882795,	0.0000497090444589,	0.0001184597361919,	0.0000044185913445,	0.0000128427388285,	-0.0001165370756634,	-0.0000580176414649,	-0.0001276086085421,	0.0000477364644100,	0.0000754143236931,	-0.0000897327793404,	0.0001027876972293,	
  -0.0000485972056250,	-0.0000396467678397,	0.0001050263915371,	-0.0001095418069807,	0.0000680681701477,	0.0000208377948855,	-0.0000146646700963,	-0.0000102915571105,	0.0000244107348504,	-0.0000619798589516,	-0.0000177501689341,	-0.0001324670997644,	
};

const PROGMEM tinytype dPinf_drho_data[12*12] = {
  0.0003651019329085,	0.0003020524274238,	-0.0003477711658249,	0.0000515312079427,	-0.0000603837197124,	0.0000699956559679,	-0.0001855208531680,	0.0001446499308965,	-0.0003184451188339,	-0.0000613515688658,	0.0002004042822932,	0.0003482414836948,	
  0.0003020524274238,	0.0005460862418098,	-0.0001993934536731,	0.0000449482182495,	-0.0001073319237705,	-0.0001060276762107,	-0.0003987032886321,	-0.0000188994208915,	-0.0003346376213540,	0.0000881065572360,	0.0000406476205922,	0.0006943755177211,	
  -0.0003477711658249,	-0.0001993934536731,	0.0005016462756171,	-0.0000583822476086,	0.0000502492888975,	-0.0000595886826361,	0.0000838737465224,	-0.0001577695356673,	0.0002427096049532,	0.0001060371927109,	-0.0002610407369791,	-0.0001839760762895,	
  0.0000515312079427,	0.0000449482182495,	-0.0000583822476086,	0.0003347007978488,	-0.0002605582710282,	0.0000391350155873,	0.0000678906539736,	0.0000843260952454,	-0.0000344843764772,	0.0002267563044890,	-0.0000943522526370,	0.0003623954926844,	
  -0.0000603837197124,	-0.0001073319237705,	0.0000502492888975,	-0.0002605582710282,	0.0002593134816841,	-0.0000493371247691,	-0.0000068127693809,	-0.0000970613346919,	0.0000679316141348,	-0.0002051135545347,	0.0000970930412513,	-0.0003680324723563,	
  0.0000699956559679,	-0.0001060276762107,	-0.0000595886826361,	0.0000391350155873,	-0.0000493371247691,	0.0001970674922247,	0.0001190399447915,	0.0001827328881984,	-0.0000717466366910,	-0.0000608543147028,	0.0000831466619886,	-0.0001252642608115,	
  -0.0001855208531680,	-0.0003987032886321,	0.0000838737465224,	0.0000678906539736,	-0.0000068127693809,	0.0001190399447915,	0.0003413930195678,	0.0000738992281038,	0.0002225420017549,	-0.0000054188377014,	-0.0000219926282666,	-0.0004286926996958,	
  0.0001446499308965,	-0.0000188994208915,	-0.0001577695356673,	0.0000843260952454,	-0.0000970613346919,	0.0001827328881984,	0.0000738992281038,	0.0002036559886228,	-0.0001243943920899,	-0.0000348159188914,	0.0001017011058843,	0.0000047289244338,	
  -0.0003184451188339,	-0.0003346376213540,	0.0002427096049532,	-0.0000344843764772,	0.0000679316141348,	-0.0000717466366910,	0.0002225420017549,	-0.0001243943920899,	0.0003809935097170,	0.0000460870451161,	-0.0001709754271509,	-0.0003942469955858,	
  -0.0000613515688658,	0.0000881065572360,	0.0001060371927109,	0.0002267563044890,	-0.0002051135545347,	-0.0000608543147028,	-0.0000054188377014,	-0.0000348159188914,	0.0000460870451161,	0.0002674193824171,	-0.0001866597437520,	0.0003604583508859,	
  0.0002004042822932,	0.0000406476205922,	-0.0002610407369791,	-0.0000943522526370,	0.0000970930412513,	0.0000831466619886,	-0.0000219926282666,	0.0001017011058843,	-0.0001709754271509,	-0.0001866597437520,	0.0002479607723417,	-0.0001033228089720,	
  0.0003482414836948,	0.0006943755177211,	-0.0001839760762895,	0.0003623954926844,	-0.0003680324723563,	-0.0001252642608115,	-0.0004286926996958,	0.0000047289244338,	-0.0003942469955858,	0.0003604583508859,	-0.0001033228089720,	0.0011968284177568,	
};

const PROGMEM tinytype dC1_drho_data[4*4] = {
  -0.0001036994242042,	0.0000073040982921,	0.0000023519051243,	-0.0000082420816213,	
  0.0000073040982921,	-0.0000818943763948,	-0.0000125322462317,	0.0000168822758891,	
  0.0000023519051243,	-0.0000125322462317,	-0.0001044202857166,	0.0000113571158050,	
  -0.0000082420816213,	0.0000168822758891,	0.0000113571158050,	-0.0000742035647001,	
};

const PROGMEM tinytype dC2_drho_data[12*12] = {
  -0.0001041078210590,	-0.0002268812712809,	0.0000882048768547,	0.0000726395159940,	-0.0000681694919300,	0.0001277631989555,	0.0002007684776567,	0.0000993416046980,	0.0001140518574691,	0.0000250188225668,	-0.0000576636251909,	-0.0002078780547055,	
  -0.0001006281211213,	-0.0000862239597826,	0.0000787961048637,	0.0001350415065521,	-0.0000929144635655,	-0.0000078111268086,	0.0001021070519265,	-0.0000132949906250,	0.0000920547824559,	0.0001212037916037,	-0.0000986247997115,	0.0000381562784628,	
  -0.0000015568673248,	-0.0001321687750684,	-0.0000226194660958,	0.0001002521722953,	-0.0000947422477284,	0.0001302537862754,	0.0001456548908352,	0.0001303392211622,	0.0000312450993295,	0.0000230195997281,	-0.0000066744736688,	-0.0000862127692764,	
  -0.0000898851603492,	-0.0000815387603578,	0.0000676691560207,	-0.0000211901663867,	0.0000354536783692,	-0.0000272408198552,	0.0000517144329774,	-0.0000473154418608,	0.0000782997660189,	0.0000006628773201,	-0.0000282418310060,	-0.0001073309337071,	
  0.0000890536039162,	0.0001648590258295,	-0.0000693154413088,	0.0001084543927355,	-0.0000917521080112,	-0.0000470542562023,	-0.0000952409031391,	-0.0000085928926669,	-0.0000877158847948,	0.0000954913931742,	-0.0000190719596022,	0.0003019427260628,	
  0.0000100290034378,	-0.0000235383920114,	0.0000069897158528,	-0.0000739052875928,	0.0000465402248475,	0.0000361486154783,	-0.0000034473712291,	0.0000246161227479,	-0.0000090666343663,	-0.0000670975163388,	0.0000302810653202,	-0.0001016241565624,	
  0.0000455116297865,	-0.0001310599341186,	-0.0001550655977145,	0.0000843251164115,	-0.0000508305946603,	0.0001037276453806,	0.0001577672056183,	0.0001216350593446,	0.0000153446410099,	-0.0000257280242162,	0.0000844122753830,	-0.0001297693756434,	
  0.0001395406116560,	0.0001161294915470,	-0.0001956533257757,	0.0000345042812375,	-0.0000139524886625,	-0.0000206103580644,	-0.0000594617119553,	0.0000232505282442,	-0.0001017870421367,	-0.0000156650436656,	0.0000998359854552,	0.0001370911866024,	
  -0.0001309202347359,	-0.0001290254050672,	0.0001239529177898,	-0.0000804263650123,	0.0000786118693559,	-0.0000163829496648,	0.0000655418750668,	-0.0000558102270546,	0.0001088679551073,	-0.0000364070837178,	-0.0000348768646821,	-0.0002124591930480,	
  -0.0000014141903675,	-0.0000206438255765,	-0.0000565277091611,	0.0001053976095054,	-0.0000626637381377,	-0.0000106296411816,	0.0000570605391030,	0.0000069300110273,	0.0000197313133545,	0.0000639047464165,	-0.0000053515846443,	0.0000620219527963,	
  0.0000865251272412,	0.0001291848542152,	-0.0000447476528980,	0.0001562699695143,	-0.0001480429105969,	0.0000126186006629,	-0.0000534724212489,	0.0000487219460508,	-0.0000827554756265,	0.0001220844356400,	-0.0000481163669592,	0.0003043961137865,	
  -0.0001409829173455,	-0.0001965768532112,	0.0001024628207926,	-0.0000530704218969,	0.0000616506647553,	0.0000215093871008,	0.0001336559365435,	-0.0000188197503962,	0.0001340900186127,	-0.0000398169960615,	-0.0000234286360950,	-0.0002801092772075,	
};

