#pragma once

typedef float tinytype;

const PROGMEM tinytype Adyn_data[12*12] = {
  0.0118216488310227,	0.0002646030312021,	-0.0715445585322805,	0.0728243208997602,	-0.0404874859233731,	-0.0270576650417833,	-0.0458925524483794,	0.1106752660779960,	-0.1367172805756428,	-0.0443250841381135,	0.1008013854437575,	-0.0964449217253286,	
  -0.0131364141063990,	-0.0999660447977071,	0.1212912785042174,	-0.1358634386001354,	-0.1066212229246496,	0.0234505858691958,	0.0941174197681551,	-0.0955695134212158,	0.0914466766981783,	0.1123578672092438,	-0.0166004400228540,	0.0910679708261472,	
  0.1148554770689145,	0.0272028664235115,	-0.1219492715422336,	0.0055932917436549,	-0.1229475291704792,	0.0283554185598227,	-0.0920979915375255,	0.0850664510613438,	-0.0056211408041593,	0.0103504277287715,	0.0708906555111173,	0.1366182253099980,	
  -0.0892998548345405,	0.0249100109212133,	0.1419527094517230,	0.1253741177302731,	-0.1044398213218471,	0.0470013910628480,	0.0317385752368971,	-0.0031940977465180,	0.0359831074697200,	0.0929738424419171,	-0.0374338331745261,	-0.0746315625777914,	
  0.0620765437491310,	-0.0468386987409461,	0.0864882497873341,	-0.0584768386843433,	-0.0724477931788825,	0.0554048344631998,	-0.0308982381716147,	-0.1328254387386187,	-0.0056431715020246,	0.0951661812184965,	0.0816092613276451,	-0.0099050533430498,	
  -0.1254966532337559,	0.0272509896117707,	-0.1258045770861893,	0.0390195815402984,	-0.0585010850794476,	0.0179100892922541,	-0.1010049505700409,	0.0496951434744389,	-0.0894082281887682,	0.0628009193131284,	0.0429590414157160,	-0.0509301102035780,	
  -0.0169177698684441,	-0.0638627751014755,	-0.1128469094075655,	0.0510061932277579,	-0.0703362390147529,	-0.1091252294487188,	0.1487790496188276,	-0.0661871567170285,	0.0846036065853229,	-0.0779992887859609,	-0.0599113202665420,	0.1037798517375445,	
  -0.0567502485938547,	0.0017634806258918,	0.0906886382377958,	0.0766816799590486,	-0.0512941090383547,	-0.1212391101999170,	-0.0279953158367905,	-0.0393987002782976,	0.1346375983803648,	0.0483147672118554,	-0.0461153260359437,	-0.1073030560944823,	
  0.1479249686430551,	0.0056694212239374,	-0.1209550154337916,	0.1209324995918604,	-0.0710850285241082,	-0.1308754344204529,	-0.0530547378165192,	0.1222370829635038,	0.0922467747789434,	-0.0021729766673268,	-0.0637474588494255,	0.0786576031151139,	
  -0.1428000543678699,	-0.0519152872534810,	-0.0337864220127706,	0.0206440987568132,	0.1505723286102073,	-0.0116356702527958,	-0.0157242963283289,	0.1441873651434551,	0.0556444049337931,	0.1256407114158459,	0.1033813369123591,	-0.1065780923880959,	
  -0.0670543062999554,	0.0204431759669047,	-0.0268545716098173,	0.1072971885069661,	-0.0588305175016409,	-0.0731255136761835,	-0.1028248970964218,	-0.1252587964277903,	-0.0952040720749970,	0.0954977390948082,	0.1190771151275363,	-0.1194568442722976,	
  0.0988620068668464,	-0.0385963874947733,	0.1190276816908004,	-0.0308586249093011,	0.0722441030957127,	-0.0679915193395419,	-0.1246353020779030,	0.1078145510051542,	0.1041767252508083,	-0.1009987497172541,	0.0136268299106089,	0.0425900112207975,	
};

const PROGMEM tinytype Bdyn_data[12*4] = {
  -0.2882229296377516,	-0.3158859750383221,	0.9290943190137471,	-0.9504785743718756,	
  -0.3260264007366902,	-0.3291142258814659,	0.0917287700046521,	-0.2671401798228592,	
  -0.3412453735803074,	-0.7053106285242849,	0.0042741616897159,	0.6195420288698938,	
  0.5941511924502820,	-0.2002455675885704,	0.1717686872240607,	0.3280585163822731,	
  -0.0245993684076042,	0.4174078951554174,	0.9357667941196344,	-0.3319341671864786,	
  -0.8263485502638777,	0.6000110514543606,	-0.2136270683337012,	-0.3280638762540116,	
  0.7809492605718305,	0.7866361933412995,	0.4618050811164582,	0.2003864618172757,	
  -0.2775657398453715,	-0.6053298798780804,	0.1722393383672201,	-0.4512959552628502,	
  0.2077759145237654,	-0.0894735209050659,	-0.8965834195177234,	0.2096902805684728,	
  -0.0515637843084915,	0.8776818319701709,	-0.6751939440486199,	0.8340191289456020,	
  0.4430431963726480,	-0.3311690924082260,	-0.8365818700678376,	0.0652599778291230,	
  -0.7672988872195194,	-0.4415534759439743,	-0.4526784094203220,	0.4030670496273552,	
};

const PROGMEM tinytype Q_data[12] = {
  1.7455099745598428,1.5835574235994132,6.1661546820451614,5.3241114533206426,2.4839644675577528,6.4079338314644581,8.7621210598401902,8.6225482003309821,7.2092222393055581,7.0993161046211934,
  4.6797879988722419,2.8823965585245590,
};

const PROGMEM tinytype Qf_data[12] = {
  15.7095897710385852,14.2520168123947180,55.4953921384064515,47.9170030798857809,22.3556802080197770,57.6714044831801260,78.8590895385617046,77.6029338029788391,64.8830001537500181,63.8938449415907428,
  42.1180919898501784,25.9415690267210302,
};

const PROGMEM tinytype R_data[4] = {
  0.1000000000000000,0.1000000000000000,0.1000000000000000,0.1000000000000000,
};

const PROGMEM tinytype umin[4] = {
  -3.0,	
  -3.0,	
  -3.0,	
  -3.0,	
};

const PROGMEM tinytype umax[4] = {
  3.0,	
  3.0,	
  3.0,	
  3.0,	
};

const PROGMEM tinytype xmin[12] = {
  -10000.0,	
  -10000.0,	
  -10000.0,	
  -10000.0,	
  -10000.0,	
  -10000.0,	
  -10000.0,	
  -10000.0,	
  -10000.0,	
  -10000.0,	
  -10000.0,	
  -10000.0,	
};

const PROGMEM tinytype xmax[12] = {
  10000.0,	
  10000.0,	
  10000.0,	
  10000.0,	
  10000.0,	
  10000.0,	
  10000.0,	
  10000.0,	
  10000.0,	
  10000.0,	
  10000.0,	
  10000.0,	
};

const PROGMEM tinytype rho_value = 85.0;

const PROGMEM tinytype Kinf_data[4*12] = {
  0.0013693422770825,	-0.0028525676116548,	-0.0002016956025881,	0.0090899816767086,	-0.0054079072406271,	-0.0064870458001977,	0.0190754449309257,	-0.0124113013670013,	0.0065265876017315,	-0.0031829644336278,	-0.0088038839565097,	0.0052687969856316,	
  -0.0166995132111671,	-0.0073098115290420,	-0.0149595634052028,	-0.0027885944202166,	0.0113544295619994,	0.0015988581594856,	0.0122276570046025,	0.0014728001368926,	-0.0023762314091082,	0.0023674408325034,	0.0029430489791209,	-0.0003679336381163,	
  0.0013146518699031,	-0.0024066145078587,	0.0088697587454556,	-0.0092112701691013,	-0.0075201853006878,	0.0071879103183064,	0.0146861012758898,	-0.0149649142550139,	-0.0011932012130329,	-0.0097554136984311,	-0.0055668343982723,	0.0062632764991727,	
  0.0018605887610106,	-0.0023589633641673,	-0.0078858426557937,	0.0015568275459181,	0.0046751158776789,	0.0022331652410552,	0.0007279894766462,	0.0130108635668753,	0.0063203474642129,	0.0040111315276294,	0.0048774013566147,	0.0089702972969618,	
};

const PROGMEM tinytype Pinf_data[12*12] = {
  2.4113878424899706,	0.0151149453596202,	-0.1747561193011866,	-0.0692664695652858,	-0.1533573222415084,	-0.0811817836604586,	-0.0399433554063117,	0.1280856677870197,	0.0820750341699998,	-0.3313348160234904,	-0.1433978321963182,	0.4999668530185942,	
  0.0151149453596202,	1.6730721712004182,	-0.0094119309048903,	0.0371520232611107,	-0.0471215767669284,	0.0673879731577950,	-0.0978028413795075,	0.0150170213153457,	-0.1093463721106421,	0.0202870071844171,	0.0116436780097581,	-0.0400122483757493,	
  -0.1747561193011866,	-0.0094119309048903,	6.8803991413993124,	-0.0976366378737346,	0.1608226505214131,	0.1221820456258592,	0.0573353000641846,	-0.2113914870074457,	0.1277112333876049,	0.1218751551634171,	-0.0708605472578827,	-0.3367690742006056,	
  -0.0692664695652858,	0.0371520232611107,	-0.0976366378737347,	5.7068232222818729,	-0.2031431928122133,	-0.2596105883834911,	-0.0691653470511115,	0.0768300415042674,	0.1339429675593083,	0.0960909002995096,	-0.0565586518582524,	-0.1317468169490487,	
  -0.1533573222415083,	-0.0471215767669284,	0.1608226505214131,	-0.2031431928122132,	2.9851918657886660,	0.1126100900769045,	0.0239175659051140,	0.1313569477172087,	-0.0413748923820064,	-0.0196403366036109,	0.0873766633066153,	-0.1953627939966588,	
  -0.0811817836604585,	0.0673879731577950,	0.1221820456258592,	-0.2596105883834911,	0.1126100900769045,	6.8527185428279163,	-0.0171780279021724,	-0.0286988509324390,	-0.3130072713937402,	0.0902678740058580,	0.1433545890046407,	-0.0179159584616904,	
  -0.0399433554063117,	-0.0978028413795076,	0.0573353000641846,	-0.0691653470511114,	0.0239175659051140,	-0.0171780279021725,	9.1720482250171926,	-0.1725514645700580,	0.1439876953794118,	-0.1408923869659588,	-0.2077558542559833,	0.1445725958414023,	
  0.1280856677870197,	0.0150170213153457,	-0.2113914870074457,	0.0768300415042673,	0.1313569477172087,	-0.0286988509324390,	-0.1725514645700580,	9.1751393247594581,	0.0724656072329889,	-0.0293388302648972,	0.0401072138566732,	0.0759257193645617,	
  0.0820750341699998,	-0.1093463721106421,	0.1277112333876049,	0.1339429675593082,	-0.0413748923820064,	-0.3130072713937402,	0.1439876953794118,	0.0724656072329889,	7.7200621086950774,	-0.0337403379295575,	-0.2391047606656356,	0.0779693993186016,	
  -0.3313348160234904,	0.0202870071844171,	0.1218751551634171,	0.0960909002995096,	-0.0196403366036109,	0.0902678740058580,	-0.1408923869659588,	-0.0293388302648972,	-0.0337403379295575,	7.5439827745402539,	0.1936277446628603,	-0.3407149914138780,	
  -0.1433978321963182,	0.0116436780097581,	-0.0708605472578827,	-0.0565586518582524,	0.0873766633066153,	0.1433545890046406,	-0.2077558542559833,	0.0401072138566732,	-0.2391047606656355,	0.1936277446628603,	5.0073291395170667,	-0.1658214634818740,	
  0.4999668530185941,	-0.0400122483757492,	-0.3367690742006057,	-0.1317468169490487,	-0.1953627939966588,	-0.0179159584616904,	0.1445725958414022,	0.0759257193645617,	0.0779693993186016,	-0.3407149914138780,	-0.1658214634818739,	3.5228261435889205,	
};

const PROGMEM tinytype Quu_inv_data[4*4] = {
  0.0097591136799321,	-0.0004405849325877,	-0.0001775489524223,	-0.0004764359133691,	
  -0.0004405849325877,	0.0092857598231757,	0.0000222128007761,	-0.0004538088576149,	
  -0.0001775489524223,	0.0000222128007761,	0.0095248234033845,	0.0008420210246129,	
  -0.0004764359133691,	-0.0004538088576149,	0.0008420210246129,	0.0100738345971697,	
};

const PROGMEM tinytype AmBKt_data[12*12] = {
  0.0074881968296754,	-0.0028728115730783,	-0.0920643750487785,	0.0846012541929580,	-0.0270289048230405,	-0.0329779944460173,	-0.0494848613348807,	0.1338336452179126,	-0.1284708352363280,	-0.0316184520935451,	0.1090015518163764,	-0.0923356579257746,	
  -0.0178095731183335,	-0.1037112382203309,	0.1133818777981511,	-0.1325568010118606,	-0.1027087105181111,	0.0217990746326643,	0.1032081515243489,	-0.0942827682466828,	0.0945903346401121,	0.1140656817252125,	-0.0166885505875563,	0.0944864497326073,	
  0.1023860826562523,	0.0225455163674640,	-0.1277215381259684,	0.0058032310152110,	-0.1196488409343335,	0.0258551738305330,	-0.0774780786073676,	0.0738731191316134,	-0.0089805752047074,	0.0084906686738979,	0.0669641729848903,	0.1325724239567329,	
  -0.0942936526971493,	0.0263283690467427,	0.1401404318959433,	0.1204863678548906,	-0.0991950118158468,	0.0492085745250781,	0.0200919755175832,	0.0027771925373053,	0.0297610086501080,	0.0956988628352598,	-0.0322575277265738,	-0.0818543188745158,	
  0.0684681227790544,	-0.0423886876552201,	0.0818099217559455,	-0.0479528845380578,	-0.0687312824402057,	0.0485929372641792,	-0.0490340361755981,	-0.1154230873193511,	-0.0012762664725650,	0.1045599176139559,	0.0869924743986753,	-0.0125052838671259,	
  -0.1134539695617668,	0.0279917335357106,	-0.1176875841384987,	0.0467472244284438,	-0.0698554631102052,	0.0138583488884076,	-0.0892025378314860,	0.0396268697992076,	-0.0807706492683199,	0.0579820775330327,	0.0343289754418143,	-0.0420746473047213,	
  -0.0058306649162527,	-0.0543008110890549,	-0.1034375449134335,	0.0500428322622540,	-0.0725087132486762,	-0.1090838051129409,	0.1173353820188967,	-0.0533494454588884,	0.0806604167710158,	-0.0736745465499108,	-0.0537576152361570,	0.0952646794954600,	
  -0.0658656390037567,	-0.0041032186828259,	0.0764906134573470,	0.0798058609768691,	-0.0425168507031943,	-0.1223020777259824,	-0.0174998453665409,	-0.0335028253625102,	0.1380686150571939,	0.0523548414440545,	-0.0436174877368464,	-0.1030938634986387,	
  0.1469348357444087,	0.0039450025183001,	-0.1126455295692645,	0.1102091912636103,	-0.0766682746731247,	-0.1234082389113810,	-0.0429094417236567,	0.1088020834419737,	0.0882829774238013,	-0.0108874475223897,	-0.0676687739342481,	0.0812645193889532,	
  -0.1287367081865560,	-0.0453041986315358,	-0.0081013341734752,	0.0160424934817785,	0.1313511802635700,	-0.0103827246535657,	-0.0161638771068531,	0.1212992129774379,	0.0519895827056827,	0.1134665692437468,	0.0925177758151789,	-0.1092359577830700,	
  -0.0722129547746046,	0.0174268188210217,	-0.0237844475058719,	0.0945388575318133,	-0.0592706934998382,	-0.0638544406224332,	-0.0949881036260724,	-0.1326407725351528,	-0.1002932429441337,	0.0892689844735718,	0.1189768510397896,	-0.1172586550151424,	
  0.0923841460622501,	-0.0441514341621897,	0.1194611452731371,	-0.0299124546577628,	0.0678195990443115,	-0.0699093445006091,	-0.0982449175605096,	0.0869231493240481,	0.1050476751843644,	-0.1084285031633044,	0.0036852275385981,	0.0456899096856697,	
};

const PROGMEM tinytype coeff_d2p_data[12*4] = {
  -0.0092574773052932,	-0.0106273776339990,	0.0185559878425316,	-0.0220752985739173,	
  -0.0058504098206239,	-0.0048663418208331,	0.0012496632119714,	-0.0044182332744281,	
  -0.0208046312499241,	-0.0400116011172561,	0.0037845281924090,	0.0472216119927977,	
  0.0353321661469376,	-0.0141892492427395,	0.0075716943897611,	0.0197785348377328,	
  -0.0017372314276878,	0.0125202350472960,	0.0248172174770784,	-0.0082282626710835,	
  -0.0577185949582303,	0.0425509729249533,	-0.0138457654902943,	-0.0225829814303193,	
  0.0638601872449592,	0.0630197447542236,	0.0410181602844740,	0.0165749573393798,	
  -0.0211630022833730,	-0.0492075162469525,	0.0123276818796903,	-0.0393040076014204,	
  0.0186677686687317,	-0.0102950988801596,	-0.0611032986737749,	0.0121012808238272,	
  -0.0062519916381616,	0.0587725455282934,	-0.0464058601436211,	0.0583004647129208,	
  0.0209140682251417,	-0.0137156008229449,	-0.0402343433662498,	-0.0008070923479465,	
  -0.0259099301744905,	-0.0149401318494049,	-0.0082679718965454,	0.0062084165516436,	
};

const PROGMEM tinytype dKinf_drho_data[4*12] = {
  -0.0000194451112295,	0.0000228511962502,	-0.0000066453066945,	-0.0000906745838348,	0.0000588018350718,	0.0000661603497672,	-0.0001767790392308,	0.0001248328365701,	-0.0000611637793869,	0.0000318177256830,	0.0000877030637181,	-0.0000455837162028,	
  0.0001564301426064,	0.0000653157722049,	0.0001349235458027,	0.0000305847284838,	-0.0001051102300269,	-0.0000171650390867,	-0.0001042283873512,	-0.0000141237606519,	0.0000284910475810,	-0.0000219882685371,	-0.0000296470232900,	0.0000103456308122,	
  -0.0000128932293683,	0.0000245604213942,	-0.0000780823429745,	0.0000879312372638,	0.0000663372917952,	-0.0000714299888599,	-0.0001369677987238,	0.0001296988558307,	0.0000071393994904,	0.0000880551652448,	0.0000469407167286,	-0.0000653163419442,	
  -0.0000262302847172,	0.0000210607632180,	0.0000643016040096,	-0.0000049246533227,	-0.0000383330792388,	-0.0000308031552639,	-0.0000043601877649,	-0.0001234900126469,	-0.0000605311008552,	-0.0000333970555353,	-0.0000477853032403,	-0.0000920902401971,	
};

const PROGMEM tinytype dPinf_drho_data[12*12] = {
  0.0003127376006869,	0.0001106303956559,	0.0002169064155570,	0.0000473476003563,	-0.0002066970734547,	-0.0000225850924118,	-0.0001470476682855,	-0.0000151053338479,	0.0000544276982703,	-0.0000851788595417,	-0.0000703826017955,	0.0000786465998503,	
  0.0001106303956559,	0.0000744409203243,	0.0001048912519811,	0.0000111691164701,	-0.0000617715642252,	-0.0000118297084276,	-0.0001830090601296,	0.0000322831436393,	-0.0000179466212537,	0.0000082893481685,	0.0000087951471626,	-0.0000486107808200,	
  0.0002169064155570,	0.0001048912519811,	0.0004120187384647,	-0.0000435008318134,	-0.0002620783559228,	0.0000158837283935,	-0.0000720546808357,	-0.0002787413278259,	-0.0000100301792431,	-0.0001130151567167,	-0.0001237145117638,	-0.0000636257978398,	
  0.0000473476003563,	0.0000111691164701,	-0.0000435008318134,	0.0001884369450771,	-0.0000047380093160,	-0.0001358433894625,	0.0000023237883349,	0.0000449463979450,	0.0000973227355021,	0.0000652757327832,	-0.0000310473854858,	-0.0000056676054848,	
  -0.0002066970734547,	-0.0000617715642252,	-0.0002620783559228,	-0.0000047380093160,	0.0002414367924948,	0.0000078725693813,	-0.0000718621575319,	0.0002452608276278,	-0.0000199273938016,	0.0001440559975741,	0.0001460684063746,	-0.0000488682691587,	
  -0.0000225850924118,	-0.0000118297084276,	0.0000158837283935,	-0.0001358433894625,	0.0000078725693813,	0.0001174156705568,	0.0000040011703277,	0.0000048867296928,	-0.0000547173236563,	-0.0000307383388116,	0.0000392828119348,	0.0000353657678618,	
  -0.0001470476682855,	-0.0001830090601296,	-0.0000720546808357,	0.0000023237883349,	-0.0000718621575319,	0.0000040011703277,	0.0007472882232544,	-0.0004296384472570,	0.0000869949706171,	-0.0001910749020321,	-0.0002237914083576,	0.0002178373555941,	
  -0.0000151053338479,	0.0000322831436393,	-0.0002787413278259,	0.0000449463979450,	0.0002452608276278,	0.0000048867296928,	-0.0004296384472570,	0.0005833992200824,	0.0000076989442994,	0.0002189573704487,	0.0002591677834920,	-0.0000171290451195,	
  0.0000544276982703,	-0.0000179466212537,	-0.0000100301792431,	0.0000973227355021,	-0.0000199273938016,	-0.0000547173236563,	0.0000869949706171,	0.0000076989442994,	0.0001085059551160,	0.0000119128979085,	-0.0000360990116796,	0.0000743034809073,	
  -0.0000851788595417,	0.0000082893481685,	-0.0001130151567167,	0.0000652757327832,	0.0001440559975741,	-0.0000307383388116,	-0.0001910749020321,	0.0002189573704487,	0.0000119128979085,	0.0001842254130704,	0.0001296855559495,	-0.0001011843108575,	
  -0.0000703826017955,	0.0000087951471626,	-0.0001237145117638,	-0.0000310473854858,	0.0001460684063746,	0.0000392828119348,	-0.0002237914083576,	0.0002591677834920,	-0.0000360990116796,	0.0001296855559495,	0.0001553208843499,	-0.0000576195981300,	
  0.0000786465998503,	-0.0000486107808200,	-0.0000636257978398,	-0.0000056676054848,	-0.0000488682691587,	0.0000353657678618,	0.0002178373555941,	-0.0000171290451195,	0.0000743034809073,	-0.0001011843108575,	-0.0000576195981300,	0.0002188842199898,	
};

const PROGMEM tinytype dC1_drho_data[4*4] = {
  -0.0000957782385172,	0.0000081082134732,	0.0000038244054893,	0.0000093534016934,	
  0.0000081082134732,	-0.0000867454748777,	-0.0000001151898835,	0.0000085182226570,	
  0.0000038244054893,	-0.0000001151898835,	-0.0000914848169894,	-0.0000165870109018,	
  0.0000093534016934,	0.0000085182226570,	-0.0000165870109018,	-0.0001026687098234,	
};

const PROGMEM tinytype dC2_drho_data[12*12] = {
  0.0000308572637334,	0.0000244174313260,	0.0001743682842394,	-0.0001028503978932,	-0.0001143231817780,	0.0000507341924829,	0.0000392356802806,	-0.0002063588933382,	-0.0000727955712913,	-0.0001113299270576,	-0.0000731183050386,	-0.0000367149905282,	
  0.0000393192827576,	0.0000323197219010,	0.0000665786522448,	-0.0000288778359806,	-0.0000317476652052,	0.0000142441867381,	-0.0000805385725405,	-0.0000088357908540,	-0.0000273893752809,	-0.0000138621208157,	0.0000017650683687,	-0.0000300662162682,	
  0.0001200021595146,	0.0000407127701617,	0.0000533915210786,	-0.0000066953507794,	-0.0000306040908551,	0.0000298593813953,	-0.0001305516765841,	0.0001085898885475,	0.0000366942280160,	0.0000156636097159,	0.0000384222756186,	0.0000490745979631,	
  0.0000536975000898,	-0.0000116257456990,	0.0000232835716428,	0.0000465106096971,	-0.0000548042145195,	-0.0000203718008711,	0.0001091193800833,	-0.0000587640510368,	0.0000606771563151,	-0.0000274765246161,	-0.0000504321344996,	0.0000705855759347,	
  -0.0000624151858199,	-0.0000426932338926,	0.0000379291395303,	-0.0000989146373299,	-0.0000294799657278,	0.0000654095176436,	0.0001658797216819,	-0.0001533922588839,	-0.0000401701320682,	-0.0000835239506582,	-0.0000452547972777,	0.0000251132881093,	
  -0.0001212878054896,	-0.0000081510858265,	-0.0000820324266936,	-0.0000761110944203,	0.0001132538534051,	0.0000396059406378,	-0.0001142333678963,	0.0000988244201140,	-0.0000859704424388,	0.0000473403349240,	0.0000846130170651,	-0.0000880403504295,	
  -0.0000966576138861,	-0.0000847877944458,	-0.0000777724452985,	0.0000071329365073,	0.0000138087933108,	0.0000009940318716,	0.0002841714298350,	-0.0001215277140331,	0.0000341863212421,	-0.0000415232664198,	-0.0000572721548692,	0.0000760773778136,	
  0.0000796776426460,	0.0000511546642606,	0.0001222966492028,	-0.0000240220021818,	-0.0000760304429213,	0.0000063750500240,	-0.0000905368540811,	-0.0000519700040375,	-0.0000282776136956,	-0.0000347171648652,	-0.0000232532153444,	-0.0000366998678550,	
  0.0000119769614895,	0.0000187003331612,	-0.0000700379360821,	0.0001014468592490,	0.0000458928026385,	-0.0000728661650601,	-0.0000944840225977,	0.0001149795396926,	0.0000343514052690,	0.0000773735142502,	0.0000312311741340,	-0.0000288542625700,	
  -0.0001251274288364,	-0.0000571302040561,	-0.0002251120948964,	0.0000319587087586,	0.0001720464434307,	-0.0000040617542231,	-0.0000064793825218,	0.0002093979363709,	0.0000271446645459,	0.0001082474436381,	0.0001020909002237,	0.0000212731822710,	
  0.0000513453984482,	0.0000306788762924,	-0.0000218919276301,	0.0001241845358996,	-0.0000028628209171,	-0.0000927432436793,	-0.0000704967012884,	0.0000565789749212,	0.0000464565011675,	0.0000544663840904,	-0.0000062862030637,	-0.0000250109519606,	
  0.0000588881379111,	0.0000490031765037,	-0.0000067870244320,	-0.0000142801759946,	0.0000441870560784,	0.0000232664032504,	-0.0002419096840624,	0.0001980343277965,	-0.0000067206345311,	0.0000680266338930,	0.0000947134471899,	-0.0000228569418365,	
};

