#pragma once

typedef float tinytype;

const PROGMEM tinytype Adyn_data[12*12] = {
  -0.0229978189273176,	-0.1037845275969689,	0.1035120381468240,	0.0342516767113566,	0.1291912113884288,	0.0424312557695887,	0.1007497152344876,	-0.1149364826887532,	0.0267987140970067,	0.0338568605393092,	-0.0463109860421579,	0.1424409509410865,	
  0.1177186234940291,	0.0967974317426889,	-0.1370622929730731,	0.1228812361204068,	0.0722472770751387,	-0.1164755158010034,	-0.1060470310923873,	-0.0658069689613505,	0.0358785946590656,	-0.0357275804927955,	-0.0588246930657063,	-0.1224252884954526,	
  0.0531031013802897,	0.0166924200915960,	0.0320708963881785,	-0.0733226589424208,	0.0575063067316185,	-0.0589506727031955,	0.0732556873805483,	-0.0043608104827384,	-0.0605446866290196,	0.0838368150440218,	0.0401255903224520,	0.1096546977691655,	
  0.1169355180271526,	-0.0277206576735683,	0.0372780967100895,	0.0220883104315167,	-0.0629779178213362,	0.1407654661119662,	-0.1410348793577166,	-0.0928819650754252,	0.0947282824897391,	-0.0584377565796466,	-0.0893028368320901,	0.0996760009009741,	
  -0.1187900668819083,	-0.1038745866819592,	0.0670818910865886,	-0.0708879516002793,	0.0486375350248480,	-0.1226037649477479,	-0.0751827124242766,	-0.1223618862657857,	0.0365155676581656,	-0.1076946253194672,	-0.0924765208862202,	-0.0687755723066371,	
  -0.1405734083019296,	-0.0115162774283865,	0.0445881610435625,	0.0384975755698324,	-0.0729901188092113,	0.0325290064807273,	-0.0401990160527508,	-0.1171044722133999,	-0.0132750348900071,	0.0785823458199531,	-0.0798131818895450,	0.0552848233434704,	
  -0.0670939747757242,	0.1335061649881750,	0.0536031439616451,	0.0771895691874020,	0.0541350470954805,	0.0989558592344622,	0.0132218464426985,	-0.1269836524676581,	0.0233402546929564,	-0.0384575344246667,	-0.0759419774879871,	-0.0847709101072938,	
  -0.0704078974131257,	-0.1224847366128419,	-0.1412005981124698,	0.0885760528740773,	0.0479108304880910,	0.0308511523335552,	0.1141451014149627,	0.0853389522576573,	0.0728729965520223,	0.0938651540303066,	0.0212364456024817,	0.0021457768552578,	
  0.1417262628458816,	-0.0495456886407830,	0.1424065669543310,	0.0684409815456109,	0.0572332790732674,	-0.0912349037318058,	-0.0767713992525797,	-0.0747191237317820,	-0.1398711489052826,	-0.1038474168629762,	-0.1128844530310287,	-0.0185981571738068,	
  0.0883027762489797,	0.0963991164287156,	-0.0179139984837030,	0.0384974715607457,	0.1110884684372737,	0.1433382088246593,	-0.0483751286784764,	0.0639784571960054,	-0.0884449113495682,	-0.1092588496615562,	-0.0801173206599318,	0.0115291243810648,	
  -0.1196254327765345,	-0.0950492242588239,	0.0912339209727991,	0.0266712220419878,	-0.0478539472667436,	-0.0393417487031189,	-0.1329771385765169,	-0.0136495624855531,	0.1196933251470351,	0.0702372963823355,	0.0802407058859247,	0.1336469984860251,	
  -0.0464254195813654,	0.1188844760514897,	0.0880966283365366,	-0.0523926775044772,	-0.0131733286622547,	-0.1324311108776498,	0.1363905183317020,	-0.0287239711711807,	0.0575135680010000,	-0.1375353690202348,	0.0903800728411593,	-0.0467533407257468,	
};

const PROGMEM tinytype Bdyn_data[12*4] = {
  0.7367058747496045,	-0.1563909227655544,	-0.6894983848971834,	-0.0847431511339514,	
  0.9482067179271487,	0.5373577451586324,	0.5995220199021047,	-0.7592091728050410,	
  0.3324285072632502,	-0.2472075708467794,	-0.4575409667411772,	-0.6470373281905593,	
  -0.9103076638050660,	-0.0219456936688165,	-0.3214512864603829,	-0.6709352788726417,	
  0.4117331079834692,	-0.5359744288495842,	0.7010963544190867,	0.6867944438507056,	
  -0.7251104343056944,	-0.1154109038765259,	0.5629164759630396,	-0.7109518109945188,	
  0.1199044691588396,	0.2898323392276914,	0.4627542244247009,	-0.9819455049901058,	
  0.4101393205021098,	0.6542768134517787,	0.2073884925486058,	-0.6838660784261281,	
  -0.0961293621051542,	0.9196858560303156,	0.3162235228170651,	0.8740141548340130,	
  0.7663985202979684,	-0.9803089217566308,	-0.7283046281471517,	-0.0191499011140204,	
  0.3801421892785091,	0.4491284615120974,	0.3972417154014922,	-0.9351162033918548,	
  -0.5465990666538580,	0.0663084167936936,	0.0825831380604827,	0.1290530638507881,	
};

const PROGMEM tinytype Q_data[12] = {
  9.1783831868767951,2.2162700710430698,9.5327850956068669,8.8493061238879616,8.0325489908263421,7.1869784097753291,5.2925974902253081,7.7265654885723380,5.6465914262107662,7.3692149781661396,
  1.8851543281142908,8.8374785831236835,
};

const PROGMEM tinytype Qf_data[12] = {
  82.6054486818911613,19.9464306393876285,85.7950658604618042,79.6437551149916487,72.2929409174370790,64.6828056879779609,47.6333774120277695,69.5390893971510451,50.8193228358968980,66.3229348034952579,
  16.9663889530286163,79.5373072481131516,
};

const PROGMEM tinytype R_data[4] = {
  0.1000000000000000,0.1000000000000000,0.1000000000000000,0.1000000000000000,
};

const PROGMEM tinytype umin[4] = {
  -3.0,	
  -3.0,	
  -3.0,	
  -3.0,	
};

const PROGMEM tinytype umax[4] = {
  3.0,	
  3.0,	
  3.0,	
  3.0,	
};

const PROGMEM tinytype xmin[12] = {
  -10000.0,	
  -10000.0,	
  -10000.0,	
  -10000.0,	
  -10000.0,	
  -10000.0,	
  -10000.0,	
  -10000.0,	
  -10000.0,	
  -10000.0,	
  -10000.0,	
  -10000.0,	
};

const PROGMEM tinytype xmax[12] = {
  10000.0,	
  10000.0,	
  10000.0,	
  10000.0,	
  10000.0,	
  10000.0,	
  10000.0,	
  10000.0,	
  10000.0,	
  10000.0,	
  10000.0,	
  10000.0,	
};

const PROGMEM tinytype rho_value = 85.0;

const PROGMEM tinytype Kinf_data[4*12] = {
  -0.0020555297214867,	-0.0081602173372946,	-0.0086146657697419,	0.0059316895864410,	0.0272607631046958,	-0.0033763042879199,	0.0097213151205526,	0.0065347566977494,	-0.0052267799977631,	0.0061757919792394,	-0.0010960475963552,	-0.0011161762892038,	
  0.0035372689123684,	-0.0075790944271449,	-0.0044063784286775,	0.0128272918073649,	-0.0034248125689032,	-0.0081752523008111,	0.0041364027978736,	0.0023755720385644,	0.0037524193396899,	0.0082463993172252,	0.0049586342133473,	-0.0048633022628269,	
  -0.0209432954907971,	-0.0024057874482543,	-0.0021974999739944,	0.0027080855259340,	-0.0088251219363463,	-0.0170885678390071,	-0.0101866624083938,	-0.0093779070851541,	0.0054955385797320,	-0.0030929061755501,	-0.0045287009179767,	-0.0215097868979501,	
  0.0053929407534969,	-0.0047784781736900,	0.0098880195146729,	-0.0118116052780687,	0.0009143417153960,	-0.0206229688052071,	-0.0022823778298315,	0.0051586537574791,	-0.0131634330683029,	-0.0192186603024238,	0.0006464869798207,	-0.0143040396436842,	
};

const PROGMEM tinytype Pinf_data[12*12] = {
  9.8874014779091404,	0.1585165743828638,	-0.0201217349547637,	0.0574579844322438,	0.0453347391873231,	0.1544666945913468,	-0.2667976346816021,	0.1254632330938031,	-0.2228437298916759,	-0.1599799374272827,	-0.0992839261637912,	0.0780372885917285,	
  0.1585165743828638,	2.8993227318559449,	0.0134923139748766,	-0.0526058133151071,	-0.0460632335751512,	-0.0065805406867733,	0.0544281044420390,	0.1054927228623815,	-0.1414524610142771,	-0.2761304469061687,	0.1323025010832997,	-0.2742701479715308,	
  -0.0201217349547637,	0.0134923139748767,	10.1491964878746845,	-0.1108696311351250,	0.0956683003562948,	-0.1563580133064676,	-0.0151429423492873,	-0.4687791681741564,	-0.0744936044132610,	-0.2619409035991109,	-0.1638864926058188,	0.1812543324635919,	
  0.0574579844322438,	-0.0526058133151070,	-0.1108696311351250,	9.1689801592273010,	0.0725581726864088,	0.2684032645310031,	-0.1111824579604783,	-0.0196297082983802,	0.0177637006370309,	0.0318713881549275,	-0.1836869838578122,	-0.0133133685995129,	
  0.0453347391873231,	-0.0460632335751512,	0.0956683003562949,	0.0725581726864088,	8.3865354665691516,	-0.0115135591912525,	0.1581217460203458,	-0.0909589253648872,	-0.0870350246944506,	-0.0746306855171519,	-0.1139250218491979,	0.0482359326136077,	
  0.1544666945913469,	-0.0065805406867733,	-0.1563580133064676,	0.2684032645310031,	-0.0115135591912526,	7.9472479782571952,	-0.2422383087671059,	0.0580650512252936,	0.0369976037089218,	0.0720627610542210,	-0.2558519668059237,	0.1767110573453264,	
  -0.2667976346816021,	0.0544281044420390,	-0.0151429423492872,	-0.1111824579604783,	0.1581217460203459,	-0.2422383087671059,	6.0659873547018046,	0.1613459607066530,	0.0427321928583483,	0.1802939662150199,	0.3862614542049977,	0.0434614109196378,	
  0.1254632330938031,	0.1054927228623815,	-0.4687791681741564,	-0.0196297082983802,	-0.0909589253648872,	0.0580650512252935,	0.1613459607066530,	8.3952730309207677,	-0.0915349093549206,	0.1771615081127408,	0.3570499066952471,	-0.1311685678104917,	
  -0.2228437298916759,	-0.1414524610142771,	-0.0744936044132609,	0.0177637006370309,	-0.0870350246944506,	0.0369976037089218,	0.0427321928583483,	-0.0915349093549206,	6.0536555186427936,	0.0039995357795960,	0.0715417899091872,	0.0177304741002864,	
  -0.1599799374272828,	-0.2761304469061687,	-0.2619409035991109,	0.0318713881549275,	-0.0746306855171518,	0.0720627610542211,	0.1802939662150198,	0.1771615081127408,	0.0039995357795960,	8.0005324111265335,	0.1720279421518751,	0.2491913218112484,	
  -0.0992839261637912,	0.1323025010832996,	-0.1638864926058188,	-0.1836869838578121,	-0.1139250218491978,	-0.2558519668059237,	0.3862614542049977,	0.3570499066952471,	0.0715417899091872,	0.1720279421518751,	2.3757409170532369,	-0.0429792164529899,	
  0.0780372885917284,	-0.2742701479715308,	0.1812543324635920,	-0.0133133685995129,	0.0482359326136077,	0.1767110573453264,	0.0434614109196378,	-0.1311685678104917,	0.0177304741002865,	0.2491913218112485,	-0.0429792164529899,	9.3629036153537779,	
};

const PROGMEM tinytype Quu_inv_data[4*4] = {
  0.0085569619619621,	0.0003066218186186,	0.0004310779888776,	-0.0000405957366109,	
  0.0003066218186186,	0.0094349672972089,	-0.0008400490894551,	0.0003056606271913,	
  0.0004310779888776,	-0.0008400490894551,	0.0094245494923433,	-0.0001535313502968,	
  -0.0000405957366109,	0.0003056606271913,	-0.0001535313502968,	0.0083513228879438,	
};

const PROGMEM tinytype AmBKt_data[12*12] = {
  -0.0349136549784997,	-0.1010218789745794,	0.1084921646891487,	0.0327541060932523,	0.1025650143376368,	0.0301098684347847,	0.0870177579579153,	-0.1254080496487493,	0.0339098121274365,	0.0268355766584055,	-0.0477957825834258,	0.1264595355230579,	
  0.1344172486425699,	0.1064221478222906,	-0.1177014827011981,	0.0997728876265497,	0.0542238194696300,	-0.1142932206302745,	-0.1131132492383891,	-0.0637410421461317,	0.0255297754499748,	-0.0587514923117035,	-0.0572440991045684,	-0.1167177567185900,	
  0.0485678760231244,	0.0133388993722544,	0.0392378382283556,	-0.0785270074601583,	0.0441511707483217,	-0.0810118276553987,	0.0649089961749555,	-0.0068988256335256,	-0.0638823280146025,	0.0699720561835555,	0.0400619947194377,	0.0897266451630750,	
  0.1120280463186336,	-0.0392946875948508,	0.0352672313445277,	0.0207151716329532,	-0.0404607788192717,	0.1181827594185582,	-0.1369005590141871,	-0.0864346098955630,	0.0829873903557424,	-0.0665236087361897,	-0.0912137625054698,	0.0820417750319002,	
  -0.1050684251835324,	-0.0996084347734099,	0.0630167503938364,	-0.0602416082009106,	0.0411370603521771,	-0.0994508818671195,	-0.0682589372949472,	-0.1207473343532090,	0.0458664774732763,	-0.0904498498230261,	-0.0866364886244172,	-0.0460182430962805,	
  -0.1260322078605574,	-0.0203510566233587,	0.0460999472109865,	0.0343572067997385,	-0.0480004563102647,	0.0240947991217540,	-0.0285610235846987,	-0.1031453523905610,	-0.0290840532861248,	0.0720897079210570,	-0.0770267555310764,	0.0558529247097618,	
  -0.0528855501056629,	0.1331023613246705,	0.0666395905670795,	0.0599090383790937,	0.0568406773993740,	0.0893873211449889,	0.0133301044263276,	-0.1190505336126507,	0.0074105388740946,	-0.0590285343853017,	-0.0745172385713829,	-0.0873195759884571,	
  -0.0638477491570749,	-0.1169479913655322,	-0.1275665763742546,	0.0691114521723797,	0.0414264111043994,	0.0270254090261749,	0.1080034111802914,	0.0865772082112150,	0.0624198467675733,	0.0734352343323730,	0.0198229693989332,	0.0004643453304771,	
  0.1401847460220470,	-0.0384225150374867,	0.1376835607103762,	0.0666812620945976,	0.0649951540665870,	-0.0606122280263407,	-0.0744249937767839,	-0.0778189433315696,	-0.1340574346664921,	-0.0930624079069078,	-0.1166831581517585,	0.0050710895240383,	
  0.0781959227069450,	0.0933795875181583,	-0.0170424382766737,	0.0482722621884492,	0.0804286180182316,	0.1250709198080476,	-0.0592332783226354,	0.0545678383729088,	-0.0770102369962883,	-0.1085285619994830,	-0.0777022117211586,	-0.0083225766528898,	
  -0.1070701504431963,	-0.0920559475904536,	0.1066071347698133,	0.0065342467183023,	-0.0523180103046013,	-0.0468831148007740,	-0.1366181180555249,	-0.0086513996042402,	0.1055025296863767,	0.0474428753589301,	0.0808338254346243,	0.1314241970478893,	
  -0.0467499333744086,	0.1157420213492679,	0.0825854372746156,	-0.0487002972750822,	0.0025652805697946,	-0.1296618227460946,	0.1425656961823488,	-0.0252008827574538,	0.0556527404940693,	-0.1319708436786691,	0.0897427382714956,	-0.0434186379277040,	
};

const PROGMEM tinytype coeff_d2p_data[12*4] = {
  0.0575926431620752,	-0.0074178836595238,	-0.0585702219850352,	-0.0078875100369698,	
  0.0267523187909160,	0.0157637187821647,	0.0174576416345471,	-0.0217090910307416,	
  0.0237513347568578,	-0.0225966221558055,	-0.0387904054497931,	-0.0492895915744796,	
  -0.0748822164762518,	-0.0059949995873944,	-0.0299096652530976,	-0.0484251336130931,	
  0.0289163806218166,	-0.0457163992444961,	0.0589710082978677,	0.0446145258751493,	
  -0.0505721369503180,	-0.0171028455723680,	0.0378395171868436,	-0.0445897538479268,	
  0.0128103629225613,	0.0140618480702551,	0.0291913504983861,	-0.0503994226810074,	
  0.0352477074568973,	0.0507286231228013,	0.0162859130058838,	-0.0506108328516158,	
  -0.0061668497645591,	0.0521819669677638,	0.0129161781134515,	0.0458931007433087,	
  0.0429908084395742,	-0.0654548478216513,	-0.0436917019240607,	-0.0042657086011092,	
  0.0143132636617990,	0.0131531112573043,	0.0105963052358557,	-0.0210716173845569,	
  -0.0446301623453392,	-0.0010771553084394,	0.0013620617845959,	0.0110801018173722,	
};

const PROGMEM tinytype dKinf_drho_data[4*12] = {
  0.0000243786838258,	0.0000720027439608,	0.0000760459458444,	-0.0000568265576341,	-0.0002280340995148,	0.0000375071675145,	-0.0000788070984062,	-0.0000521289479831,	0.0000416050906097,	-0.0000537610954148,	0.0000107947133581,	0.0000199817230820,	
  -0.0000508701064912,	0.0000736660248148,	0.0000386913443914,	-0.0001170164222894,	0.0000158872005433,	0.0000697558404194,	-0.0000495725510548,	-0.0000327843826722,	-0.0000257482989096,	-0.0000752623710269,	-0.0000494554186097,	0.0000329119676874,	
  0.0002006349595625,	0.0000193391625938,	0.0000229070912489,	-0.0000191712792074,	0.0000690274345724,	0.0001519644641048,	0.0000950912441597,	0.0000870507500973,	-0.0000480206241409,	0.0000294336283040,	0.0000466564830580,	0.0001962489371147,	
  -0.0000480403392682,	0.0000412526043843,	-0.0000831423047064,	0.0000948391075126,	-0.0000075652009572,	0.0001722571724079,	0.0000154354991040,	-0.0000434962164123,	0.0001087402363226,	0.0001580906968718,	-0.0000074552545111,	0.0001168943210129,	
};

const PROGMEM tinytype dPinf_drho_data[12*12] = {
  0.0005598074718727,	0.0000331344739638,	0.0000780551972550,	-0.0000817373049538,	0.0000993586369955,	0.0002400353455337,	0.0001546780395404,	0.0002602571997919,	-0.0001985396807351,	-0.0000159369214691,	0.0001221577549061,	0.0003568987292707,	
  0.0000331344739638,	0.0001802998803444,	0.0000716768188293,	-0.0000846276095297,	-0.0001824045573787,	0.0002253706168045,	-0.0000885268365402,	-0.0000827344025420,	0.0000472113363295,	-0.0000310599652448,	-0.0000322052623652,	0.0001613638624418,	
  0.0000780551972550,	0.0000716768188293,	0.0002296541095601,	-0.0002174783149537,	-0.0001778463470082,	-0.0000948205549004,	-0.0001008667131867,	-0.0000343221393766,	-0.0001042649070099,	-0.0003042472144289,	-0.0000210850066483,	-0.0000591739768879,	
  -0.0000817373049538,	-0.0000846276095297,	-0.0002174783149537,	0.0003596967066201,	0.0000861642000217,	0.0000828455825152,	0.0001001402551072,	-0.0000289315787784,	0.0001843435012647,	0.0003436796145002,	0.0000226723388386,	0.0000452264907012,	
  0.0000993586369955,	-0.0001824045573787,	-0.0001778463470082,	0.0000861642000217,	0.0008429213545550,	0.0000684535576456,	0.0003485237442842,	0.0002393927458713,	-0.0002037568631738,	0.0001412020140206,	-0.0000127436603241,	0.0001662341904824,	
  0.0002400353455337,	0.0002253706168045,	-0.0000948205549004,	0.0000828455825152,	0.0000684535576456,	0.0008295065230075,	0.0001255983448136,	0.0000136981831374,	0.0001645455476858,	0.0003391162251689,	0.0000067623606423,	0.0007085297890659,	
  0.0001546780395404,	-0.0000885268365402,	-0.0001008667131867,	0.0001001402551072,	0.0003485237442842,	0.0001255983448136,	0.0002709827364961,	0.0001488301756607,	-0.0000424332864357,	0.0001999547208441,	0.0000811930338973,	0.0002327389446652,	
  0.0002602571997919,	-0.0000827344025420,	-0.0000343221393766,	-0.0000289315787784,	0.0002393927458713,	0.0000136981831374,	0.0001488301756607,	0.0002175802085872,	-0.0001615427844187,	0.0000272860887855,	0.0000811568741315,	0.0001088025094222,	
  -0.0001985396807351,	0.0000472113363295,	-0.0001042649070099,	0.0001843435012647,	-0.0002037568631738,	0.0001645455476858,	-0.0000424332864357,	-0.0001615427844187,	0.0002677710057369,	0.0002335573993518,	-0.0000103797770629,	0.0000619143728143,	
  -0.0000159369214691,	-0.0000310599652448,	-0.0003042472144289,	0.0003436796145002,	0.0001412020140206,	0.0003391162251689,	0.0001999547208441,	0.0000272860887855,	0.0002335573993518,	0.0005401126537430,	0.0000804149788568,	0.0003046581171814,	
  0.0001221577549061,	-0.0000322052623652,	-0.0000210850066483,	0.0000226723388386,	-0.0000127436603241,	0.0000067623606423,	0.0000811930338973,	0.0000811568741315,	-0.0000103797770629,	0.0000804149788568,	0.0000851245605064,	0.0000722261954012,	
  0.0003568987292707,	0.0001613638624418,	-0.0000591739768879,	0.0000452264907012,	0.0001662341904824,	0.0007085297890659,	0.0002327389446652,	0.0001088025094222,	0.0000619143728143,	0.0003046581171814,	0.0000722261954012,	0.0007067359889341,	
};

const PROGMEM tinytype dC1_drho_data[4*4] = {
  -0.0000735746341612,	-0.0000051428055033,	-0.0000074970380016,	0.0000006775013188,	
  -0.0000051428055033,	-0.0000899608254185,	0.0000158008795356,	-0.0000055543129346,	
  -0.0000074970380016,	0.0000158008795356,	-0.0000898084386184,	0.0000030106629099,	
  0.0000006775013188,	-0.0000055543129346,	0.0000030106629099,	-0.0000699549853146,	
};

const PROGMEM tinytype dC2_drho_data[12*12] = {
  0.0001083508483527,	-0.0000246939498151,	-0.0000412238584766,	0.0000183825513618,	0.0002174318803921,	0.0001026542977556,	0.0001171782674638,	0.0000896118675203,	-0.0000585726674037,	0.0000615273061658,	0.0000158508806544,	0.0001356457985052,	
  -0.0001525383285147,	-0.0000881333926929,	-0.0001697540762970,	0.0002002593289320,	0.0001605593178512,	-0.0000333752064269,	0.0000560730921186,	-0.0000181656073897,	0.0000857318278786,	0.0001937972487321,	-0.0000172920540691,	-0.0000655406232282,	
  0.0000400351756672,	0.0000298154684255,	-0.0000590302890223,	0.0000425562193347,	0.0001064203832920,	0.0001857625085672,	0.0000674385000390,	0.0000209102094623,	0.0000281916965912,	0.0001150239656445,	0.0000007092000556,	0.0001669205107653,	
  0.0000533381303824,	0.0001010557279785,	0.0000216547242518,	0.0000031706132029,	-0.0001901193353304,	0.0002000964888316,	-0.0000319031859990,	-0.0000493734273567,	0.0000948297379300,	0.0000649392813664,	0.0000187369700676,	0.0001604247887879,	
  -0.0001449731881605,	-0.0000320534838561,	0.0000304685323359,	-0.0000910144930495,	0.0000592051770071,	-0.0002029025966330,	-0.0000713912678205,	-0.0000272663807911,	-0.0000719457286738,	-0.0001474151051586,	-0.0000585418434298,	-0.0002084589484229,	
  -0.0001352888175492,	0.0000791540839934,	-0.0000123978393348,	0.0000235073632193,	-0.0002077515222963,	0.0000721706711943,	-0.0001054195942920,	-0.0001215089346536,	0.0001315373193273,	0.0000481573634096,	-0.0000294443649920,	-0.0000090781750317,	
  -0.0001281969814893,	0.0000015742831709,	-0.0001125738172467,	0.0001427273273876,	-0.0000166336688687,	0.0000741101830073,	-0.0000050300042441,	-0.0000672415483813,	0.0001314727863495,	0.0001698755779939,	-0.0000158716929994,	0.0000120339779063,	
  -0.0000511780658819,	-0.0000535285914502,	-0.0001181131510658,	0.0001687010888627,	0.0000636420437685,	0.0000252623626561,	0.0000555910449898,	-0.0000049687180521,	0.0000841053152032,	0.0001733006325324,	0.0000131557839390,	0.0000095114619987,	
  0.0000276704675701,	-0.0001029988815247,	0.0000371501561639,	0.0000253273348168,	-0.0000517480119669,	-0.0002591578648601,	-0.0000055454349678,	0.0000356290244920,	-0.0000521754376676,	-0.0000834313941287,	0.0000382832584444,	-0.0001925736623111,	
  0.0000766511954161,	0.0000319074498435,	-0.0000052608566077,	-0.0000833068249215,	0.0002404674880979,	0.0001536119653633,	0.0000813522110334,	0.0000703792417075,	-0.0000900186450569,	-0.0000081138808856,	-0.0000229172752794,	0.0001621174564113,	
  -0.0001110440287482,	-0.0000295631324454,	-0.0001331330248603,	0.0001704587957317,	0.0000450550693656,	0.0000551264586064,	0.0000288821228773,	-0.0000407133942868,	0.0001165089957006,	0.0001903802406704,	-0.0000073971205533,	0.0000089739118678,	
  0.0000063291704547,	0.0000275510914465,	0.0000478391109100,	-0.0000339582226629,	-0.0001304208708724,	-0.0000189040347730,	-0.0000496337408539,	-0.0000278953579223,	0.0000143810658030,	-0.0000472280460965,	0.0000062887754109,	-0.0000225527726256,	
};

