#pragma once

typedef float tinytype;

const PROGMEM tinytype Adyn_data[12*12] = {
  -0.0885828339045204,	0.1155026118310148,	-0.0202549902717085,	-0.0546258293136820,	0.0703877127068821,	-0.0155577494069198,	-0.1186835512086222,	0.0760897183633088,	0.0149372933994178,	0.0444986631948678,	0.0909370032125011,	-0.1427228562872933,	
  0.1356287092813323,	0.1235268710720975,	-0.0699083672044323,	0.0058151018988088,	-0.0162725385921715,	-0.1202064688862246,	-0.1175633101040401,	0.1198862644361631,	-0.0122965103112009,	0.0237901798527692,	0.0708180313154681,	0.0076560407001711,	
  0.0244263231510048,	-0.0026285647382762,	-0.1213035498631663,	0.1200133531425215,	-0.0032333519514900,	-0.0158016857226771,	0.0075165614364220,	-0.0329024376643832,	-0.0177214226247325,	0.1347573021277838,	0.1477130508937511,	0.1519023776918272,	
  0.1325275517117535,	-0.0438022451987054,	0.0182747564858269,	-0.0013723423644497,	-0.0507252210943830,	0.0407656281511075,	-0.1156743238645897,	-0.0007649534060843,	-0.1469725504742355,	0.0912702987778191,	-0.1517756379316406,	0.0571903175517323,	
  -0.0685394418111777,	0.0725793248032957,	-0.0642323877037589,	-0.0690092874657963,	0.1471193870613423,	-0.0398187299899372,	0.1417110991015372,	-0.1043707737317072,	-0.1551842398576954,	0.1313285590883564,	-0.0735131250598742,	-0.0482029907257065,	
  0.0969901379979795,	0.1307663080355028,	0.0968749855865752,	0.0721496806150162,	0.1096440218885804,	-0.0773519406711742,	-0.0602110551449192,	-0.0023970562987820,	-0.1109563704198064,	0.0815123302339261,	0.0286823187629868,	0.0676937892798682,	
  0.0513573959221044,	0.0078629173843569,	0.0540049895065115,	-0.1451487123765831,	0.1061392898885203,	0.0212789375050016,	-0.1002505743536053,	0.0962993212595835,	-0.0056861867939397,	0.0418041984308932,	-0.0794804411356419,	-0.1009941906787351,	
  -0.0455403617453324,	0.0782501828344537,	-0.0503745255176148,	-0.0962352986355125,	-0.0963581466391176,	0.1393640446636187,	0.0011270947361984,	0.1203403451617514,	0.1375930246259615,	-0.0963243194418993,	0.0973417156101519,	0.0197002743401241,	
  0.0079750971521132,	0.0217915363099744,	-0.1221780801998825,	0.1450041018658790,	-0.0621107244456766,	0.1216470052485535,	0.1099089841896740,	-0.0200386051455548,	-0.1343170238663589,	-0.0754505073950956,	-0.1534138244782842,	-0.1447725648240956,	
  -0.1121420599220720,	0.1357322151964869,	-0.0477857788271440,	-0.0585445082878000,	-0.0165731701512057,	0.1120107087164203,	-0.0256640766337540,	0.1424300865424540,	-0.0613065406647362,	-0.0283295048258213,	0.1046391340371872,	0.0857874886571621,	
  0.0760368863444206,	-0.1124920333775754,	0.0674682216977300,	0.0272572980973658,	0.0569251642905278,	0.0406232635072716,	0.1185254550013221,	-0.1353306803519968,	0.1136186507979585,	-0.0236393353177549,	0.1452125622684469,	0.1088878374640668,	
  0.0871858582189228,	0.1237848459318520,	0.0600579529634626,	0.1288857268813411,	0.0975279816247630,	0.1001735816024853,	0.0077842532685720,	-0.1065984801516853,	0.0454938430172502,	-0.0497591659555019,	0.0317509309017268,	-0.0655754685049773,	
};

const PROGMEM tinytype Bdyn_data[12*4] = {
  0.1471463369020867,	0.1378977012087856,	-0.1486725911246496,	-0.3651531896629412,	
  0.2230889634841278,	-0.0218498153495046,	-0.2542587347072114,	-0.6557150714304925,	
  0.8210563041134105,	-0.4923970468810548,	0.1451062744611986,	0.9899098614706254,	
  -0.3257978717116348,	0.4845451489940780,	0.7833921409107036,	-0.7485408175411050,	
  -0.9529282671286670,	0.7476721436441072,	-0.0374701164798390,	-0.3374434594498850,	
  -0.6861330280596438,	0.5974327317131432,	-0.0868058336081667,	-0.3535044090433321,	
  0.3239668839377414,	-0.5553714236870708,	-0.1720030188737403,	0.7792868718217427,	
  0.0255067442279957,	0.9193490221603484,	-0.8023378304661997,	-0.6081368588962199,	
  -0.1560405742539199,	0.2900023995877412,	-0.1884163921788862,	0.1810631434968459,	
  -0.4636819566892878,	0.5453835308534136,	-0.5313763368516049,	-0.5900204688692572,	
  0.1807733207905753,	-0.2155078002980935,	0.3505257773562136,	-0.6709879841849198,	
  0.4753390279469898,	-0.8396566009139641,	-0.6267305023529632,	-0.7038056135207273,	
};

const PROGMEM tinytype Q_data[12] = {
  9.7590637156513544,9.4922523607328024,1.7744916170180229,3.7063304644074844,8.0421306332867122,6.4845795069986121,7.6965931460558492,9.2200720478866511,9.5140111713153317,2.8651307448568422,
  1.0338092691771656,2.9898859879512170,
};

const PROGMEM tinytype Qf_data[12] = {
  87.8315734408621864,85.4302712465952254,15.9704245531622071,33.3569741796673611,72.3791756995804150,58.3612155629875105,69.2693383145026473,82.9806484309798549,85.6261005418379852,25.7861767037115790,
  9.3042834225944908,26.9089738915609544,
};

const PROGMEM tinytype R_data[4] = {
  0.1000000000000000,0.1000000000000000,0.1000000000000000,0.1000000000000000,
};

const PROGMEM tinytype umin[4] = {
  -3.0,	
  -3.0,	
  -3.0,	
  -3.0,	
};

const PROGMEM tinytype umax[4] = {
  3.0,	
  3.0,	
  3.0,	
  3.0,	
};

const PROGMEM tinytype xmin[12] = {
  -10000.0,	
  -10000.0,	
  -10000.0,	
  -10000.0,	
  -10000.0,	
  -10000.0,	
  -10000.0,	
  -10000.0,	
  -10000.0,	
  -10000.0,	
  -10000.0,	
  -10000.0,	
};

const PROGMEM tinytype xmax[12] = {
  10000.0,	
  10000.0,	
  10000.0,	
  10000.0,	
  10000.0,	
  10000.0,	
  10000.0,	
  10000.0,	
  10000.0,	
  10000.0,	
  10000.0,	
  10000.0,	
};

const PROGMEM tinytype rho_value = 85.0;

const PROGMEM tinytype Kinf_data[4*12] = {
  0.0047228003123895,	-0.0045406526556208,	-0.0001760517441354,	0.0011587920767868,	-0.0109833433482310,	0.0045560792707886,	-0.0127217859635616,	0.0102186832203168,	0.0222460356116853,	-0.0111141706499209,	0.0126094038759648,	-0.0016824438970104,	
  -0.0097997270005967,	0.0116586072037942,	-0.0107025424687032,	-0.0058761295035400,	-0.0059638764963985,	0.0070417468390262,	0.0077922274488211,	0.0064418856067907,	-0.0071638545212722,	0.0000910312842903,	0.0017275032102669,	0.0024995597964139,	
  0.0059065323746173,	-0.0176886616547038,	0.0074944965611976,	0.0049455094457985,	0.0023593870782525,	-0.0123388302537596,	-0.0011776051309882,	-0.0136207330839684,	-0.0125564674286941,	0.0119470089366254,	-0.0138333909189535,	0.0068078197083461,	
  -0.0052315927918589,	-0.0197096918336605,	0.0037602308494033,	-0.0000104152624246,	0.0024238399857336,	0.0011873589394572,	0.0083755359045175,	-0.0070324344545421,	-0.0036786202594380,	0.0009245538832464,	-0.0172464694394682,	-0.0054305654798277,	
};

const PROGMEM tinytype Pinf_data[12*12] = {
  10.3338115237348109,	0.0257020054340660,	0.1242415498548713,	0.2080079477534126,	0.0025531000926053,	-0.1812197265480877,	-0.2344342083109134,	0.0312291614707743,	-0.1402454822140157,	0.0647960250057341,	-0.1424216647918181,	0.1305497049238034,	
  0.0257020054340660,	10.0303950882481789,	-0.1013315580024630,	-0.0526021583763846,	0.2116848580041396,	-0.0875156268632429,	-0.2342004448351581,	0.2537983643817979,	-0.1048409779109564,	0.1226667158627605,	0.2370047784485781,	-0.1578269488791131,	
  0.1242415498548714,	-0.1013315580024630,	2.1850207174606289,	-0.1079387831958501,	0.1787661339925145,	-0.1210987510359951,	-0.2096770549507453,	-0.0522845679969162,	0.1074584659956940,	0.0776110027794004,	0.0173015040769205,	0.1480247067657295,	
  0.2080079477534126,	-0.0526021583763847,	-0.1079387831958501,	4.4138716956913369,	-0.1593603191774482,	0.0796976281183282,	0.2804242029673617,	-0.3353346484201534,	-0.2268762512705319,	-0.1467648144512877,	-0.1435076695989988,	0.0220492239023715,	
  0.0025531000926053,	0.2116848580041396,	0.1787661339925145,	-0.1593603191774482,	8.6182941860139977,	-0.2549678732948740,	-0.0797360389476396,	-0.1420730214711935,	-0.2550290713739639,	0.3891880819651726,	-0.0357603265490457,	-0.1589404808172526,	
  -0.1812197265480877,	-0.0875156268632429,	-0.1210987510359951,	0.0796976281183283,	-0.2549678732948741,	7.0981685304529298,	0.2688108132637466,	-0.0149455616768932,	0.1329656068438472,	-0.3586023366664626,	-0.1265399874119521,	-0.1467968837230004,	
  -0.2344342083109134,	-0.2342004448351582,	-0.2096770549507453,	0.2804242029673618,	-0.0797360389476395,	0.2688108132637465,	8.4743043669465212,	-0.4930652419286556,	-0.1164804733861592,	-0.1695920757565874,	-0.2221068008034150,	0.0006041045446484,	
  0.0312291614707743,	0.2537983643817979,	-0.0522845679969162,	-0.3353346484201534,	-0.1420730214711936,	-0.0149455616768932,	-0.4930652419286556,	9.8304050601957709,	0.2096006629849007,	-0.0732401660825599,	0.2438674683644581,	-0.0454791886408676,	
  -0.1402454822140157,	-0.1048409779109563,	0.1074584659956940,	-0.2268762512705319,	-0.2550290713739640,	0.1329656068438471,	-0.1164804733861592,	0.2096006629849007,	10.2329529913516151,	-0.3198193121037335,	0.4825109456376819,	0.1728577489067677,	
  0.0647960250057341,	0.1226667158627606,	0.0776110027794003,	-0.1467648144512877,	0.3891880819651726,	-0.3586023366664626,	-0.1695920757565874,	-0.0732401660825599,	-0.3198193121037336,	3.3350294276914463,	-0.0419263449790763,	0.0274693169148970,	
  -0.1424216647918181,	0.2370047784485782,	0.0173015040769205,	-0.1435076695989987,	-0.0357603265490458,	-0.1265399874119522,	-0.2221068008034148,	0.2438674683644582,	0.4825109456376819,	-0.0419263449790763,	1.7826330595304756,	0.2792026345394504,	
  0.1305497049238034,	-0.1578269488791131,	0.1480247067657295,	0.0220492239023714,	-0.1589404808172526,	-0.1467968837230004,	0.0006041045446484,	-0.0454791886408675,	0.1728577489067677,	0.0274693169148971,	0.2792026345394505,	3.6354436448907186,	
};

const PROGMEM tinytype Quu_inv_data[4*4] = {
  0.0100854249866181,	0.0012583978206782,	0.0002573385351831,	-0.0003668284843111,	
  0.0012583978206782,	0.0094789439197642,	0.0004969729425751,	0.0010938489285833,	
  0.0002573385351831,	0.0004969729425751,	0.0102510062580250,	-0.0005382956049747,	
  -0.0003668284843111,	0.0010938489285833,	-0.0005382956049747,	0.0092422422188751,	
};

const PROGMEM tinytype AmBKt_data[12*12] = {
  -0.0889586101668216,	0.1047361811016679,	-0.0162659423874736,	-0.0532545780350263,	0.0740621253990717,	-0.0186000784451038,	-0.1150028412131948,	0.0691048097900675,	0.0094416873495538,	0.0482353162631467,	0.0804891075019001,	-0.1437908264914476,	
  0.1324323356363286,	0.1073731402616461,	-0.0657317593270956,	0.0066788053605093,	-0.0117633423266555,	-0.1234277052364138,	-0.1093624125955346,	0.1096728793789762,	-0.0230206025029184,	0.0299154929711549,	0.0532167276885984,	0.0062560342789278,	
  0.0200450119341089,	0.0289177846129113,	-0.1312386898486903,	0.1154612165080767,	0.0001062511965855,	-0.0154600846155198,	0.0136785860921717,	-0.0291826564430908,	-0.0340506065354036,	0.1412786745762171,	0.1572903998225872,	0.1589024476888033,	
  0.1302714483938845,	-0.0518270520498424,	0.0203468208054209,	-0.0020296298079634,	-0.0514477856859445,	0.0493928740896679,	-0.1164027835680490,	0.0048491984331611,	-0.1291705879767283,	0.0789380902783091,	-0.1505772908915689,	0.0460328389566030,	
  -0.0582560173138835,	0.0522218898869606,	-0.0548484745519467,	-0.0633298291450568,	0.1420183885003064,	-0.0408037021183518,	0.1265442630570178,	-0.1023329395248656,	-0.1303409678685711,	0.1214291306321425,	-0.0691269207831932,	-0.0532525093090140,	
  0.1047486152975207,	0.1121826407453676,	0.1051280640593828,	0.0768809754616246,	0.1067326489695876,	-0.0790841800808122,	-0.0707366585260127,	-0.0029026292291894,	-0.0938030925702279,	0.0751960495466730,	0.0290044582468460,	0.0637173197411395,	
  0.0494777296662959,	0.0281257966464002,	0.0464769156910615,	-0.1479287980111621,	0.1049023178476386,	0.0206660943812283,	-0.0985310533573554,	0.0997039221170787,	-0.0161648155451191,	0.0467898067379621,	-0.0715455022802089,	-0.0936580165625134,	
  -0.0350939456059399,	0.0414691984703885,	-0.0322308099687459,	-0.0869010063211448,	-0.0872280613393307,	0.1235961772837484,	-0.0015635556580276,	0.0989522465575029,	0.1313000499298534,	-0.0859767301308137,	0.0738446457736106,	0.0196048644136854,	
  0.0136141261271254,	0.0179378511464569,	-0.1183705416321310,	0.1478227129707155,	-0.0620893540402745,	0.1177759901715485,	0.1039257237745580,	-0.0216052929293147,	-0.1304679864366932,	-0.0751275585678121,	-0.1514309635703690,	-0.1434939925900143,	
  -0.1045557282144515,	0.1062399262759950,	-0.0358294091455955,	-0.0521806715786926,	-0.0157295105970208,	0.1044268313699852,	-0.0314967056405190,	0.1322679917296994,	-0.0559270779867203,	-0.0266387286222344,	0.0920172287209400,	0.0840575205395628,	
  0.0674904846855206,	-0.1161833182409008,	0.0650896212558249,	0.0240409506031146,	0.0584247393523077,	0.0464389789468964,	0.1285371652002589,	-0.1357339300210952,	0.1099863500503027,	-0.0251779418779022,	0.1365821952152947,	0.1037004925881492,	
  0.0767323010737811,	0.1107746062894506,	0.0584986779726054,	0.1264931481556919,	0.1009257971453161,	0.0970230971294799,	0.0255309179859928,	-0.1195328430624090,	0.0184457016091764,	-0.0362614707380897,	0.0063997285491434,	-0.0622323595795133,	
};

const PROGMEM tinytype coeff_d2p_data[12*4] = {
  0.0193934815064977,	0.0105055191800729,	-0.0117793053555503,	-0.0354083654645998,	
  0.0215256174578881,	-0.0030118476438674,	-0.0224936190839066,	-0.0650529695452981,	
  0.0150549367823063,	-0.0054277300471103,	0.0006363885500582,	0.0163968835564101,	
  -0.0085470720547869,	0.0118485794042143,	0.0399412656188413,	-0.0264373261041468,	
  -0.0722591550421034,	0.0465014839978346,	-0.0015151471807474,	-0.0155954429823110,	
  -0.0414255299860161,	0.0294576427412591,	-0.0016647071461957,	-0.0107597111431605,	
  0.0145886844465063,	-0.0366061651255109,	-0.0133947681153537,	0.0578008084763718,	
  0.0155799357410454,	0.0754925799910579,	-0.0742161724980362,	-0.0444885230051881,	
  -0.0085155166319143,	0.0234922848310471,	-0.0201096339064737,	0.0209409169870441,	
  -0.0129327676778186,	0.0112125893758848,	-0.0167366939467744,	-0.0153360841749077,	
  0.0056477676495905,	-0.0043400039932129,	0.0016755475736143,	-0.0147254234697288,	
  0.0172038785482559,	-0.0326912813118829,	-0.0214852126099865,	-0.0255654697444966,	
};

const PROGMEM tinytype dKinf_drho_data[4*12] = {
  -0.0000383799645941,	0.0000283655232251,	0.0000145104389935,	-0.0000049264713775,	0.0001182456587069,	-0.0000508847536595,	0.0001222036124714,	-0.0001105205173503,	-0.0002130502207101,	0.0001087662491287,	-0.0001317038399890,	0.0000099909955101,	
  0.0000903559652487,	-0.0000747844803017,	0.0000936135471917,	0.0000526291476219,	0.0000659985151827,	-0.0000673886758383,	-0.0000657894582672,	-0.0000597788280932,	0.0000504482346376,	0.0000055412790045,	-0.0000065308010103,	-0.0000191999984335,	
  -0.0000603722491846,	0.0001657166012134,	-0.0000697684037327,	-0.0000477295081301,	-0.0000171743322749,	0.0001228141712805,	0.0000161673285382,	0.0001295392071306,	0.0001238913734007,	-0.0001187122711677,	0.0001278633868136,	-0.0000737511657659,	
  0.0000615557742272,	0.0001579864133865,	-0.0000191770528012,	0.0000084514475756,	-0.0000180503473436,	-0.0000236838637033,	-0.0000917485340697,	0.0000544430545568,	0.0000414074444166,	-0.0000045619441621,	0.0001530144643378,	0.0000503459972394,	
};

const PROGMEM tinytype dPinf_drho_data[12*12] = {
  0.0002281220282207,	-0.0001370806990012,	0.0001379431111693,	0.0001068466416027,	-0.0000017249133379,	-0.0001305828025629,	-0.0001824918496546,	-0.0000548124324014,	0.0001466886586463,	-0.0000166673642999,	0.0000641481589681,	0.0000356000364771,	
  -0.0001370806990012,	0.0008671181239661,	-0.0003263081569184,	-0.0001762880523016,	-0.0001002691808078,	0.0002465606888139,	-0.0000055338173333,	0.0004176002479548,	0.0001121814028440,	-0.0001722133119205,	0.0005542810035896,	0.0000281632260507,	
  0.0001379431111693,	-0.0003263081569184,	0.0001978254521664,	0.0000862596611975,	0.0000980414226339,	-0.0001724686096916,	-0.0000705668557308,	-0.0001882563789698,	-0.0000308904607805,	0.0000927866678006,	-0.0001909113180002,	0.0000070941556558,	
  0.0001068466416027,	-0.0001762880523016,	0.0000862596611975,	0.0001031064824014,	0.0000106347280507,	-0.0000755959850365,	-0.0000387938730221,	-0.0001151898625992,	0.0000166248089164,	0.0000210913457269,	-0.0000591919874728,	0.0000090806647035,	
  -0.0000017249133379,	-0.0001002691808078,	0.0000980414226339,	0.0000106347280507,	0.0001820874254435,	-0.0001302630103514,	0.0000953441753490,	-0.0001892889592422,	-0.0002481721136952,	0.0001685935859462,	-0.0002248958374743,	0.0000105506247669,	
  -0.0001305828025629,	0.0002465606888139,	-0.0001724686096916,	-0.0000755959850365,	-0.0001302630103514,	0.0002394067111645,	0.0000355862604624,	0.0002379685762528,	0.0002022229134948,	-0.0002050589581240,	0.0002183544199949,	-0.0000852873782020,	
  -0.0001824918496546,	-0.0000055338173333,	-0.0000705668557308,	-0.0000387938730221,	0.0000953441753490,	0.0000355862604624,	0.0003158431678116,	-0.0001378987514028,	-0.0003495232364860,	0.0001210650930954,	-0.0002720473626868,	-0.0000171271029448,	
  -0.0000548124324014,	0.0004176002479548,	-0.0001882563789698,	-0.0001151898625992,	-0.0001892889592422,	0.0002379685762528,	-0.0001378987514028,	0.0003958649542501,	0.0003800530474503,	-0.0002767457195620,	0.0004508512063295,	-0.0000507773833313,	
  0.0001466886586463,	0.0001121814028440,	-0.0000308904607805,	0.0000166248089164,	-0.0002481721136952,	0.0002022229134948,	-0.0003495232364860,	0.0003800530474503,	0.0007397957670244,	-0.0004238634264039,	0.0005209438688854,	-0.0001192651699795,	
  -0.0000166673642999,	-0.0001722133119205,	0.0000927866678006,	0.0000210913457269,	0.0001685935859462,	-0.0002050589581240,	0.0001210650930954,	-0.0002767457195620,	-0.0004238634264039,	0.0002970610291983,	-0.0003317650274200,	0.0000973995454986,	
  0.0000641481589681,	0.0005542810035896,	-0.0001909113180002,	-0.0000591919874728,	-0.0002248958374743,	0.0002183544199949,	-0.0002720473626868,	0.0004508512063295,	0.0005209438688854,	-0.0003317650274200,	0.0006710179902447,	-0.0000131506229285,	
  0.0000356000364771,	0.0000281632260507,	0.0000070941556558,	0.0000090806647035,	0.0000105506247669,	-0.0000852873782020,	-0.0000171271029448,	-0.0000507773833313,	-0.0001192651699795,	0.0000973995454986,	-0.0000131506229285,	0.0000895158876958,	
};

const PROGMEM tinytype dC1_drho_data[4*4] = {
  -0.0001035201493957,	-0.0000243509746406,	-0.0000060533753143,	0.0000058959895558,	
  -0.0000243509746406,	-0.0000929096719128,	-0.0000095415115275,	-0.0000197284749285,	
  -0.0000060533753143,	-0.0000095415115275,	-0.0001057230408768,	0.0000099999952093,	
  0.0000058959895558,	-0.0000197284749285,	0.0000099999952093,	-0.0000872363256411,	
};

const PROGMEM tinytype dC2_drho_data[12*12] = {
  0.0000066891798851,	0.0000884654843491,	-0.0000324194622647,	-0.0000105425228639,	-0.0000356449534474,	0.0000263911112871,	-0.0000400082301097,	0.0000636450368584,	0.0000579321758731,	-0.0000360837541890,	0.0000951638208018,	0.0000085967218217,	
  0.0000355492848815,	0.0001377669034227,	-0.0000315055886774,	-0.0000043449242439,	-0.0000411398548588,	0.0000255761062413,	-0.0000847499768288,	0.0000919853576114,	0.0001072833867352,	-0.0000573184412606,	0.0001620832497136,	0.0000116123538323,	
  0.0000238288465602,	-0.0002405521761247,	0.0000632885335968,	0.0000285190270582,	-0.0000442285493297,	0.0000142210461915,	-0.0000442537835328,	-0.0000113820192525,	0.0001407997353643,	-0.0000648328961886,	-0.0000651037859285,	-0.0000567934346281,	
  0.0000370864996797,	0.0000339160802747,	-0.0000003313076440,	0.0000166109429706,	0.0000064877387454,	-0.0000978652837429,	-0.0000096512411002,	-0.0000677689564066,	-0.0001599161217969,	0.0001223342714692,	-0.0000253739629251,	0.0001080204287526,	
  -0.0000856205531864,	0.0001424654838209,	-0.0000652502352714,	-0.0000429804659753,	0.0000565998834404,	-0.0000014949880046,	0.0001352860709086,	-0.0000373978586833,	-0.0002221254218841,	0.0000935158125044,	-0.0000641966278343,	0.0000381014687312,	
  -0.0000637957982947,	0.0001343752801114,	-0.0000588071829423,	-0.0000359781659155,	0.0000338308690484,	0.0000076351268567,	0.0000921226175494,	-0.0000096273299784,	-0.0001509280115808,	0.0000593999893792,	-0.0000212740645797,	0.0000297213600936,	
  0.0000042611427379,	-0.0001453356356575,	0.0000502334366992,	0.0000160290165919,	0.0000094583734661,	0.0000186401625210,	-0.0000018482512146,	-0.0000175400882363,	0.0000860801364267,	-0.0000490230006208,	-0.0000582086123330,	-0.0000658192800023,	
  -0.0000930943246030,	0.0002970675861673,	-0.0001540737394671,	-0.0000814144503785,	-0.0000884484302027,	0.0001473870428900,	0.0000145424518256,	0.0001948196603177,	0.0000836388112338,	-0.0001058902748231,	0.0002050067897634,	-0.0000111594316975,	
  -0.0000547128818153,	0.0000287320587597,	-0.0000345571895425,	-0.0000265545759089,	-0.0000006562803786,	0.0000390312693897,	0.0000578062903352,	0.0000146399980510,	-0.0000320287843364,	-0.0000061763741249,	-0.0000222709167374,	-0.0000158846868007,	
  -0.0000628359702897,	0.0002352119034411,	-0.0000927151906470,	-0.0000513631903724,	-0.0000009422330172,	0.0000644449119074,	0.0000470015199133,	0.0000823126045364,	-0.0000360369956094,	-0.0000183617073171,	0.0001007183411796,	0.0000056195518791,	
  0.0000888757034059,	0.0000266746759101,	0.0000291394013420,	0.0000346338091386,	-0.0000132439855702,	-0.0000642653002207,	-0.0001034985236040,	-0.0000017798386575,	0.0000337425616589,	0.0000200828542197,	0.0000802525558747,	0.0000536893890460,	
  0.0000995976471019,	0.0001387748505599,	0.0000144829507363,	0.0000225667929556,	-0.0000242583012257,	0.0000279067138858,	-0.0001677692746425,	0.0001218445274558,	0.0002504195725447,	-0.0001246593948949,	0.0002449486687008,	-0.0000316588252103,	
};

