#pragma once

typedef float tinytype;

const PROGMEM tinytype Adyn_data[12*12] = {
  -0.1366847086378334,	-0.0746940564000171,	-0.1231560416121508,	-0.0041319478847600,	-0.0941366046549617,	0.0828651736706539,	-0.1338619030977400,	0.0393333829164062,	0.0378055071148683,	0.0987674006302913,	-0.1099396117355192,	0.1346828065217162,	
  0.1386695601306710,	-0.0588090780657425,	0.1195000453591361,	-0.0681861226968452,	-0.0723581771141415,	0.0228808729749022,	0.0863694479268629,	-0.1245135114538782,	-0.0496015280124600,	0.0641974463816221,	-0.0830265698130326,	0.0227818983102800,	
  0.1164012552298433,	-0.0983713679613806,	-0.0604066480763660,	-0.0048501230939584,	0.0186030517086638,	-0.0804353668282074,	-0.1068212621870605,	-0.0602674748618361,	0.1374814886369267,	0.0117662415684453,	-0.0810592793815156,	0.1349979725701406,	
  0.0704957673548789,	0.0294593951600011,	0.0409690190881612,	0.0605835296307974,	0.0327011657199458,	0.1071808482859308,	-0.0523172103409603,	0.0029539100659261,	-0.1077005018791367,	-0.1356205850103845,	-0.0303371483350095,	0.1194707420451046,	
  0.0311618605774345,	-0.0223192777975535,	-0.0537899688995193,	-0.1102412431041812,	-0.1360440796803930,	0.0022991611280182,	0.0284983770100702,	0.0372053651894425,	0.1332965869682627,	-0.0479583652014628,	0.0158480166627348,	0.1203718572413174,	
  0.0369575350220784,	-0.0648862111000042,	-0.1062641250599804,	0.0826306733272466,	0.0683449405259934,	0.1148144419775803,	-0.0423326376678741,	-0.0754572494761886,	-0.1208567935796507,	-0.1128314347995671,	-0.0529714729607635,	0.0208152979469972,	
  0.1116225205777338,	0.0492472726249648,	0.1172245660986710,	0.1383231898811121,	-0.0197972352610480,	-0.1154076648327806,	-0.0703836853929728,	-0.1241680063147885,	-0.1005894108385262,	-0.0744776769904040,	-0.0515945046070124,	-0.0459085806766173,	
  -0.0918876281867952,	0.0243576832461626,	-0.0080578831265084,	-0.0153404901367223,	-0.0990612523662716,	0.0324457301903316,	-0.1064309432754901,	0.1383089529361140,	-0.0578416766541975,	-0.0755485280842675,	-0.1250594886744958,	-0.0621661403533323,	
  0.1353852041553587,	0.0062836991836213,	-0.0809838140303070,	-0.1012024026643549,	-0.1343829120813272,	-0.1195002350633138,	0.1207729428590579,	0.1351692882263663,	-0.1027195221813494,	-0.0262965880529627,	-0.1098746717951888,	0.0118133174533612,	
  -0.0928110019296805,	0.0486085238047276,	-0.0648342879311768,	0.0752714908051202,	-0.1218032372335463,	-0.0182782254704628,	-0.0833931830239628,	0.1139680845533537,	-0.0988145858817704,	-0.1143374515659510,	-0.1298697434549738,	0.0500174111741281,	
  -0.0664541994549422,	-0.0151726836797775,	-0.0398090981659336,	-0.1080626368388713,	-0.1386823883654204,	0.0353616798245674,	-0.0868984265238268,	-0.0890458435227427,	-0.0575489067162190,	-0.0080726937460867,	-0.0326674164877705,	-0.1289401169915312,	
  -0.1144302966383868,	0.0591926886236643,	-0.0390724286719572,	0.1381504837314407,	0.0344954888110410,	-0.0965430997348845,	0.0749953247446674,	-0.1000172995659580,	-0.0551624631108746,	0.1390381416521983,	-0.1314267634426056,	-0.1042962752052385,	
};

const PROGMEM tinytype Bdyn_data[12*4] = {
  0.8229787409453204,	-0.7572142628959704,	-0.0330207664170414,	-0.6922895049378905,	
  0.0451183856102741,	-0.1455388950890033,	-0.9187623681382020,	0.2582749799887816,	
  0.9365465396887338,	-0.1694684373543269,	-0.0831725572865643,	-0.3234464796541392,	
  -0.2541149818327166,	0.0138067152959060,	0.6386461533038410,	0.2177648922628113,	
  0.4409013965697706,	0.4263388840514171,	0.6609918666657648,	-0.4620690562908598,	
  -0.0187803675036897,	0.7292793234058392,	0.0902977903190161,	-0.6181664498978419,	
  0.8629782152718832,	0.8915614626886079,	-0.8647981773255171,	-0.0907672619468129,	
  0.6768105059471361,	-0.6366010140488003,	-0.1547986579244414,	-0.5375743535698976,	
  0.4014314842153213,	0.1808426556132312,	0.3387019394604163,	0.3934953130752266,	
  0.0174833643015984,	-0.2271793992537490,	-0.6701046222511104,	0.3365752131042343,	
  0.5398327567797006,	0.9191128532007149,	-0.5223450302506372,	0.6400954717983389,	
  -0.8469450552565740,	0.2020320634442501,	-0.4995273365605031,	0.1209297867514076,	
};

const PROGMEM tinytype Q_data[12] = {
  4.2573736002391485,7.0889099195666496,9.4360259707979388,9.6429515516510378,9.6406717954795731,8.8422072006531032,8.2467895211122428,5.5162200309777063,1.2465037818262232,2.5014008939153016,
  8.6893721707215317,8.6766662148483729,
};

const PROGMEM tinytype Qf_data[12] = {
  38.3163624021523361,63.8001892760998430,84.9242337371814529,86.7865639648593401,86.7660461593161614,79.5798648058779321,74.2211056900101909,49.6459802787993567,11.2185340364360098,22.5126080452377160,
  78.2043495364937797,78.0899959336353504,
};

const PROGMEM tinytype R_data[4] = {
  0.1000000000000000,0.1000000000000000,0.1000000000000000,0.1000000000000000,
};

const PROGMEM tinytype umin[4] = {
  -3.0,	
  -3.0,	
  -3.0,	
  -3.0,	
};

const PROGMEM tinytype umax[4] = {
  3.0,	
  3.0,	
  3.0,	
  3.0,	
};

const PROGMEM tinytype xmin[12] = {
  -10000.0,	
  -10000.0,	
  -10000.0,	
  -10000.0,	
  -10000.0,	
  -10000.0,	
  -10000.0,	
  -10000.0,	
  -10000.0,	
  -10000.0,	
  -10000.0,	
  -10000.0,	
};

const PROGMEM tinytype xmax[12] = {
  10000.0,	
  10000.0,	
  10000.0,	
  10000.0,	
  10000.0,	
  10000.0,	
  10000.0,	
  10000.0,	
  10000.0,	
  10000.0,	
  10000.0,	
  10000.0,	
};

const PROGMEM tinytype rho_value = 85.0;

const PROGMEM tinytype Kinf_data[4*12] = {
  0.0139786136791076,	-0.0120908048399874,	-0.0032747044188533,	-0.0139074633982394,	-0.0223554047521186,	-0.0053824525516313,	-0.0260814864147400,	-0.0010858353453987,	0.0127152389165170,	-0.0105649969582141,	-0.0093120701970949,	0.0139650494423515,	
  0.0085275796328119,	0.0018114438730276,	-0.0014501519706895,	0.0048766104641044,	-0.0048994128907841,	-0.0012124669358663,	-0.0018243378433527,	-0.0220567761599612,	-0.0144824628369258,	-0.0139108360008122,	-0.0000199358750402,	-0.0118640959262807,	
  0.0007099718223005,	-0.0019957035141799,	-0.0113781068440812,	-0.0104218037132980,	0.0059576322277142,	0.0163401282328718,	0.0014174286368836,	0.0207729186441334,	0.0155350513335836,	-0.0139395083539205,	0.0176334619888223,	0.0238292394615077,	
  -0.0003487027359042,	0.0083156169822593,	0.0121260459390153,	-0.0068272514195696,	-0.0047445937339508,	-0.0043989363562801,	0.0072793964130742,	-0.0028214098487449,	-0.0091688087085386,	0.0035191380588372,	0.0051971749221894,	-0.0149239182485638,	
};

const PROGMEM tinytype Pinf_data[12*12] = {
  5.0266905083174969,	-0.1412252866921320,	0.3183120344617632,	-0.0035278575791387,	0.1272063835574234,	-0.0497764155577760,	0.0438733868877208,	-0.2451796476376483,	0.0380868182111032,	-0.2680390150763003,	0.0707797717137136,	0.3860674937038954,	
  -0.1412252866921321,	7.3376560923924155,	0.1424947721733177,	0.1648710516908630,	0.0058559891988919,	-0.1139459279194190,	0.0828887207924440,	0.1120290439143029,	-0.1844216477822820,	-0.0483353365700362,	0.0273288030157344,	-0.2175799766201028,	
  0.3183120344617631,	0.1424947721733177,	9.9647778744333007,	0.0642475882788653,	0.0737170983606980,	-0.0827025932125338,	0.1301691474406745,	-0.1064860533688374,	-0.1336953574295127,	-0.0816975617890078,	0.1509710484373123,	-0.0721349744374943,	
  -0.0035278575791388,	0.1648710516908629,	0.0642475882788652,	10.3418569513208336,	0.4050087109165382,	-0.1270524931222526,	-0.0873216531968021,	-0.1943911633859638,	-0.3716309292925751,	-0.0816611681364500,	-0.2054734023668290,	-0.0577253539926216,	
  0.1272063835574235,	0.0058559891988919,	0.0737170983606980,	0.4050087109165382,	10.2555884669142969,	0.0115391863659036,	0.0502602397276027,	-0.1550473464431917,	-0.0752333079658595,	0.0113462506570461,	0.1524680503084853,	0.0122003341014855,	
  -0.0497764155577760,	-0.1139459279194190,	-0.0827025932125338,	-0.1270524931222525,	0.0115391863659036,	9.4079259070611041,	-0.1300205169031146,	0.0630961881475267,	-0.1995539674668727,	-0.2628133582644302,	0.0771338779176051,	0.1504496224062360,	
  0.0438733868877208,	0.0828887207924441,	0.1301691474406745,	-0.0873216531968022,	0.0502602397276028,	-0.1300205169031146,	8.7329696558045029,	0.0040965760841874,	0.0677880933582907,	0.2357436699639354,	0.1517009069135565,	-0.1269161361123567,	
  -0.2451796476376484,	0.1120290439143029,	-0.1064860533688375,	-0.1943911633859638,	-0.1550473464431917,	0.0630961881475267,	0.0040965760841874,	6.1177907546341936,	0.1012453173427926,	-0.1393104904666693,	0.1294785937948287,	0.0472359651072798,	
  0.0380868182111032,	-0.1844216477822820,	-0.1336953574295127,	-0.3716309292925752,	-0.0752333079658596,	-0.1995539674668727,	0.0677880933582908,	0.1012453173427926,	2.0210586150038821,	0.3014535488627055,	0.2265283594848125,	0.3059173822674005,	
  -0.2680390150763003,	-0.0483353365700362,	-0.0816975617890079,	-0.0816611681364501,	0.0113462506570460,	-0.2628133582644301,	0.2357436699639355,	-0.1393104904666693,	0.3014535488627056,	3.1689937877994101,	-0.0503650804199064,	-0.1884724329107581,	
  0.0707797717137135,	0.0273288030157344,	0.1509710484373124,	-0.2054734023668290,	0.1524680503084853,	0.0771338779176051,	0.1517009069135566,	0.1294785937948287,	0.2265283594848125,	-0.0503650804199064,	9.2206173777730616,	-0.0143819339807886,	
  0.3860674937038955,	-0.2175799766201028,	-0.0721349744374943,	-0.0577253539926217,	0.0122003341014854,	0.1504496224062360,	-0.1269161361123567,	0.0472359651072798,	0.3059173822674006,	-0.1884724329107581,	-0.0143819339807887,	9.4492764990376656,	
};

const PROGMEM tinytype Quu_inv_data[4*4] = {
  0.0084443557741140,	-0.0003703643109740,	0.0005213997691251,	0.0007140062140300,	
  -0.0003703643109740,	0.0089248321544762,	0.0004479821477836,	-0.0002808293426093,	
  0.0005213997691251,	0.0004479821477836,	0.0089113283960704,	0.0006110668525745,	
  0.0007140062140300,	-0.0002808293426093,	0.0006110668525745,	0.0099468280498155,	
};

const PROGMEM tinytype AmBKt_data[12*12] = {
  -0.1419495650283827,	-0.0576810152143748,	-0.1135400847165191,	0.0059356673790723,	-0.0825363939844764,	0.0838709465229252,	-0.1086925545624972,	0.0222580020869435,	0.0105403176382117,	0.0989046541916690,	-0.0981108515746285,	0.1046613928367873,	
  0.1400223187508488,	-0.0619812180273142,	0.1058511105591005,	-0.0746607567377908,	-0.0653635343350490,	0.0390960895567831,	0.0867028845023946,	-0.1078605636487506,	-0.0356418862663653,	0.0489335532693774,	-0.0677506646379775,	0.0461730135777218,	
  0.1047010520535049,	-0.0842171146897178,	-0.0546097093449877,	0.0059262366787008,	0.0376705221931631,	-0.0756636946200465,	-0.0802315177105998,	-0.0621733052326338,	0.1214452263299244,	0.0192822735315675,	-0.0691938427025234,	0.1170633140051390,	
  0.0735527190922880,	0.0258256293541408,	0.0447828465500209,	0.0651246853715469,	0.0243163542846743,	0.0963522005006280,	-0.0614101509963653,	-0.0096696259075854,	-0.1121941700666720,	-0.1299771773993550,	-0.0450965145406108,	0.1112147278564277,	
  0.0207326211556862,	-0.0125991809346810,	-0.0386039842894328,	-0.1024544458623982,	-0.1302290166761725,	-0.0076440904576444,	0.0432022019856094,	0.0320533563865823,	0.1193596920494634,	-0.0265295265419572,	0.0107080996122101,	0.0966259585623449,	
  0.0307214058001916,	-0.0611136863743280,	-0.0967447266889590,	0.0755337629476617,	0.0680272286367119,	0.1114028322635841,	-0.0371201177354978,	-0.0630119406305205,	-0.1171268667580026,	-0.0994508443754116,	-0.0515113617219413,	0.0183526133270346,	
  0.0925387516676455,	0.0570952652812962,	0.1126043462136539,	0.1363447820914631,	0.0085846154662610,	-0.0959501030366708,	-0.0443629008963788,	-0.0858576919165896,	-0.0860479228590813,	-0.0646933883702169,	-0.0278194977045080,	-0.0281296637466236,	
  -0.0959973859043471,	0.0378553641918471,	-0.0020073613491824,	-0.0081067541276536,	-0.0886781892160769,	0.0354814474968038,	-0.0858074617084919,	0.1267013939872205,	-0.0781911457837078,	-0.0775196982702431,	-0.1132461687316343,	-0.0835045094466296,	
  0.1281283424311903,	0.0082135349383955,	-0.0803247506293172,	-0.0902850316122927,	-0.1246736121266979,	-0.1209237556910617,	0.1282282965624758,	0.1336683664144411,	-0.1068586411355183,	-0.0162032189367289,	-0.1141504601263967,	0.0061543238043848,	
  -0.0905249846095543,	0.0450952737739092,	-0.0768123282190915,	0.0719366902508356,	-0.1169362856848188,	-0.0060294012032015,	-0.0848518817884493,	0.1238458688729503,	-0.0888309047924063,	-0.1278383788630336,	-0.1196444420314079,	0.0680690814147618,	
  -0.0812440677652508,	-0.0166758271059122,	-0.0504135767965592,	-0.1061107725477919,	-0.1159621626772691,	0.0507326219870688,	-0.0750611353284622,	-0.0555304050802032,	-0.0371184216593080,	0.0008824486054464,	-0.0217380695408198,	-0.1035746477733446,	
  -0.1039172045320076,	0.0465839572575098,	-0.0487030217484534,	0.1210060369076700,	0.0201012906613511,	-0.0921624809410092,	0.0531020620267089,	-0.0857629332278023,	-0.0325984676355420,	0.1255118705251160,	-0.1311296445176992,	-0.0763636150809747,	
};

const PROGMEM tinytype coeff_d2p_data[12*4] = {
  0.0332069872367824,	-0.0310225084311754,	-0.0017456621806716,	-0.0309904621241579,	
  0.0031938693045238,	-0.0135711051692851,	-0.0585172467058181,	0.0153970907606608,	
  0.0800198334381658,	-0.0180911144937726,	-0.0067655232952600,	-0.0262388371408617,	
  -0.0186660470168655,	0.0034517247306425,	0.0610007613797794,	0.0217787459089468,	
  0.0372255746093065,	0.0432646971123969,	0.0629510456607017,	-0.0397198198250483,	
  -0.0105287999548606,	0.0638879485253670,	0.0079780429879055,	-0.0607636278031885,	
  0.0599076303231596,	0.0625622335691852,	-0.0625126340410425,	-0.0074266089093456,	
  0.0314425850139038,	-0.0328153741064740,	-0.0122629992608402,	-0.0266514318504277,	
  0.0071165519031458,	0.0029992476565908,	0.0013322022467469,	0.0110331364250030,	
  0.0014120063226179,	-0.0051240202999613,	-0.0178168397077599,	0.0140903972551140,	
  0.0457061704763471,	0.0709998510372449,	-0.0335542376141336,	0.0546450539586581,	
  -0.0673970279708200,	0.0160773756280450,	-0.0402327665675756,	-0.0009443518210927,	
};

const PROGMEM tinytype dKinf_drho_data[4*12] = {
  -0.0001131787138344,	0.0000977834655560,	0.0000257747269939,	0.0001294551602193,	0.0001860241588148,	0.0000397437621366,	0.0002123542769068,	-0.0000088198467810,	-0.0001145141520805,	0.0000864995633737,	0.0000654904307934,	-0.0001233138871065,	
  -0.0000702402281673,	-0.0000169808412583,	0.0000208166792085,	-0.0000460448068095,	0.0000291900605311,	0.0000006280075569,	0.0000075416960625,	0.0001850236832225,	0.0001225021896940,	0.0001249150139188,	-0.0000110761432274,	0.0000953634825716,	
  -0.0000179807734724,	0.0000180249233248,	0.0000956315238407,	0.0001021993651937,	-0.0000352316057757,	-0.0001393605702255,	-0.0000020026020008,	-0.0001727609226878,	-0.0001323811308881,	0.0001352507108427,	-0.0001548208839833,	-0.0002049297564244,	
  -0.0000040777453140,	-0.0000723790596173,	-0.0001112925143738,	0.0000856816273823,	0.0000583356662065,	0.0000373034642737,	-0.0000554366938239,	0.0000100233375078,	0.0000689535018533,	-0.0000232924790151,	-0.0000553410552641,	0.0001213300771515,	
};

const PROGMEM tinytype dPinf_drho_data[12*12] = {
  0.0003330024657005,	-0.0001657267563362,	-0.0000090152846976,	-0.0001500334857970,	-0.0003369969710118,	-0.0000516482050453,	-0.0004164608209108,	-0.0002226812241418,	0.0000924760671641,	-0.0003344496765051,	-0.0000761322510654,	0.0001763875345811,	
  -0.0001657267563362,	0.0002359678609679,	0.0001538708843431,	0.0001449196602068,	0.0001917966242307,	-0.0000155789389899,	0.0003759454024803,	-0.0000731054912570,	-0.0003090777931957,	0.0001451909736464,	0.0000992785164870,	-0.0003773712249301,	
  -0.0000090152846976,	0.0001538708843431,	0.0003569418406180,	0.0000835999705944,	-0.0000243509345259,	-0.0001963187976811,	0.0001281987144046,	-0.0002688677437441,	-0.0002834755608870,	0.0002038841177245,	-0.0000549124660864,	-0.0004251774472328,	
  -0.0001500334857970,	0.0001449196602068,	0.0000835999705944,	0.0003777804184526,	0.0002593369250246,	-0.0000704492117484,	0.0002871670839911,	-0.0002863193217058,	-0.0003471242504293,	0.0001877430554134,	-0.0000852467977011,	-0.0003891184971718,	
  -0.0003369969710118,	0.0001917966242307,	-0.0000243509345259,	0.0002593369250246,	0.0006353137680010,	0.0002639611501065,	0.0005617223888023,	0.0002488411540744,	-0.0000323133317060,	0.0002334500870493,	0.0003450324926576,	-0.0000054935246304,	
  -0.0000516482050453,	-0.0000155789389899,	-0.0001963187976811,	-0.0000704492117484,	0.0002639611501065,	0.0003340775372454,	0.0001245375892178,	0.0003583408181187,	0.0002603769020059,	-0.0001741263637312,	0.0003461255794389,	0.0004158823455289,	
  -0.0004164608209108,	0.0003759454024803,	0.0001281987144046,	0.0002871670839911,	0.0005617223888023,	0.0001245375892178,	0.0007596692818939,	0.0000966010018239,	-0.0003649157903042,	0.0003359551508182,	0.0002843143927711,	-0.0004494660482276,	
  -0.0002226812241418,	-0.0000731054912570,	-0.0002688677437441,	-0.0002863193217058,	0.0002488411540744,	0.0003583408181187,	0.0000966010018239,	0.0009773858712109,	0.0006294697822398,	0.0000266380453132,	0.0003231818667804,	0.0007539505209345,	
  0.0000924760671641,	-0.0003090777931957,	-0.0002834755608870,	-0.0003471242504293,	-0.0000323133317060,	0.0002603769020059,	-0.0003649157903042,	0.0006294697822398,	0.0007472590318710,	-0.0001652912841239,	0.0001624915868979,	0.0009054082406142,	
  -0.0003344496765051,	0.0001451909736464,	0.0002038841177245,	0.0001877430554134,	0.0002334500870493,	-0.0001741263637312,	0.0003359551508182,	0.0000266380453132,	-0.0001652912841239,	0.0006031892767343,	-0.0001313684923709,	-0.0004018475553461,	
  -0.0000761322510654,	0.0000992785164870,	-0.0000549124660864,	-0.0000852467977011,	0.0003450324926576,	0.0003461255794389,	0.0002843143927711,	0.0003231818667804,	0.0001624915868979,	-0.0001313684923709,	0.0005036089101287,	0.0002755449712939,	
  0.0001763875345811,	-0.0003773712249301,	-0.0004251774472328,	-0.0003891184971718,	-0.0000054935246304,	0.0004158823455289,	-0.0004494660482276,	0.0007539505209345,	0.0009054082406142,	-0.0004018475553461,	0.0002755449712939,	0.0012090327000932,	
};

const PROGMEM tinytype dC1_drho_data[4*4] = {
  -0.0000723536343008,	0.0000062958782065,	-0.0000092362415602,	-0.0000135598776587,	
  0.0000062958782065,	-0.0000803090691450,	-0.0000075666662298,	0.0000053083774086,	
  -0.0000092362415602,	-0.0000075666662298,	-0.0000803317829896,	-0.0000117690891211,	
  -0.0000135598776587,	0.0000053083774086,	-0.0000117690891211,	-0.0000999147235382,	
};

const PROGMEM tinytype dC2_drho_data[12*12] = {
  0.0000365400536104,	-0.0001428439151328,	-0.0000793381794352,	-0.0000787134364458,	-0.0000917690029844,	-0.0000110097310669,	-0.0002074967443938,	0.0001485954715958,	0.0002303675772326,	0.0000117410717958,	-0.0001057085819060,	0.0002509238981412,	
  -0.0000205831227717,	0.0000283711164340,	0.0001184734396552,	0.0000592253920444,	-0.0000515809371509,	-0.0001393755738741,	0.0000039945235919,	-0.0001339889320751,	-0.0001164402386174,	0.0001445564003881,	-0.0001325172242223,	-0.0002001754521679,	
  0.0000912791918227,	-0.0001163680560043,	-0.0000486547148722,	-0.0000928303205024,	-0.0001533353251689,	-0.0000366407562563,	-0.0002156989487691,	0.0000284889169447,	0.0001393003777781,	-0.0000561264373956,	-0.0000939886113747,	0.0001538495490622,	
  -0.0000154192783967,	0.0000293327633887,	-0.0000305767681146,	-0.0000503954585811,	0.0000566655763193,	0.0000909695218899,	0.0000672093968902,	0.0001033545431815,	0.0000387379335777,	-0.0000610488930861,	0.0001277221257317,	0.0000718036068235,	
  0.0000898477385765,	-0.0000812317251004,	-0.0001348755594557,	-0.0000654083898478,	-0.0000442202581499,	0.0000915621557144,	-0.0001211344927033,	0.0000438309310125,	0.0001176261330776,	-0.0001915562595545,	0.0000526113240674,	0.0002052318807863,	
  0.0000482021070027,	-0.0000321497312349,	-0.0000921297286818,	0.0000797478716119,	0.0000214483823050,	0.0000359321111606,	-0.0000356001853201,	-0.0001133035659429,	-0.0000369104668284,	-0.0001160849126351,	-0.0000109224633501,	0.0000216443910687,	
  0.0001443743791331,	-0.0000602272651448,	0.0000317978738436,	0.0000254937036445,	-0.0002117327893982,	-0.0001519907420617,	-0.0001967446839329,	-0.0003058421901642,	-0.0001186192529798,	-0.0000711662776687,	-0.0001855537269669,	-0.0001448152887359,	
  0.0000269100511913,	-0.0001131097898066,	-0.0000492170568500,	-0.0000550482131665,	-0.0000814147301512,	-0.0000280186490580,	-0.0001690338991808,	0.0001024007595322,	0.0001720646121793,	0.0000293924004516,	-0.0001050916926790,	0.0001776697105612,	
  0.0000658306249859,	-0.0000138067570467,	-0.0000027088302735,	-0.0001119709539599,	-0.0000909765602677,	0.0000164549890894,	-0.0000641171885282,	0.0000246507132052,	0.0000415208307110,	-0.0000939578077056,	0.0000499276978611,	0.0000539235805487,	
  -0.0000246549195708,	0.0000308723005838,	0.0001058199196360,	0.0000269222117356,	-0.0000398641488865,	-0.0001064937679978,	0.0000153173149770,	-0.0000769537299986,	-0.0000820851807870,	0.0001253376120281,	-0.0000887810271336,	-0.0001543405132969,	
  0.0001188742522656,	0.0000185653291135,	0.0000881435663593,	-0.0000290248534588,	-0.0001829943442683,	-0.0001187042743307,	-0.0000871287370171,	-0.0002619531055327,	-0.0001640602968044,	-0.0000759493456157,	-0.0000706200146423,	-0.0002057877997280,	
  -0.0000901541408197,	0.0001040046232219,	0.0000788532813491,	0.0001596338509213,	0.0001270012434350,	-0.0000405916092897,	0.0001840323334902,	-0.0001323615657661,	-0.0001962030910201,	0.0001184017213394,	-0.0000129403492101,	-0.0002407470038557,	
};

