#pragma once

typedef float tinytype;

const PROGMEM tinytype Adyn_data[12*12] = {
  -0.0137012857769398,	0.1025580735926977,	0.1411940879730022,	-0.0742641477499414,	-0.0288472245175818,	-0.1252980963858446,	0.1031323345030608,	-0.1337572093527407,	-0.0547656370940830,	-0.1415873499757540,	0.0355232624995589,	0.0714982864495956,	
  0.0788180016884831,	0.0146906390109958,	0.0004222620965627,	-0.1133445416676335,	-0.1051126963246526,	0.0185518095068918,	-0.1290682174794901,	0.0623767556564198,	-0.0555686712641196,	-0.0493060781331241,	0.0621856004105416,	-0.1094868651246988,	
  0.1324489391987226,	-0.1194569101236099,	0.1311314172202520,	-0.0734517274837083,	0.1153943860037349,	-0.1297039198292438,	0.1006535943106680,	0.1316916463071840,	-0.0275188472368456,	-0.1357684810447982,	-0.1351272770614543,	0.0981885297228243,	
  -0.0405518058438411,	-0.1106880710503219,	-0.0329982907003189,	-0.1361710702521862,	0.1209853243700251,	-0.0534147606597440,	0.0946883078519984,	0.0011826399678553,	-0.0165572305291520,	-0.0564431541303651,	0.0765636014898600,	-0.0981240033082375,	
  0.0303853130374036,	-0.1167059347282712,	-0.1380105347366719,	0.0617379873727237,	0.0377792013416976,	0.0852774751299014,	-0.0194078902394238,	-0.1358723317970652,	-0.1012917566494420,	-0.1080596981777444,	-0.0568115588216939,	0.0768557378345661,	
  -0.0603495110235013,	-0.0487028777387293,	0.1147361180181915,	0.1015910203204901,	-0.0970088642090451,	-0.0936944170986205,	-0.0613742883597385,	0.0853242483994092,	0.0590503788035401,	-0.1229740317911856,	-0.1245168334731813,	0.0675375818714855,	
  -0.0219929180046619,	0.0159067125836465,	0.0041043129372522,	0.0615646229019561,	-0.1386409690140303,	-0.0887168085662540,	-0.0357737656325045,	0.1281699224230125,	0.1031530145721405,	-0.0331488918885930,	0.0579451295963331,	-0.0573030710200944,	
  0.1380936770965416,	-0.1274348246794690,	0.0303717142202466,	0.0251524603274796,	-0.1380988602078209,	-0.0253199814590086,	0.0946108863394355,	-0.1383306343338229,	-0.0084543364785556,	0.0805257138164837,	0.0873387290694209,	0.1335112667410607,	
  0.0911580428339579,	0.0271877990884079,	-0.1290079902537765,	0.0305675578326712,	0.0247437472594500,	-0.1057178867377421,	-0.0399980023389012,	-0.1193580428043321,	0.0930032299124312,	0.1172217409523974,	-0.0918420654846211,	0.0506132007353459,	
  0.1294396331409108,	0.1205228784922937,	-0.1300940265901726,	-0.0690440967263594,	-0.0571232153131021,	0.0949237525283763,	0.0256319055826903,	-0.0879798788271941,	0.1156020004094109,	-0.1220090051137362,	-0.0961774001980241,	0.0668213938340445,	
  -0.1130763006223224,	-0.1216882353376771,	0.0705276500161300,	-0.0982257818585649,	0.0625801303771250,	-0.0727547957361791,	-0.0304969135136180,	-0.0327989033421617,	-0.0050709999837264,	-0.0788313785557531,	-0.1351955323932830,	-0.0706385028801407,	
  -0.0881645543934949,	-0.1026336668374092,	-0.0156658638425751,	0.0408559619591766,	-0.0056661675833485,	-0.0562006045937210,	-0.0175345005965911,	0.0322338531739541,	0.1090148911375447,	0.0664939685823952,	0.1160993427136782,	0.1045942364803420,	
};

const PROGMEM tinytype Bdyn_data[12*4] = {
  0.5866344356727304,	0.4205630643146592,	0.4324205189995005,	-0.6625513080332712,	
  0.0400501888511375,	0.8519859908580980,	0.8543591566237059,	-0.4065941241425006,	
  0.9610045338533439,	-0.9580299174688214,	0.2461401450171927,	0.6785609487973874,	
  0.4584825606459977,	0.9065865177657695,	0.1809075970863983,	-0.9652022717008881,	
  0.6097362420400503,	-0.9180124224732602,	0.2330161200616971,	-0.0415417567519984,	
  -0.3874578275240406,	0.5585349399587809,	0.6724098158956591,	-0.1149203549162727,	
  0.1260865678170540,	0.6452789711140596,	0.8035823181294748,	0.6670774415228342,	
  0.5376651082954824,	-0.1988025362457231,	0.4190334514888459,	0.3067834175292687,	
  -0.0505657912792163,	-0.4767711053996369,	0.6082172434894031,	-0.6559687824920406,	
  0.1655574250961596,	0.3362202754645316,	-0.6535698575827993,	0.6526666189657666,	
  0.5499934549630294,	-0.3126648855260068,	0.6947702375557601,	-0.2304588383857176,	
  0.4014192520104114,	-0.4064083544910897,	-0.6356063851365172,	0.9794903722012520,	
};

const PROGMEM tinytype Q_data[12] = {
  6.0862706510197411,6.4950354327922240,9.7675318955999639,3.7106158843073698,8.9074578961319109,9.7953886068574576,8.1222487560398395,4.1851369743648421,2.0046765793691406,1.0203362798737925,
  9.4076399085888962,1.4395383395499675,
};

const PROGMEM tinytype Qf_data[12] = {
  54.7764358591776670,58.4553188951300129,87.9077870603996701,33.3955429587663275,80.1671210651872030,88.1584974617171184,73.1002388043585540,37.6662327692835817,18.0420892143222638,9.1830265188641320,
  84.6687591773000605,12.9558450559497071,
};

const PROGMEM tinytype R_data[4] = {
  0.1000000000000000,0.1000000000000000,0.1000000000000000,0.1000000000000000,
};

const PROGMEM tinytype umin[4] = {
  -3.0,	
  -3.0,	
  -3.0,	
  -3.0,	
};

const PROGMEM tinytype umax[4] = {
  3.0,	
  3.0,	
  3.0,	
  3.0,	
};

const PROGMEM tinytype xmin[12] = {
  -10000.0,	
  -10000.0,	
  -10000.0,	
  -10000.0,	
  -10000.0,	
  -10000.0,	
  -10000.0,	
  -10000.0,	
  -10000.0,	
  -10000.0,	
  -10000.0,	
  -10000.0,	
};

const PROGMEM tinytype xmax[12] = {
  10000.0,	
  10000.0,	
  10000.0,	
  10000.0,	
  10000.0,	
  10000.0,	
  10000.0,	
  10000.0,	
  10000.0,	
  10000.0,	
  10000.0,	
  10000.0,	
};

const PROGMEM tinytype rho_value = 85.0;

const PROGMEM tinytype Kinf_data[4*12] = {
  0.0107359452430683,	-0.0190194578687630,	0.0088798621111582,	-0.0163338320086643,	0.0126625149548167,	-0.0141947317901141,	0.0155592716331738,	-0.0057953988711991,	-0.0093702668275147,	-0.0191108281389705,	-0.0064831858409984,	0.0088731817666711,	
  -0.0119518847753616,	0.0193993593193506,	0.0059842091733846,	-0.0028734528160262,	-0.0235268616326821,	-0.0046253129243898,	-0.0102674947161802,	0.0113386451746001,	0.0119964638944488,	0.0008064504917973,	0.0183354143558143,	-0.0184900535255788,	
  -0.0006265078971572,	-0.0132039077748966,	0.0143297419603977,	-0.0033631257515321,	-0.0144929134142025,	-0.0196723709940802,	-0.0091275257505211,	0.0075803428173131,	0.0019047460079581,	-0.0218487540093904,	-0.0130070896508829,	-0.0025659212810293,	
  0.0093892210953266,	-0.0048359732722711,	0.0039093505605852,	0.0108561298164229,	-0.0059955049957101,	-0.0046083879077721,	0.0026315269162443,	0.0207385417911072,	0.0097849948475060,	0.0016440148825319,	-0.0011347837063099,	0.0090617508874401,	
};

const PROGMEM tinytype Pinf_data[12*12] = {
  6.6315715948609375,	-0.0112615742590759,	-0.0549936568803875,	-0.0705761894036270,	-0.0341881536113291,	0.0315844898714879,	0.1478344565944552,	-0.0001647919324853,	-0.1099473498102378,	0.0486238366992190,	0.0810412427643686,	0.2066215952823740,	
  -0.0112615742590759,	7.0514064833808847,	-0.0546718365482748,	0.0299975278569730,	-0.1719534508636976,	0.1113635624851892,	-0.0413208607482646,	-0.0499675662607061,	0.0687017179507383,	0.1789147959052307,	0.2486051042462030,	-0.0995631785176076,	
  -0.0549936568803876,	-0.0546718365482749,	10.4706144500137395,	-0.1519167411984055,	-0.0001700730101416,	-0.4915038625321067,	0.1766709517668988,	0.3179799150408413,	0.0524570526270281,	-0.3066556249712690,	-0.2351078261592565,	0.1332421572364580,	
  -0.0705761894036269,	0.0299975278569730,	-0.1519167411984056,	4.2200965856956811,	-0.2467084418883821,	0.1070417925624287,	-0.1079458411295230,	-0.0173497497647028,	0.1169728865417756,	0.0951541260488613,	0.0076235657568162,	0.2134134397141235,	
  -0.0341881536113291,	-0.1719534508636976,	-0.0001700730101416,	-0.2467084418883821,	9.4590806714930515,	-0.0113187169477954,	0.1821660546322677,	0.0010275975464638,	-0.1389639919939507,	-0.0608731623354399,	-0.2035676733511497,	-0.0401921666718245,	
  0.0315844898714880,	0.1113635624851893,	-0.4915038625321067,	0.1070417925624288,	-0.0113187169477954,	10.3382443398490764,	-0.1709512420810113,	-0.2680988622627824,	-0.1545332973169288,	0.2579590813139599,	0.1923077475242751,	-0.1181779733742432,	
  0.1478344565944552,	-0.0413208607482646,	0.1766709517668988,	-0.1079458411295230,	0.1821660546322677,	-0.1709512420810113,	8.5184662299652096,	-0.0976125470938485,	-0.0498186225947532,	-0.0198379677187081,	0.0626795280935622,	0.2149527838819678,	
  -0.0001647919324854,	-0.0499675662607061,	0.3179799150408415,	-0.0173497497647028,	0.0010275975464638,	-0.2680988622627824,	-0.0976125470938486,	4.9754173776659112,	0.2015453332201210,	-0.1221250018621509,	-0.1315314699763215,	-0.1500649621626931,	
  -0.1099473498102378,	0.0687017179507382,	0.0524570526270282,	0.1169728865417757,	-0.1389639919939507,	-0.1545332973169288,	-0.0498186225947532,	0.2015453332201210,	2.2993484476177555,	0.0911764265644918,	-0.0196905615780736,	-0.0312977171367416,	
  0.0486238366992190,	0.1789147959052308,	-0.3066556249712690,	0.0951541260488613,	-0.0608731623354399,	0.2579590813139600,	-0.0198379677187080,	-0.1221250018621509,	0.0911764265644918,	1.7083992151713385,	0.4094573840483858,	-0.1341626956420127,	
  0.0810412427643686,	0.2486051042462031,	-0.2351078261592565,	0.0076235657568162,	-0.2035676733511498,	0.1923077475242751,	0.0626795280935622,	-0.1315314699763215,	-0.0196905615780736,	0.4094573840483856,	10.0799121499129232,	-0.1251933288729730,	
  0.2066215952823740,	-0.0995631785176075,	0.1332421572364581,	0.2134134397141235,	-0.0401921666718245,	-0.1181779733742432,	0.2149527838819678,	-0.1500649621626930,	-0.0312977171367416,	-0.1341626956420127,	-0.1251933288729730,	1.9295543845431160,	
};

const PROGMEM tinytype Quu_inv_data[4*4] = {
  0.0095092526238324,	0.0012379039534854,	-0.0008125370050327,	-0.0003044242950618,	
  0.0012379039534854,	0.0084459450114111,	-0.0006724863009617,	0.0008633342540947,	
  -0.0008125370050327,	-0.0006724863009617,	0.0091923590174587,	0.0002126084214527,	
  -0.0003044242950618,	0.0008633342540947,	0.0002126084214527,	0.0095399374054976,	
};

const PROGMEM tinytype AmBKt_data[12*12] = {
  -0.0084810840823905,	0.1080624487609387,	0.1298617885989450,	-0.0548266637127058,	-0.0240862593471939,	-0.1095722986967379,	0.1040133100324306,	-0.1246635919510988,	-0.0486545756400201,	-0.1201783496261781,	0.0364880045483515,	0.0811826379569420,	
  0.0929237283332289,	0.0082389907124590,	-0.0156850677288230,	-0.1029548711913935,	-0.0756308597409656,	0.0379945398569137,	-0.1120754590034457,	0.0549043295708387,	-0.0630630252691783,	-0.0298926405384067,	0.0574750668171973,	-0.0882122981492557,	
  0.1044644339297436,	-0.0760624438861328,	0.1221510235021667,	-0.0670464401206776,	0.0883218177818133,	-0.1125246740608935,	0.0763254957229874,	0.1321856209239437,	-0.0141295568637928,	-0.1123679936776677,	-0.1073594437310302,	0.0664299633185124,	
  -0.0254627943416640,	-0.1218341840773438,	-0.0413138011182785,	-0.1149904833861466,	0.1333439207495440,	-0.0436026224551591,	0.1010542199412265,	0.0122058124816345,	-0.0140370427956733,	-0.0428728773657529,	0.0641711752053637,	-0.0762187519712325,	
  0.0134032706126128,	-0.0844244005845232,	-0.1411079897133689,	0.0702940965573009,	0.0115884744597904,	0.0940789618579274,	-0.0360844508638570,	-0.1228344765574683,	-0.0846028131349674,	-0.0905073949226383,	-0.0330426666456745,	0.0554456805729433,	
  -0.0480139570773572,	-0.0585846501267110,	0.1056481049896280,	0.1003762621102861,	-0.0699059277456062,	-0.0839125803793823,	-0.0431711183133864,	0.0740319299061945,	0.0485630765024172,	-0.1159488550863202,	-0.1286540791197072,	0.0840696368220968,	
  -0.0213941634997517,	0.0196232076220561,	-0.0149997695700700,	0.0609389474806970,	-0.1094104379057251,	-0.0650599052872367,	-0.0255308963052853,	0.1016584122314408,	0.0885354439364237,	-0.0147990715505683,	0.0581403708023363,	-0.0504735779664050,	
  0.1273273393594830,	-0.1063356085149073,	0.0195830329997893,	0.0314421237609217,	-0.1416719154022950,	-0.0089503348858850,	0.0872214346794286,	-0.1424991570932802,	-0.0048313699555341,	0.0996122659997190,	0.1002681772575858,	0.1233598089139444,	
  0.0925426899210290,	0.0403337160288639,	-0.1318570592046441,	0.0375384387494803,	0.0190490852549829,	-0.0996987534846780,	-0.0368287622033554,	-0.1052518125440825,	0.1035091340979454,	0.1310070904761362,	-0.0762613436092398,	0.0497512201996919,	
  0.1251431858178590,	0.1116758352306299,	-0.1267621813536914,	-0.0746572676205131,	-0.0568684461668446,	0.0889793920047574,	0.0188251070565411,	-0.0994137602942139,	0.1079784083360797,	-0.1344688913032840,	-0.1090292049950762,	0.0639777924782418,	
  -0.1201188268964458,	-0.0971029701734124,	0.0584599022132756,	-0.0853022182109419,	0.0569473343082489,	-0.0537882249479008,	-0.0353167042656446,	-0.0265534920275122,	0.0047651361626726,	-0.0525096576361771,	-0.1171215645509146,	-0.0774287989242217,	
  -0.1069263794123267,	-0.0907705274169940,	-0.0115194745943714,	0.0334737825196453,	-0.0236499068730748,	-0.0603723448182331,	-0.0363321563359342,	0.0236732702598255,	0.1092781202691889,	0.0589956668317489,	0.1189976043825922,	0.0830110445653162,	
};

const PROGMEM tinytype coeff_d2p_data[12*4] = {
  0.0398813654704804,	0.0238158156203688,	0.0196762491152430,	-0.0360401037921632,	
  0.0054105187224196,	0.0464520255411244,	0.0515444995229519,	-0.0224948048242413,	
  0.0797780207068471,	-0.0717559785786097,	0.0225495612100594,	0.0601342906714777,	
  0.0213808823267935,	0.0326070586202754,	-0.0001415229446435,	-0.0353006676365821,	
  0.0399555419317535,	-0.0689747326783843,	0.0196429313326006,	-0.0077434422426423,	
  -0.0392566882055862,	0.0437970508498262,	0.0600000235511725,	-0.0085234094462936,	
  0.0133326273006720,	0.0441820780786460,	0.0580814475002595,	0.0626680515563711,	
  0.0234844380156578,	-0.0100968820398847,	0.0180051404568854,	0.0116863958526246,	
  -0.0019098527364045,	-0.0106628199654844,	0.0123097719278204,	-0.0144763126524393,	
  0.0020752512432874,	0.0109796685610393,	-0.0052166878427397,	0.0042509552691237,	
  0.0412369802024657,	-0.0184164643053863,	0.0617194122591349,	-0.0257292893336966,	
  0.0091665481183497,	-0.0012786857261953,	-0.0106080871437540,	0.0156803523706825,	
};

const PROGMEM tinytype dKinf_drho_data[4*12] = {
  -0.0000850719092277,	0.0001440251550605,	-0.0000789434510184,	0.0001598768084899,	-0.0001052056714141,	0.0001222745477380,	-0.0001405307975917,	0.0000525945041995,	0.0000793763587569,	0.0001635832808268,	0.0000293780106618,	-0.0000594191012393,	
  0.0000802581988849,	-0.0001450835953426,	-0.0000573815668279,	0.0000309696058488,	0.0001772953617651,	0.0000485357226835,	0.0000572963006002,	-0.0001024856301743,	-0.0000956139825461,	-0.0000014841164972,	-0.0001570447179820,	0.0001346867679633,	
  0.0000061227208203,	0.0001198928205867,	-0.0001217357227248,	0.0000113171221704,	0.0001283212444809,	0.0001673233707735,	0.0000880035416541,	-0.0000715270683912,	-0.0000186338283990,	0.0001853813549375,	0.0001250167592269,	0.0000151268042886,	
  -0.0000781668938613,	0.0000264764929656,	-0.0000424225621396,	-0.0001028629271365,	0.0000844714287788,	0.0000474881517037,	-0.0000088154897216,	-0.0002107945733499,	-0.0001072119422989,	-0.0000184091101242,	-0.0000024965240427,	-0.0000657401443829,	
};

const PROGMEM tinytype dPinf_drho_data[12*12] = {
  0.0004045153537047,	-0.0004771673862283,	0.0000562723789901,	-0.0000882417365003,	0.0003693054672883,	-0.0001369558219555,	0.0003274501186326,	-0.0000204013995664,	-0.0001484031205006,	-0.0001549117373561,	-0.0003107755648951,	0.0003873256648982,	
  -0.0004771673862283,	0.0009495333919133,	-0.0002606092893242,	0.0002513335710189,	-0.0004784605233851,	0.0004712931904121,	-0.0003976455843023,	0.0001348783057769,	0.0003334833315465,	0.0006500397616250,	0.0006461786379625,	-0.0005420586684936,	
  0.0000562723789901,	-0.0002606092893242,	0.0003654238186265,	-0.0001622056734520,	-0.0002447736159471,	-0.0004711546301300,	-0.0000220227953394,	0.0002184039241157,	0.0000383180650807,	-0.0004316275366552,	-0.0001156128245166,	-0.0000296878336662,	
  -0.0000882417365003,	0.0002513335710189,	-0.0001622056734520,	0.0004620251004082,	-0.0001534690446572,	0.0002607619932733,	-0.0001549728120660,	0.0002685268400024,	0.0002091149181633,	0.0003863357647897,	0.0001203534255091,	0.0000447650015813,	
  0.0003693054672883,	-0.0004784605233851,	-0.0002447736159471,	-0.0001534690446572,	0.0009761138159365,	0.0002366887561182,	0.0005653511356467,	-0.0005603668149622,	-0.0004981090483978,	0.0000705889122796,	-0.0003062166146384,	0.0005261641171240,	
  -0.0001369558219555,	0.0004712931904121,	-0.0004711546301300,	0.0002607619932733,	0.0002366887561182,	0.0006572203659624,	-0.0000352168545129,	-0.0002076235552742,	-0.0000062261130314,	0.0006564631009155,	0.0002398514133827,	-0.0000476536182735,	
  0.0003274501186326,	-0.0003976455843023,	-0.0000220227953394,	-0.0001549728120660,	0.0005653511356467,	-0.0000352168545129,	0.0004826853581245,	-0.0002309709571405,	-0.0002631141206874,	-0.0000622988120515,	-0.0001293058874804,	0.0004046197825900,	
  -0.0000204013995664,	0.0001348783057769,	0.0002184039241157,	0.0002685268400024,	-0.0005603668149622,	-0.0002076235552742,	-0.0002309709571405,	0.0006754880418687,	0.0003915638027180,	-0.0000033039258225,	0.0001204706604898,	-0.0001093828022975,	
  -0.0001484031205006,	0.0003334833315465,	0.0000383180650807,	0.0002091149181633,	-0.0004981090483978,	-0.0000062261130314,	-0.0002631141206874,	0.0003915638027180,	0.0003470067679382,	0.0001484960876638,	0.0002385093161629,	-0.0002167007329983,	
  -0.0001549117373561,	0.0006500397616250,	-0.0004316275366552,	0.0003863357647897,	0.0000705889122796,	0.0006564631009155,	-0.0000622988120515,	-0.0000033039258225,	0.0001484960876638,	0.0009259184280827,	0.0004537686086931,	-0.0001128565183367,	
  -0.0003107755648951,	0.0006461786379625,	-0.0001156128245166,	0.0001203534255091,	-0.0003062166146384,	0.0002398514133827,	-0.0001293058874804,	0.0001204706604898,	0.0002385093161629,	0.0004537686086931,	0.0006068213939807,	-0.0003360163676489,	
  0.0003873256648982,	-0.0005420586684936,	-0.0000296878336662,	0.0000447650015813,	0.0005261641171240,	-0.0000476536182735,	0.0004046197825900,	-0.0001093828022975,	-0.0002167007329983,	-0.0001128565183367,	-0.0003360163676489,	0.0005473792455673,	
};

const PROGMEM tinytype dC1_drho_data[4*4] = {
  -0.0000928063795085,	-0.0000224866723405,	0.0000161079819016,	0.0000048423980337,	
  -0.0000224866723405,	-0.0000742648759637,	0.0000125947580774,	-0.0000149036234160,	
  0.0000161079819016,	0.0000125947580774,	-0.0000857784057204,	-0.0000035625598905,	
  0.0000048423980337,	-0.0000149036234160,	-0.0000035625598905,	-0.0000920434852580,	
};

const PROGMEM tinytype dC2_drho_data[12*12] = {
  -0.0000382846904855,	-0.0000577753947784,	0.0000949774147843,	-0.0001798596364270,	-0.0000123686944614,	-0.0001330335143731,	0.0000144482459837,	-0.0000964845248793,	-0.0000693289587939,	-0.0001876991027589,	-0.0000069008320554,	-0.0000718843481460,	
  -0.0001019849174137,	0.0000261746134617,	0.0001388072560939,	-0.0000842811154172,	-0.0002221265010719,	-0.0001698947249995,	-0.0001219583184061,	0.0000606118722483,	0.0000506109716399,	-0.0001711543888909,	0.0000247990198003,	-0.0001520247734134,	
  0.0002101782003978,	-0.0003248796023075,	0.0000796420990754,	-0.0000569593615399,	0.0001820533654318,	-0.0001444163243780,	0.0001742629463318,	0.0000119147918709,	-0.0000905457259406,	-0.0001917641928979,	-0.0002077635391713,	0.0002270213598297,	
  -0.0001103115245054,	0.0000693634586738,	0.0000692921141528,	-0.0002027082399912,	-0.0000541808920573,	-0.0000844969766033,	-0.0000119423736736,	-0.0001217211833708,	-0.0000498205378716,	-0.0001249600118434,	0.0001038791862692,	-0.0001610516767852,	
  0.0001208755670767,	-0.0002478429794733,	0.0000220617700136,	-0.0000759623801061,	0.0002005152283131,	-0.0000670151282844,	0.0001174129813696,	-0.0001182416739025,	-0.0001362852564672,	-0.0001450666831269,	-0.0001913164699830,	0.0001536183552970,	
  -0.0000908887301928,	0.0000592635094528,	0.0000784434309619,	0.0000252171258164,	-0.0002163653929291,	-0.0000867851880156,	-0.0001466392678000,	0.0001014908733376,	0.0000843674761843,	-0.0000625572706861,	0.0000147483048322,	-0.0001159759541487,	
  0.0000061607584311,	-0.0000385458662349,	0.0001731046356755,	0.0000193809455396,	-0.0002606056142964,	-0.0002128726361557,	-0.0000840905276357,	0.0002575945535762,	0.0001381818828299,	-0.0001563568621216,	-0.0000011624008088,	-0.0000477204536518,	
  0.0000831104127793,	-0.0001646419387300,	0.0000950634167783,	-0.0000529889578014,	0.0000121268587192,	-0.0001407764002251,	0.0000527771746442,	0.0000459878809482,	-0.0000209871572710,	-0.0001602814478084,	-0.0000986367314578,	0.0000725529977241,	
  -0.0000210359247834,	-0.0001174420481932,	0.0000148641781598,	-0.0000515084273852,	0.0000565729242810,	-0.0000412948748725,	-0.0000390967879888,	-0.0001409733677285,	-0.0001005665272747,	-0.0001172638040772,	-0.0001510638519579,	0.0000088863196944,	
  0.0000421184006085,	0.0000860136231007,	-0.0000195124880802,	0.0000376503266406,	-0.0000134574996465,	0.0000418014268645,	0.0000672717770819,	0.0001165809817018,	0.0000768011613006,	0.0001065912407030,	0.0001312744539701,	0.0000173456722659,	
  0.0000496147780850,	-0.0002017716599897,	0.0001002788829532,	-0.0001098165603620,	0.0000436098705351,	-0.0001573820185699,	0.0000320317111026,	-0.0000598548851177,	-0.0000853133230025,	-0.0002234737550541,	-0.0001526933518915,	0.0000491318889497,	
  0.0001472224651224,	-0.0000665064829144,	-0.0000274544385770,	0.0000563551595739,	0.0001131087492860,	0.0000304795811558,	0.0001442677631975,	0.0000982447308752,	0.0000224477650844,	0.0000695924834366,	0.0000062895871956,	0.0001525963307969,	
};

