#pragma once

typedef float tinytype;

const PROGMEM tinytype Adyn_data[12*12] = {
  -0.0998575602596531,	0.0028183936263620,	-0.0297764334168382,	0.0044807993528406,	0.0878152771200936,	0.1307174661749930,	0.1094558301740562,	0.1476194685358842,	-0.0105577119724594,	-0.1193443273255859,	0.0211644446107920,	-0.0496158128951093,	
  0.0304100814760674,	-0.1000950105690069,	-0.0413449713127165,	0.0297166102883990,	0.1248658575856244,	-0.0658515302521071,	0.1451698562204496,	-0.1333453620864932,	-0.0810404290990409,	0.1101391900769348,	0.1262980425857264,	0.1265459681120867,	
  0.0626797455244706,	0.0540251785385450,	-0.0627300158325313,	0.1124295306109713,	-0.1389281242071497,	-0.1383948988945752,	0.0601973435790773,	-0.0351139190539380,	0.0415571914786396,	-0.0222067187795372,	-0.0034581760268656,	-0.0348157392632681,	
  0.0067685348720184,	0.1273684020644846,	-0.0544336882854202,	0.1192578933158012,	-0.0122632335173212,	-0.0518589615865853,	-0.0831517525334459,	-0.0540226997269201,	0.1428514643236794,	0.0631128417280765,	-0.1199452549707253,	-0.0679909003708229,	
  0.1415658883111629,	-0.0780128881147076,	-0.0581566023529432,	-0.0713887092371558,	-0.0304325586712139,	-0.0676355099018351,	0.0037088815715065,	-0.0527711830227302,	-0.0082839237060949,	-0.0253092313684946,	0.1248336502260139,	0.0463863744638881,	
  0.0427507247960582,	-0.1333260576125779,	-0.0964896583021534,	-0.0462407203039865,	-0.0961853884891658,	-0.0205597571418632,	-0.1377428129087430,	0.1132003243859970,	-0.0994501154722194,	0.0742744235654606,	-0.1334951078861989,	-0.0168597288246710,	
  -0.1111442979235085,	-0.0153831414492644,	-0.1129499374608620,	0.0788133576430209,	0.1388689262215617,	-0.0354404094045383,	-0.0303750142225189,	-0.0518486824249761,	0.0984445035055205,	0.1261778893372807,	-0.0606662639525874,	0.0991334374976892,	
  0.0044880991171941,	0.1195477162192365,	0.1298384285599694,	0.0269210965461786,	-0.1469071839754135,	0.1053673782744662,	0.0275325595383895,	-0.0528699760842611,	-0.1213910617282202,	-0.0248093743260749,	-0.0423489328404112,	-0.0435067198118764,	
  -0.1463481798809622,	-0.0529011322671736,	-0.0260874579396852,	0.1296771815710121,	0.0456397908142852,	0.0542621749805210,	-0.0931897525450509,	0.1175580096669105,	0.1044115880735356,	-0.0366145463294884,	0.1090145880861541,	0.1183273675304760,	
  0.0537970019748831,	-0.1163353272114621,	-0.0491202594438947,	-0.0306386140045866,	-0.0343632130001495,	0.0394790099715622,	0.1081562487958281,	0.0545605660213535,	0.0601787356539182,	-0.0214603179761647,	-0.0139125070809877,	0.1239595618875170,	
  0.0108552065155434,	-0.1149080064209215,	0.1430885244004430,	-0.0903215259483969,	0.1224938549710374,	-0.0786779643598511,	0.0562492548761270,	-0.0055710051802667,	-0.1365890693216631,	-0.0438329837126610,	-0.0824895464622581,	-0.0725842278321234,	
  -0.0239172433672482,	-0.1084279879933277,	0.0674582021431327,	0.0569648136483039,	0.0789312076265263,	0.0625814709773081,	-0.0131282015139685,	0.0880249445577735,	-0.0688950547509543,	0.0298277047955124,	0.1509069897394194,	0.0598341800673133,	
};

const PROGMEM tinytype Bdyn_data[12*4] = {
  -0.3631443218946797,	-0.1510049576981993,	-0.4206175619439547,	0.6187419458637256,	
  -0.3432291441429944,	-0.6636763738391183,	-0.4378570457024764,	0.5970432407320088,	
  -0.4891625406236275,	0.2443034212737518,	-0.5920145881601788,	-0.3447816966263921,	
  0.4683600047908301,	-0.5393756801072505,	-0.5264669821124435,	-0.8423773195197419,	
  0.0310930683825932,	0.9943201722029547,	0.3796791366669061,	-0.1272747569151131,	
  -0.8462564876057821,	-0.4106335171977149,	-0.0872524260089473,	0.7903283395552370,	
  -0.8880846501361646,	0.8718543479949734,	-0.7829555792995528,	-0.5285142853988478,	
  -0.9611864800136782,	-0.3658089076081921,	-0.4363297498762981,	-0.4606291569444696,	
  0.7742820410874207,	0.7274782356779175,	-0.2960929658902900,	-0.5703177217839470,	
  0.1269661747406527,	0.7376972253709573,	-0.4089776726795664,	0.8408989078006848,	
  0.9730580291097417,	-0.8370948009795411,	-0.4198873858927130,	-0.5272852986252659,	
  -0.4097897147300642,	0.5129811966941453,	-0.7195301369492735,	0.7179681320034030,	
};

const PROGMEM tinytype Q_data[12] = {
  9.1122640085256155,7.2911237844722452,4.9658096304709174,6.3159316712711266,3.9477096160057994,6.1233415246900602,4.5947373061047951,3.2273281802642466,8.5864766910962267,5.5808630740747569,
  6.4750161318794071,1.6102131346521233,
};

const PROGMEM tinytype Qf_data[12] = {
  82.0103760767305374,65.6201140602502022,44.6922866742382539,56.8433850414401434,35.5293865440521941,55.1100737222105437,41.3526357549431580,29.0459536223782209,77.2782902198660366,50.2277676666728112,
  58.2751451869146635,14.4919182118691108,
};

const PROGMEM tinytype R_data[4] = {
  0.1000000000000000,0.1000000000000000,0.1000000000000000,0.1000000000000000,
};

const PROGMEM tinytype umin[4] = {
  -3.0,	
  -3.0,	
  -3.0,	
  -3.0,	
};

const PROGMEM tinytype umax[4] = {
  3.0,	
  3.0,	
  3.0,	
  3.0,	
};

const PROGMEM tinytype xmin[12] = {
  -10000.0,	
  -10000.0,	
  -10000.0,	
  -10000.0,	
  -10000.0,	
  -10000.0,	
  -10000.0,	
  -10000.0,	
  -10000.0,	
  -10000.0,	
  -10000.0,	
  -10000.0,	
};

const PROGMEM tinytype xmax[12] = {
  10000.0,	
  10000.0,	
  10000.0,	
  10000.0,	
  10000.0,	
  10000.0,	
  10000.0,	
  10000.0,	
  10000.0,	
  10000.0,	
  10000.0,	
  10000.0,	
};

const PROGMEM tinytype rho_value = 85.0;

const PROGMEM tinytype Kinf_data[4*12] = {
  -0.0045576326995729,	-0.0054824352444925,	0.0117411795381435,	-0.0002191913635908,	0.0122871997888731,	-0.0010323517248028,	-0.0024500203581217,	0.0048223266587889,	0.0087203457848158,	-0.0096593275105492,	0.0063906591901068,	0.0017121662247747,	
  -0.0059398658417171,	-0.0048304070053116,	-0.0124157382161679,	0.0072302067179162,	-0.0024924309369896,	0.0057017593875364,	-0.0060196361155444,	0.0096167707521735,	0.0213411379612170,	-0.0041506608438172,	0.0155154198259576,	0.0189753527013858,	
  0.0099270674586931,	0.0057373819381518,	0.0050336679328617,	-0.0136395059799565,	-0.0125021956709626,	0.0012147354902893,	-0.0075856074268326,	-0.0031409782494609,	-0.0041824434633715,	-0.0034704142555792,	0.0023073931471992,	-0.0064076366434666,	
  0.0053861984775311,	-0.0182316096936515,	-0.0067267458588489,	-0.0133226316105568,	0.0024005592330212,	0.0106156218792933,	0.0164173609283685,	0.0122554238999594,	-0.0123556183836542,	-0.0030917829847028,	0.0074219763687082,	0.0073452090009977,	
};

const PROGMEM tinytype Pinf_data[12*12] = {
  9.5954757832793334,	-0.0448788744980020,	0.0217567677741761,	-0.2171667015223645,	-0.2942258463695384,	-0.2932920355542386,	0.0661994470280838,	-0.2988286245467693,	-0.1743529667758745,	0.1045073376279538,	-0.0839347068808266,	-0.0825538111714998,	
  -0.0448788744980020,	7.8699304913785042,	0.0353146199452508,	0.1762642562493389,	-0.2426630769877353,	0.0874671892807863,	-0.0600382087339172,	-0.1226191651636084,	0.2308332021519028,	-0.0703803992325387,	-0.1287818139028843,	-0.2678788577157561,	
  0.0217567677741761,	0.0353146199452508,	5.3584915258249959,	-0.1725150302451747,	0.0100686343880905,	0.0811093935011662,	0.0846344352607692,	-0.0242347311641973,	-0.2637301382067758,	-0.1585503524035596,	-0.0105629868378501,	-0.1677635997149418,	
  -0.2171667015223646,	0.1762642562493389,	-0.1725150302451747,	6.7243232746531927,	0.0062919690526109,	0.0145434693840358,	-0.1065881137517429,	0.0110488987090998,	0.3177589445783026,	0.0828621116624137,	0.1044061895612601,	0.1355051581725402,	
  -0.2942258463695384,	-0.2426630769877352,	0.0100686343880904,	0.0062919690526109,	4.6387354114470494,	0.0524679696071285,	0.2320307475448624,	0.0062605213254358,	-0.0057616239164704,	0.0366193539019177,	0.2093467885345464,	0.1920874849301231,	
  -0.2932920355542386,	0.0874671892807863,	0.0811093935011662,	0.0145434693840358,	0.0524679696071284,	6.5932520617700829,	0.0151806430307031,	0.3604486924903625,	0.0431013397126589,	-0.2459504076863195,	0.0789408850847918,	-0.0116204155956568,	
  0.0661994470280837,	-0.0600382087339172,	0.0846344352607692,	-0.1065881137517429,	0.2320307475448624,	0.0151806430307031,	5.2045507857452806,	-0.1456389661345590,	-0.1364575501341698,	-0.1478151844833281,	0.2172916800260407,	0.0547915674160470,	
  -0.2988286245467693,	-0.1226191651636085,	-0.0242347311641973,	0.0110488987090998,	0.0062605213254358,	0.3604486924903625,	-0.1456389661345590,	3.8429366455194049,	0.0495526099189735,	-0.3002292887603757,	-0.0373285361940204,	-0.0600288563027644,	
  -0.1743529667758745,	0.2308332021519028,	-0.2637301382067758,	0.3177589445783026,	-0.0057616239164704,	0.0431013397126589,	-0.1364575501341698,	0.0495526099189735,	9.1284832971814112,	0.0290856387958170,	0.0235874325791077,	0.1246315599375709,	
  0.1045073376279538,	-0.0703803992325387,	-0.1585503524035596,	0.0828621116624137,	0.0366193539019177,	-0.2459504076863196,	-0.1478151844833280,	-0.3002292887603759,	0.0290856387958170,	5.9807698340898465,	-0.0658144726779314,	0.1737605888206397,	
  -0.0839347068808266,	-0.1287818139028843,	-0.0105629868378501,	0.1044061895612600,	0.2093467885345464,	0.0789408850847918,	0.2172916800260407,	-0.0373285361940204,	0.0235874325791077,	-0.0658144726779315,	7.0566775145888050,	0.3156881409606290,	
  -0.0825538111714997,	-0.2678788577157560,	-0.1677635997149419,	0.1355051581725402,	0.1920874849301231,	-0.0116204155956568,	0.0547915674160470,	-0.0600288563027644,	0.1246315599375709,	0.1737605888206397,	0.3156881409606291,	2.0757186304819650,	
};

const PROGMEM tinytype Quu_inv_data[4*4] = {
  0.0087959754197986,	0.0000105534027183,	-0.0002473120979699,	0.0009859939641737,	
  0.0000105534027183,	0.0086988103922891,	-0.0000982678649055,	0.0001472598213558,	
  -0.0002473120979699,	-0.0000982678649055,	0.0099896191520607,	-0.0002033454786875,	
  0.0009859939641737,	0.0001472598213558,	-0.0002033454786875,	0.0089564171244183,	
};

const PROGMEM tinytype AmBKt_data[12*12] = {
  -0.1015667559010132,	0.0137919682525116,	-0.0211081598037490,	0.0079992535686646,	0.0851569647741353,	0.1251461759852377,	0.0943083747469874,	0.1419187536963171,	0.0017173799078398,	-0.1230255289924771,	0.0222063235028239,	-0.0533686305333121,	
  0.0260344635180548,	-0.0917853566904811,	-0.0393349033091744,	0.0364219281595445,	0.1205216030014335,	-0.0682278452523532,	0.1272105615300912,	-0.1340000929524755,	-0.0583382171206513,	0.1043955146241469,	0.1353677881616363,	0.1325360904967679,	
  0.0696354832836030,	0.0496341500259120,	-0.0532927172976661,	0.0978877601233226,	-0.1388825902721091,	-0.1359136327594577,	0.0616391183922391,	-0.0327384865898401,	0.0338730863464006,	-0.0290382053699500,	-0.0001976030786663,	-0.0398748760147345,	
  0.0154628132490119,	0.1149933990481127,	-0.0696459326146319,	0.1048569191938726,	-0.0239222396736731,	-0.0387181817489987,	-0.0754150656676653,	-0.0424241626044928,	0.1376680828491708,	0.0609666125086597,	-0.1071028731530807,	-0.0557439384400624,	
  0.1445301542225257,	-0.0775382391683521,	-0.0489437763291198,	-0.0750880331385904,	-0.0232839776043735,	-0.0723828943231779,	0.0147401183413072,	-0.0597309030978287,	-0.0297595617894909,	-0.0199576694720764,	0.1092762113097361,	0.0308332676356845,	
  0.0330639859733169,	-0.1250395727145495,	-0.0858963895740665,	-0.0341180738698451,	-0.0897988185307196,	-0.0273758961696707,	-0.1559249911350852,	0.1112703512106933,	-0.0739070127131299,	0.0665364761822678,	-0.1273802922824112,	-0.0139830899048296,	
  -0.0993940280121144,	-0.0211841476549600,	-0.0913121036794845,	0.0545946815624738,	0.1434341024902307,	-0.0347667370970278,	-0.0245649776524260,	-0.0519325513754436,	0.0777777565527979,	0.1168671288696034,	-0.0627887969828383,	0.0829753953090930,	
  0.0047470232756961,	0.1066164470978550,	0.1356799077536052,	0.0172671719924985,	-0.1403579594337846,	0.1118807403163103,	0.0272280855152563,	-0.0404422171689714,	-0.1127186874839373,	-0.0385505484181707,	-0.0261050758585258,	-0.0343320808061443,	
  -0.1324869843178951,	-0.0538411768205327,	-0.0284922117708066,	0.1129503847934824,	0.0356064912195258,	0.0573275524412269,	-0.0797965246394177,	0.1128876411914846,	0.0738493473313595,	-0.0289068509594194,	0.0976953727379194,	0.1054893585920708,	
  0.0582881902439670,	-0.0943984637437957,	-0.0337367654218144,	-0.0303197545921140,	-0.0412163588950241,	0.0269740464909459,	0.0960003024239939,	0.0352638660047183,	0.0520075484572092,	-0.0159914241341308,	-0.0314670463313721,	0.1009469511048617,	
  0.0173261304704697,	-0.1208209928358130,	0.1198371849393783,	-0.0968077558766072,	0.1044675609158958,	-0.0667929996231386,	0.0590657929478613,	0.0029299876488226,	-0.1354810073514736,	-0.0409958290198226,	-0.0708378071244033,	-0.0571835609096473,	
  -0.0194621695348183,	-0.0909787916352352,	0.0870901219404625,	0.0529172205125665,	0.0745257143359843,	0.0524858890875739,	-0.0282894496282295,	0.0740088295404776,	-0.0704076030969302,	0.0277213567067124,	0.1418981939143238,	0.0409176953824682,	
};

const PROGMEM tinytype coeff_d2p_data[12*4] = {
  -0.0218717300298410,	-0.0102654820479548,	-0.0384617422515033,	0.0525727275843452,	
  -0.0158089511036543,	-0.0469047217337477,	-0.0330559004024891,	0.0367832206817768,	
  -0.0274430908035384,	0.0091201174988123,	-0.0279456342416860,	-0.0177723563726816,	
  0.0271938708818203,	-0.0315404771149507,	-0.0354948762072518,	-0.0467429611853784,	
  0.0005014314034100,	0.0426950477124481,	0.0151774435495839,	-0.0078854620440339,	
  -0.0464696235724798,	-0.0254019378046291,	-0.0055138502172155,	0.0349717210188418,	
  -0.0414330199108159,	0.0396121987794325,	-0.0382288794102340,	-0.0276736189399102,	
  -0.0343176872293148,	-0.0153865964025665,	-0.0108657101748497,	-0.0213314414110081,	
  0.0602400163217592,	0.0533756256043001,	-0.0290837065674564,	-0.0375667287517842,	
  0.0178491040781812,	0.0413899807846716,	-0.0241588684491487,	0.0490430817644747,	
  0.0555202823482409,	-0.0467918994316806,	-0.0323912973479923,	-0.0279466867611958,	
  0.0002997593384515,	0.0121468534289792,	-0.0152766987041701,	0.0101958741682456,	
};

const PROGMEM tinytype dKinf_drho_data[4*12] = {
  0.0000368859566618,	0.0000672665576116,	-0.0000951141579221,	0.0000133084232322,	-0.0001129041953005,	-0.0000013353588334,	0.0000030373938210,	-0.0000552686728256,	-0.0000648228796696,	0.0000873979070070,	-0.0000612606628580,	-0.0000229769034822,	
  0.0000523163796135,	0.0000453536575941,	0.0001091596954495,	-0.0000623694428015,	0.0000197178450047,	-0.0000512820456770,	0.0000485130108334,	-0.0000861479975068,	-0.0001840955506931,	0.0000366676207193,	-0.0001361560366019,	-0.0001667507238748,	
  -0.0000991809543580,	-0.0000621828167405,	-0.0000509241306476,	0.0001340282075501,	0.0001276899902234,	-0.0000103707256911,	0.0000790320442286,	0.0000351750741891,	0.0000440678331732,	0.0000311739959252,	-0.0000185676846980,	0.0000676569089219,	
  -0.0000411725877960,	0.0001707766977037,	0.0000509246916986,	0.0001151509884603,	-0.0000352907356125,	-0.0000942899907148,	-0.0001439758435493,	-0.0001166099908044,	0.0000982390317420,	0.0000371151384630,	-0.0000751347137613,	-0.0000715468616201,	
};

const PROGMEM tinytype dPinf_drho_data[12*12] = {
  0.0002025142601440,	0.0000254969325871,	0.0000174180411195,	-0.0002474712092708,	-0.0001699327100914,	0.0000211636224420,	0.0000696517601709,	-0.0000634688003836,	-0.0002620120641447,	0.0000187476796224,	-0.0000581185180502,	-0.0001467348860816,	
  0.0000254969325871,	0.0004324408588837,	0.0001281905872369,	0.0001318005480617,	-0.0001807564356320,	-0.0002239196955714,	-0.0002833928949561,	-0.0003326279570846,	0.0000650391497765,	0.0001106238300465,	-0.0002326109428503,	-0.0002723492749811,	
  0.0000174180411195,	0.0001281905872369,	0.0003996180612139,	-0.0000773734919956,	0.0001012136819712,	-0.0001250443465986,	-0.0001306929649755,	-0.0001302799236566,	-0.0001342781521847,	-0.0000665157491064,	-0.0001598799792689,	-0.0003063601214525,	
  -0.0002474712092708,	0.0001318005480617,	-0.0000773734919956,	0.0004336703354487,	0.0001196659901548,	-0.0001246746093401,	-0.0001603894361957,	-0.0000585907621186,	0.0003901303399322,	0.0000648392795924,	-0.0000013758723669,	0.0001381680114976,	
  -0.0001699327100914,	-0.0001807564356320,	0.0001012136819712,	0.0001196659901548,	0.0003418929533446,	-0.0000023285630361,	0.0001161099044864,	0.0001150995254399,	0.0000769985680833,	-0.0000685790301101,	0.0000310409785661,	0.0000802750113245,	
  0.0000211636224420,	-0.0002239196955714,	-0.0001250443465986,	-0.0001246746093401,	-0.0000023285630361,	0.0001727186651458,	0.0001166947964623,	0.0002008312552846,	-0.0000446966893723,	-0.0000520064422381,	0.0001547622791416,	0.0001742156123477,	
  0.0000696517601709,	-0.0002833928949561,	-0.0001306929649755,	-0.0001603894361957,	0.0001161099044864,	0.0001166947964623,	0.0004070286081284,	0.0001342486047726,	-0.0003022143982501,	0.0000220894010857,	-0.0000046536387461,	0.0000510558816387,	
  -0.0000634688003836,	-0.0003326279570846,	-0.0001302799236566,	-0.0000585907621186,	0.0001150995254399,	0.0002008312552846,	0.0001342486047726,	0.0003049916119090,	0.0000808921001372,	-0.0001193163063826,	0.0002591924214763,	0.0002955098663741,	
  -0.0002620120641447,	0.0000650391497765,	-0.0001342781521847,	0.0003901303399322,	0.0000769985680833,	-0.0000446966893723,	-0.0003022143982501,	0.0000808921001372,	0.0007408208572200,	-0.0001084270116744,	0.0002985608589270,	0.0003727826656205,	
  0.0000187476796224,	0.0001106238300465,	-0.0000665157491064,	0.0000648392795924,	-0.0000685790301101,	-0.0000520064422381,	0.0000220894010857,	-0.0001193163063826,	-0.0001084270116744,	0.0001402700973142,	-0.0001564728535141,	-0.0000880590380900,	
  -0.0000581185180502,	-0.0002326109428503,	-0.0001598799792689,	-0.0000013758723669,	0.0000310409785661,	0.0001547622791416,	-0.0000046536387461,	0.0002591924214763,	0.0002985608589270,	-0.0001564728535141,	0.0003639978057755,	0.0003560432414503,	
  -0.0001467348860816,	-0.0002723492749811,	-0.0003063601214525,	0.0001381680114976,	0.0000802750113245,	0.0001742156123477,	0.0000510558816387,	0.0002955098663741,	0.0003727826656205,	-0.0000880590380900,	0.0003560432414503,	0.0004715770270073,	
};

const PROGMEM tinytype dC1_drho_data[4*4] = {
  -0.0000785930491168,	-0.0000003182754511,	0.0000048841677486,	-0.0000175123187674,	
  -0.0000003182754511,	-0.0000757802543159,	0.0000018776958617,	-0.0000025779017438,	
  0.0000048841677486,	0.0000018776958617,	-0.0000999470652884,	0.0000040796854094,	
  -0.0000175123187674,	-0.0000025779017438,	0.0000040796854094,	-0.0000813600466343,	
};

const PROGMEM tinytype dC2_drho_data[12*12] = {
  0.0000050529142857,	-0.0001005457954210,	-0.0000709853376987,	-0.0000194593455184,	0.0000375214857057,	0.0000457502918584,	0.0001307548768221,	0.0000538674671295,	-0.0000935883066360,	0.0000274226833592,	-0.0000041275936938,	0.0000392026104195,	
  0.0000285362160321,	-0.0000760002634591,	-0.0000129009725395,	-0.0000468902112461,	0.0000513143145924,	0.0000172612901246,	0.0001538040028171,	0.0000088786510077,	-0.0001837865076677,	0.0000458233535886,	-0.0000746613081025,	-0.0000462142342858,	
  -0.0000676499687766,	0.0000438917714381,	-0.0000857842968307,	0.0001407956576435,	0.0000033810972595,	-0.0000267739121833,	-0.0000132182277412,	-0.0000253699473030,	0.0000732260685120,	0.0000650458378138,	-0.0000336004502107,	0.0000448841605934,	
  -0.0000759560758732,	0.0001040789116444,	0.0001195136843452,	0.0001276883131483,	0.0001010115840412,	-0.0001119224538875,	-0.0000549300789217,	-0.0001002915952048,	0.0000370183727427,	0.0000265209691261,	-0.0001178142622020,	-0.0001038301473257,	
  -0.0000207494211381,	-0.0000018424994421,	-0.0000797660384439,	0.0000253694953261,	-0.0000690681582209,	0.0000429691054212,	-0.0000966632159908,	0.0000591804143057,	0.0001808371739279,	-0.0000462891196806,	0.0001347744858060,	0.0001317240047196,	
  0.0000765839231607,	-0.0000648467728342,	-0.0000803568245000,	-0.0000936614474088,	-0.0000484165698027,	0.0000514269979608,	0.0001431754094545,	0.0000130825628102,	-0.0002042486514301,	0.0000624048608902,	-0.0000499914475415,	-0.0000254690480927,	
  -0.0001122689935123,	0.0000617681547577,	-0.0001925976839341,	0.0002319931515426,	-0.0000361356393301,	-0.0000144288617890,	-0.0000538135266965,	-0.0000080642791441,	0.0001893601894161,	0.0000896716500331,	0.0000100561362946,	0.0001401357242282,	
  -0.0000076488148910,	0.0001327789910879,	-0.0000502531690888,	0.0001014989757543,	-0.0000618500230153,	-0.0000680007330438,	-0.0000111694459711,	-0.0001230032363816,	-0.0000651707988321,	0.0001281174856614,	-0.0001514008849865,	-0.0000865198375260,	
  -0.0001194674007573,	-0.0000060920038005,	0.0000081988589527,	0.0001404253979919,	0.0000907565636743,	-0.0000185054351457,	-0.0000963551017247,	0.0000493746817863,	0.0002531923341921,	-0.0000639477037275,	0.0000981351647489,	0.0001183264178343,	
  -0.0000492177286799,	-0.0002110351671236,	-0.0001320998737253,	0.0000023042492818,	0.0000816875102973,	0.0001130471231617,	0.0001172179113452,	0.0001830114245879,	0.0000794507553728,	-0.0000566067910934,	0.0001638068927088,	0.0002137626788180,	
  -0.0000554529388175,	0.0000364493086812,	0.0001893980497587,	0.0000518351726514,	0.0001613751694306,	-0.0000957008149969,	-0.0000050773585044,	-0.0000650515788507,	-0.0000207254803744,	-0.0000216891259473,	-0.0001017790970715,	-0.0001265456292679,	
  -0.0000535249130852,	-0.0001630550673777,	-0.0001681774273147,	0.0000512106008157,	0.0000608325579665,	0.0000859946676682,	0.0001365944354488,	0.0001305755524024,	0.0000290494464614,	0.0000127881063499,	0.0000853258184107,	0.0001761738386897,	
};

