#pragma once

typedef float tinytype;

const PROGMEM tinytype Adyn_data[12*12] = {
  -0.0665992153368477,	-0.1263208930614785,	0.0352464134972230,	0.0611735274378773,	0.1138527158496351,	-0.1164368836712367,	0.0664962534126221,	-0.0231118700194651,	0.1141871330518740,	-0.1339506730638696,	-0.0231750217120123,	-0.0802825911787362,	
  0.0334769580265300,	0.1131159595292377,	-0.0428142254585045,	0.0536115031869315,	0.0294707351056713,	0.0557879902565880,	-0.0659747025663757,	0.0172757369547888,	-0.1079507858144681,	-0.0504988256459789,	-0.1021866458520134,	-0.0307845054601521,	
  -0.0781357038045669,	0.0997208205956440,	-0.0809943088279797,	-0.1084171707001384,	-0.1176696484844893,	-0.0502714315109934,	-0.1148205022767207,	0.0757062522434564,	0.1406714709664765,	0.0753016447730060,	-0.0365335115897976,	-0.1080741121724199,	
  0.0735206748625167,	-0.0315097125853350,	-0.0095779033181860,	-0.1400860864821027,	0.0786724074010957,	-0.0713685359245260,	-0.0384423055871415,	0.1003201920109857,	-0.0901048182962323,	0.1408168802527185,	0.0353725387480681,	0.0511156464736606,	
  -0.0303577877994709,	-0.0808394181853756,	0.0029775073279739,	0.0491758875782858,	0.1110434805616813,	-0.0276487652307230,	0.0635888384981774,	-0.0708738417367570,	-0.1224149340482535,	0.0721882700886573,	0.0521037419911921,	0.1057941752998140,	
  -0.1275609911238360,	-0.0285782276109914,	0.1314004520545368,	0.1148166622861421,	0.0815256668776173,	0.0250027219601064,	-0.0465806299546231,	0.1197850302260429,	-0.0993700341143623,	0.0967728283374832,	-0.1342613548921835,	0.0646224531446046,	
  -0.0296768581004299,	-0.1295344887707996,	-0.0836266755942129,	0.1164525781685074,	0.1196292127792644,	0.0440404862758338,	-0.0099026171182992,	0.0864223255024416,	0.0766924754976078,	-0.1175403050168911,	-0.1224437530949339,	0.1227389490831635,	
  -0.0876516108882965,	0.0443464866113106,	-0.0593758337768380,	-0.0709138984315681,	0.1259108609511373,	0.0389299755404290,	-0.1202344095950961,	-0.1036097376281360,	0.0044582045102641,	0.0683900459475982,	-0.0685938452111430,	-0.0401059590532195,	
  0.1030125576789819,	0.0509036420287773,	-0.1082169207433242,	-0.0852653935559643,	0.1015177051835209,	0.1117405812419272,	-0.1095497740282656,	0.0078935851484450,	0.0791363701995796,	-0.0493274565733361,	0.1308772835262926,	-0.0409697199293517,	
  -0.0716770287824318,	0.0701249155373394,	0.0489768645392326,	0.0297170834525027,	-0.1354653370774382,	0.0999713106119102,	0.1161310959207605,	-0.0848299424288936,	-0.0451433664506512,	0.0475930648415826,	0.1093474700199113,	0.1058183536303206,	
  -0.1065420941693206,	-0.0144698340195885,	0.0582652340664254,	-0.1332442040633507,	-0.1083638485534130,	0.1395817399210159,	0.0422701763507274,	0.0744671730459092,	0.0670860838972077,	-0.1163899969590798,	-0.1282566521998978,	-0.0303888884929067,	
  0.0199637784475668,	-0.1382869345204871,	0.0330683386895911,	0.0206396811143465,	-0.0990117466759219,	-0.0249002184450104,	0.0525641516938543,	-0.0790816146712442,	0.0957636836068297,	-0.1115891195239735,	-0.0735453364401185,	0.1261122272960826,	
};

const PROGMEM tinytype Bdyn_data[12*4] = {
  0.1794679572764737,	-0.6729328015046521,	0.7150587543192928,	-0.9905457274934759,	
  0.1301206652419193,	-0.6809524280312438,	-0.6840342054427253,	0.3440049015593285,	
  -0.1364017932539865,	-0.7134362770349698,	-0.3358866586496549,	0.3435729949731556,	
  -0.6101739313831649,	0.4442744432440675,	0.6435178367344048,	0.6249455594875386,	
  -0.7179989729089955,	-0.1141526734878031,	-0.7805631542383660,	-0.5583868909528726,	
  -0.2126867687620944,	0.3884163937331329,	0.4735020675613220,	-0.1177944108438620,	
  -0.4804916696949519,	0.1541945576138573,	-0.2684550453557055,	0.5805824183968769,	
  0.3760842771142490,	-0.9669138028011108,	-0.0283983732769746,	0.8167334273281495,	
  -0.7399546054531330,	-0.2462539772133947,	0.4483306505194418,	0.1277731248647038,	
  0.3969856273106240,	-0.1255333788662376,	0.7381571305118426,	0.9079417022197456,	
  -0.9884572934315239,	0.5492067080206668,	-0.2494903553648140,	0.7536458567036743,	
  -0.1442658350372199,	0.2073786923304621,	-0.1250401913879984,	-0.2150971693767938,	
};

const PROGMEM tinytype Q_data[12] = {
  9.3997498514816371,8.0020829189187701,5.3565937745767718,5.3206163695455011,5.4393384944798315,6.8373949905619478,8.4308092414473172,3.8315487622251991,5.7461420553839107,2.3393089527659869,
  6.1527345653879548,3.7327323009503783,
};

const PROGMEM tinytype Qf_data[12] = {
  84.5977486633347269,72.0187462702689345,48.2093439711909468,47.8855473259095135,48.9540464503184864,61.5365549150575291,75.8772831730258588,34.4839388600267895,51.7152784984551985,21.0537805748938815,
  55.3746110884915907,33.5945907085534046,
};

const PROGMEM tinytype R_data[4] = {
  0.1000000000000000,0.1000000000000000,0.1000000000000000,0.1000000000000000,
};

const PROGMEM tinytype umin[4] = {
  -3.0,	
  -3.0,	
  -3.0,	
  -3.0,	
};

const PROGMEM tinytype umax[4] = {
  3.0,	
  3.0,	
  3.0,	
  3.0,	
};

const PROGMEM tinytype xmin[12] = {
  -10000.0,	
  -10000.0,	
  -10000.0,	
  -10000.0,	
  -10000.0,	
  -10000.0,	
  -10000.0,	
  -10000.0,	
  -10000.0,	
  -10000.0,	
  -10000.0,	
  -10000.0,	
};

const PROGMEM tinytype xmax[12] = {
  10000.0,	
  10000.0,	
  10000.0,	
  10000.0,	
  10000.0,	
  10000.0,	
  10000.0,	
  10000.0,	
  10000.0,	
  10000.0,	
  10000.0,	
  10000.0,	
};

const PROGMEM tinytype rho_value = 85.0;

const PROGMEM tinytype Kinf_data[4*12] = {
  0.0008682304550424,	0.0114141840906568,	0.0034448073815333,	0.0091322343459511,	-0.0093786794440632,	-0.0085651337575092,	0.0019934730232739,	-0.0124623448422805,	-0.0044017496091657,	0.0051902205855638,	0.0038300942649907,	-0.0079883600838883,	
  0.0025799009131172,	-0.0100035211338896,	0.0112602501341421,	-0.0009903822553617,	-0.0095187704494000,	0.0049456268549133,	0.0094672417425199,	0.0097089048366306,	-0.0071052352022270,	0.0046834647675073,	-0.0004510524922552,	0.0161711663228686,	
  -0.0013435313969361,	-0.0076214753201248,	0.0078095151543931,	-0.0032936488041561,	0.0077140165832718,	-0.0070833776877850,	0.0021234115467127,	0.0030655277894088,	0.0080811863527924,	0.0012723402744124,	0.0086307223023992,	-0.0042933348787844,	
  -0.0007760476376823,	0.0162566391320315,	-0.0095935072137530,	-0.0144585779120743,	-0.0110061577213686,	0.0201463548834064,	-0.0127632796041593,	0.0099131022049128,	-0.0025008914610529,	0.0065515955657734,	-0.0095044312048593,	0.0049251926888243,	
};

const PROGMEM tinytype Pinf_data[12*12] = {
  9.8475724903296431,	0.1255171190282035,	-0.2161389912215897,	-0.1322056909810152,	0.0401825645581720,	-0.0156908465546995,	-0.0935481348308317,	-0.0805049253455512,	-0.0815666157853686,	0.0469967035861548,	0.3436296830939127,	-0.0045930890228325,	
  0.1255171190282035,	8.6200131498352608,	-0.0889688707884543,	-0.2479075507820608,	-0.2867804155201316,	0.1968957180859929,	-0.2594349582258469,	-0.0093194188808746,	-0.2029386097254861,	0.2827133851917207,	0.1640987542123896,	-0.2802211996116318,	
  -0.2161389912215897,	-0.0889688707884542,	5.7105465067318493,	0.1109497227126401,	-0.1200057585045228,	-0.0310187487991280,	0.2006414250784868,	0.0117308415680419,	-0.1660544221077894,	0.0558885919776542,	-0.1393009874675499,	0.0584524885408066,	
  -0.1322056909810152,	-0.2479075507820607,	0.1109497227126401,	5.9266971294639736,	0.2689476154561838,	-0.0358765539885548,	0.1315048805302714,	0.0175418179454329,	-0.1338618210467577,	-0.1719641150035408,	-0.2495538715438469,	0.2584229165338228,	
  0.0401825645581720,	-0.2867804155201317,	-0.1200057585045227,	0.2689476154561838,	6.2322319072834667,	-0.0959408075743666,	-0.1410047567128759,	0.0622122800330544,	-0.1312355148269487,	-0.0181677205321490,	-0.0553404796343889,	0.1255241322286042,	
  -0.0156908465546995,	0.1968957180859930,	-0.0310187487991280,	-0.0358765539885548,	-0.0959408075743666,	7.2536635143835522,	-0.0769799895742431,	0.0381454460777790,	-0.0346971581845486,	-0.1316975305026389,	-0.0746007074055493,	0.0192718564391583,	
  -0.0935481348308317,	-0.2594349582258469,	0.2006414250784868,	0.1315048805302714,	-0.1410047567128759,	-0.0769799895742430,	8.8378233710954355,	-0.1534118924644088,	0.0119785745539413,	-0.1914770555729704,	0.0358853145135387,	0.1381772915320332,	
  -0.0805049253455511,	-0.0093194188808746,	0.0117308415680419,	0.0175418179454329,	0.0622122800330545,	0.0381454460777789,	-0.1534118924644088,	4.2299504953047133,	0.0258712306777882,	0.0147720893228191,	-0.2595468658953682,	-0.0043008712570499,	
  -0.0815666157853686,	-0.2029386097254861,	-0.1660544221077894,	-0.1338618210467578,	-0.1312355148269487,	-0.0346971581845486,	0.0119785745539413,	0.0258712306777882,	6.4625736234905116,	-0.4566730778419085,	-0.0534492159129572,	-0.1955007641599795,	
  0.0469967035861548,	0.2827133851917207,	0.0558885919776542,	-0.1719641150035406,	-0.0181677205321491,	-0.1316975305026389,	-0.1914770555729705,	0.0147720893228191,	-0.4566730778419086,	3.1160021516774128,	0.2420729744612892,	0.0695800534498217,	
  0.3436296830939127,	0.1640987542123896,	-0.1393009874675500,	-0.2495538715438470,	-0.0553404796343889,	-0.0746007074055493,	0.0358853145135387,	-0.2595468658953681,	-0.0534492159129572,	0.2420729744612892,	6.8143666087597659,	-0.0689485299187511,	
  -0.0045930890228325,	-0.2802211996116318,	0.0584524885408066,	0.2584229165338228,	0.1255241322286043,	0.0192718564391583,	0.1381772915320333,	-0.0043008712570500,	-0.1955007641599795,	0.0695800534498217,	-0.0689485299187511,	4.2071244892543831,	
};

const PROGMEM tinytype Quu_inv_data[4*4] = {
  0.0096369975876016,	0.0007769985850698,	-0.0002206231249592,	0.0004599833153371,	
  0.0007769985850698,	0.0095698282150546,	-0.0001888149828256,	-0.0003040426126911,	
  -0.0002206231249592,	-0.0001888149828256,	0.0095394904897494,	0.0004672193836945,	
  0.0004599833153371,	-0.0003040426126911,	0.0004672193836945,	0.0089291305696725,	
};

const PROGMEM tinytype AmBKt_data[12*12] = {
  -0.0648269417187467,	-0.1135483237816249,	0.0271185028612608,	0.0469013931234067,	0.0927123178301638,	-0.0865507250971770,	0.0583483302933608,	-0.0067144893636335,	0.1019399898341688,	-0.1261506373391776,	-0.0397519761838239,	-0.0600182129899500,	
  0.0344687158526195,	0.0940131029379808,	-0.0269525824193326,	0.0544696608057963,	0.0332720886724287,	0.0484945103170306,	-0.0539442364769918,	0.0241954179957107,	-0.1058282275830477,	-0.0493684206152919,	-0.0938188853619605,	-0.0233643380987788,	
  -0.0763613259715553,	0.0859955668250905,	-0.0665717780329305,	-0.1040168079633312,	-0.1193674995039836,	-0.0572122970525920,	-0.1026959714703250,	0.0785568466517176,	0.1385755333275380,	0.0775273646486676,	-0.0301684667040872,	-0.1007608792261384,	
  0.0742538363540779,	-0.0253557253499918,	-0.0115087555794260,	-0.1229184878077528,	0.0790928702660928,	-0.0868240680174563,	-0.0348220921615594,	0.0802347047583190,	-0.0932714432932849,	0.1369899096327521,	0.0382956818496125,	0.0387417817543410,	
  -0.0309219425705837,	-0.0706575230469636,	0.0074751942623018,	0.0449753864093700,	0.1030985881831992,	-0.0275135291071419,	0.0606314698349933,	-0.0707853107292064,	-0.1214750560387551,	0.0811009401792728,	0.0562319309246851,	0.1013034668511972,	
  -0.1278336549826588,	-0.0167413245244297,	0.1229315681534595,	0.1170000582566015,	0.0782791256763087,	0.0269871907740977,	-0.0523427592739774,	0.1130795308540080,	-0.1016674876643955,	0.0962268706769996,	-0.1384777820653983,	0.0592553516579772,	
  -0.0295676054472168,	-0.1339919222480750,	-0.0760414182676906,	0.1285034517428394,	0.1250514263709924,	0.0255642341919752,	-0.0024243908068259,	0.0740047958844620,	0.0792944689385434,	-0.1192307870714340,	-0.1126988082654084,	0.1123950550791172,	
  -0.0848879269678228,	0.0168874706815534,	-0.0417265648397723,	-0.0635907328325257,	0.1294423667368079,	0.0302778246717950,	-0.1013456182119268,	-0.0975444775171760,	0.0015155375418123,	0.0656518176123945,	-0.0624627271782780,	-0.0256100317322537,	
  0.1049918240003489,	0.0582259926552821,	-0.1051704908908067,	-0.0754277788710695,	0.0901817341463886,	0.1072221839631254,	-0.1050645349130242,	-0.0015781259957749,	0.0708260860590508,	-0.0457411541027910,	0.1309452994776615,	-0.0416030033815658,	
  -0.0700014968216375,	0.0552036384440355,	0.0519685587389849,	0.0415261678323981,	-0.1286382663215471,	0.0909293168613271,	0.1265490730620611,	-0.0899271391014277,	-0.0479824009824606,	0.0392328991473697,	0.1100289957398532,	0.1097170068389222,	
  -0.1068511173700886,	-0.0118466329078544,	0.0646645798135055,	-0.1135985421139539,	-0.1021871821661470,	0.1114488482430340,	0.0491899301213965,	0.0501103329432343,	0.0705383497699117,	-0.1184520220595894,	-0.1149067893625735,	-0.0519493510094285,	
  0.0192190968882882,	-0.1320219742617411,	0.0301431377783768,	0.0186406970461074,	-0.0997936107907141,	-0.0237137752417423,	0.0484086040030182,	-0.0803773308399064,	0.0970746743227811,	-0.1102432754837086,	-0.0738644350968851,	0.1221287801235730,	
};

const PROGMEM tinytype coeff_d2p_data[12*4] = {
  0.0047177002436328,	-0.0579609791743483,	0.0615995450823712,	-0.0808820028282939,	
  0.0147407726838508,	-0.0547880052595818,	-0.0497192567331584,	0.0272675713423933,	
  -0.0074750354910559,	-0.0374606712008748,	-0.0163831221042765,	0.0207271437427488,	
  -0.0326559757476201,	0.0217127310784597,	0.0345848020655929,	0.0286773294433750,	
  -0.0435417269412934,	-0.0055663155397993,	-0.0436552852701853,	-0.0362717639014272,	
  -0.0119093587240349,	0.0240014274479690,	0.0305815057845485,	-0.0083576595695939,	
  -0.0390370511769803,	0.0118880571639578,	-0.0191826464519577,	0.0416240142966552,	
  0.0158565489818795,	-0.0397234763432078,	0.0012784474814699,	0.0310168378604214,	
  -0.0469139278929740,	-0.0174409917331338,	0.0275258741373058,	0.0029950924548739,	
  0.0159621517975606,	-0.0053430606982624,	0.0176704003925161,	0.0269686071643469,	
  -0.0563330801326162,	0.0282389521318167,	-0.0114786985000215,	0.0374435875986912,	
  -0.0064554167951003,	0.0108432515434351,	-0.0036472150381601,	-0.0082092625685864,	
};

const PROGMEM tinytype dKinf_drho_data[4*12] = {
  -0.0000111504752981,	-0.0001105259828259,	-0.0000342680394517,	-0.0000790957680127,	0.0001043666338483,	0.0000684433270947,	-0.0000206428149550,	0.0001081883569434,	0.0000493221731105,	-0.0000561470520252,	-0.0000321022969359,	0.0000616725458969,	
  -0.0000252843939162,	0.0000901143234147,	-0.0001122551985968,	-0.0000031511348712,	0.0000964947365144,	-0.0000362984897066,	-0.0000954017355179,	-0.0000792349268884,	0.0000723235987321,	-0.0000466543832669,	0.0000006006542621,	-0.0001479225493819,	
  0.0000135006857331,	0.0000657385128854,	-0.0000667542972807,	0.0000405426272626,	-0.0000726068445551,	0.0000572180578216,	-0.0000121620510800,	-0.0000348443638938,	-0.0000782069332570,	-0.0000132331137833,	-0.0000778364875685,	0.0000401860279410,	
  0.0000076281930110,	-0.0001499475454833,	0.0000836642389605,	0.0001257599565339,	0.0000952719249426,	-0.0001712693435453,	0.0001149988595511,	-0.0000809229979072,	0.0000193213313337,	-0.0000603466990027,	0.0000785846347903,	-0.0000334495922000,	
};

const PROGMEM tinytype dPinf_drho_data[12*12] = {
  0.0000330951088695,	-0.0000095069493182,	0.0000194253356240,	0.0000094196528404,	-0.0000302516446517,	-0.0000038166508233,	0.0000367612514924,	0.0000120155582242,	-0.0000436751014472,	0.0000117148038539,	0.0000202113034417,	0.0000278288276115,	
  -0.0000095069493182,	0.0005788038160517,	-0.0002820676528723,	-0.0000862004023295,	-0.0002493399327214,	0.0002460778525996,	-0.0002980778497781,	-0.0001001126273709,	-0.0001104391570987,	0.0001133390665564,	-0.0001677350578575,	-0.0001493384546301,	
  0.0000194253356240,	-0.0002820676528723,	0.0003084602634740,	0.0001566891203049,	0.0000277357586686,	-0.0002165480112380,	0.0002490867865347,	-0.0000112415261588,	-0.0000257840478204,	0.0000210938663239,	0.0001487458192960,	0.0000795371536498,	
  0.0000094196528404,	-0.0000862004023295,	0.0001566891203049,	0.0003383395337611,	0.0000619033802753,	-0.0003424164617696,	0.0001805037644901,	-0.0002869039174050,	-0.0000499457049861,	-0.0000511747657148,	0.0001201682051686,	-0.0001378205095353,	
  -0.0000302516446517,	-0.0002493399327214,	0.0000277357586686,	0.0000619033802753,	0.0003749278311180,	-0.0002398874327669,	0.0000459234761450,	-0.0000680924899778,	0.0001862084213924,	-0.0001510484769219,	0.0001465905072489,	-0.0001661748033463,	
  -0.0000038166508233,	0.0002460778525996,	-0.0002165480112380,	-0.0003424164617696,	-0.0002398874327669,	0.0005661853060470,	-0.0002460352270144,	0.0003258961137444,	-0.0001163014503782,	0.0001018511226603,	-0.0002889037017375,	0.0002745667369876,	
  0.0000367612514924,	-0.0002980778497781,	0.0002490867865347,	0.0001805037644901,	0.0000459234761450,	-0.0002460352270144,	0.0002649741165269,	-0.0000485700206576,	-0.0000239739443274,	-0.0000285241141741,	0.0001468690935226,	0.0000636774616871,	
  0.0000120155582242,	-0.0001001126273709,	-0.0000112415261588,	-0.0002869039174050,	-0.0000680924899778,	0.0003258961137444,	-0.0000485700206576,	0.0003694385815169,	-0.0000118263713231,	0.0000475548968810,	-0.0001138583850162,	0.0002877634056270,	
  -0.0000436751014472,	-0.0001104391570987,	-0.0000257840478204,	-0.0000499457049861,	0.0001862084213924,	-0.0001163014503782,	-0.0000239739443274,	-0.0000118263713231,	0.0001961864913145,	-0.0000741518261754,	0.0000787510860111,	-0.0001223169070618,	
  0.0000117148038539,	0.0001133390665564,	0.0000210938663239,	-0.0000511747657148,	-0.0001510484769219,	0.0001018511226603,	-0.0000285241141741,	0.0000475548968810,	-0.0000741518261754,	0.0001009251421330,	-0.0000321390410056,	0.0000627520390571,	
  0.0000202113034417,	-0.0001677350578575,	0.0001487458192960,	0.0001201682051686,	0.0001465905072489,	-0.0002889037017375,	0.0001468690935226,	-0.0001138583850162,	0.0000787510860111,	-0.0000321390410056,	0.0002126794949478,	-0.0001332229222690,	
  0.0000278288276115,	-0.0001493384546301,	0.0000795371536498,	-0.0001378205095353,	-0.0001661748033463,	0.0002745667369876,	0.0000636774616871,	0.0002877634056270,	-0.0001223169070618,	0.0000627520390571,	-0.0001332229222690,	0.0003768933262419,	
};

const PROGMEM tinytype dC1_drho_data[4*4] = {
  -0.0000939009345142,	-0.0000147850079157,	0.0000041153083711,	-0.0000082022791307,	
  -0.0000147850079157,	-0.0000923413462705,	0.0000039302936440,	0.0000053604395326,	
  0.0000041153083711,	0.0000039302936440,	-0.0000913262734515,	-0.0000085978868753,	
  -0.0000082022791307,	0.0000053604395326,	-0.0000085978868753,	-0.0000802996833668,	
};

const PROGMEM tinytype dC2_drho_data[12*12] = {
  -0.0000171112545351,	-0.0001150600431864,	0.0000612163088704,	0.0001076552809848,	0.0001924933648132,	-0.0002472742181214,	0.0000621139767721,	-0.0001279782871418,	0.0001148783867291,	-0.0000716323791080,	0.0001396648696898,	-0.0001724789031141,	
  -0.0000091557671125,	0.0001722953637931,	-0.0001464246009416,	-0.0000073832766313,	-0.0000303115050899,	0.0000644331664328,	-0.0001101574169312,	-0.0000640295856678,	-0.0000173117539498,	-0.0000127558660255,	-0.0000756901302722,	-0.0000697576504969,	
  -0.0000176458895876,	0.0001228135018742,	-0.0001359278040131,	-0.0000426269358366,	0.0000259581105830,	0.0000615014367587,	-0.0001144743492823,	-0.0000256727855620,	0.0000254189587125,	-0.0000246548183466,	-0.0000570940783933,	-0.0000721307398434,	
  -0.0000090256567461,	-0.0000560704172206,	0.0000196346378573,	-0.0001515452372224,	0.0000079956870430,	0.0001281020002088,	-0.0000342526844455,	0.0001742112059928,	0.0000362163539979,	0.0000326970290076,	-0.0000188767905228,	0.0000983929364028,	
  0.0000039053098447,	-0.0001014864339671,	-0.0000428075787299,	0.0000447184014879,	0.0000824746344182,	-0.0000059735796523,	0.0000290087235945,	-0.0000037503173683,	-0.0000065874705874,	-0.0000896653349363,	-0.0000398565142921,	0.0000400849890633,	
  0.0000019552704348,	-0.0001072995992233,	0.0000777768783520,	-0.0000199818687241,	0.0000303192558331,	-0.0000186115215460,	0.0000519701236955,	0.0000607529781001,	0.0000217055916619,	0.0000053369951109,	0.0000390515307844,	0.0000476041353676,	
  -0.0000022634621050,	0.0000377027917813,	-0.0000656508808990,	-0.0000996491166521,	-0.0000395365433874,	0.0001532799240580,	-0.0000652395521865,	0.0001018295233078,	-0.0000196656830877,	0.0000116993975009,	-0.0000820379589899,	0.0000826503837028,	
  -0.0000261011137403,	0.0002530339070629,	-0.0001658805241971,	-0.0000748612167235,	-0.0000258222394729,	0.0000806683278023,	-0.0001787506119098,	-0.0000521982903076,	0.0000333800652181,	0.0000249166237306,	-0.0000537391777026,	-0.0001377618116820,	
  -0.0000215046773884,	-0.0000699065232634,	-0.0000337621264560,	-0.0000935485023913,	0.0001213674663083,	0.0000379373177729,	-0.0000480089461682,	0.0000865041377437,	0.0000868999613594,	-0.0000393916003449,	0.0000012491497899,	-0.0000045343008661,	
  -0.0000156390389578,	0.0001428078597830,	-0.0000271749462434,	-0.0001131052279355,	-0.0000622248369649,	0.0000815389727390,	-0.0000992159569327,	0.0000462981292896,	0.0000296851948669,	0.0000809922922133,	-0.0000010751561210,	-0.0000423456551461,	
  0.0000004839249377,	-0.0000293331334288,	-0.0000519289458456,	-0.0001611156400604,	-0.0000397495951074,	0.0002309404646138,	-0.0000577119963682,	0.0002027498731962,	-0.0000250410607088,	0.0000123024425785,	-0.0001107060702462,	0.0001774359071460,	
  0.0000069637429688,	-0.0000586662501114,	0.0000279845998362,	0.0000213627297524,	0.0000064595349440,	-0.0000122834270318,	0.0000400214181970,	0.0000102762654634,	-0.0000135059150639,	-0.0000130600515687,	0.0000024148156279,	0.0000374031822155,	
};

