#pragma once

typedef float tinytype;

const PROGMEM tinytype Adyn_data[12*12] = {
  0.0363658162668428,	0.1028776551182526,	0.0535249978523597,	-0.0645792914409933,	0.0075603330151378,	0.0593762426361428,	0.1220930980248214,	-0.0531082784292857,	0.0086411534813528,	-0.0203171394856662,	-0.1067183786086258,	-0.0746064241553776,	
  -0.0136036000472440,	-0.0754049121165682,	0.1498753946879975,	0.0004071387549368,	0.1210790222873229,	-0.0249383607771524,	0.0866286053514535,	0.0112429236519871,	0.0489220294633025,	0.0165201924910991,	-0.1067001408104490,	-0.1509108514907287,	
  0.0115523991802777,	-0.0412219609098187,	-0.1046609249026037,	-0.0501676692555840,	-0.0530267346472723,	-0.1522349026321332,	-0.0712240917075762,	0.1456738432819930,	-0.0570919948115193,	-0.0841807281917243,	0.0499853250941771,	0.0070031084240442,	
  0.0498631054327992,	0.1439851704162896,	-0.0093941987257584,	-0.1313872307795918,	-0.1043736028080346,	0.1384484844944261,	0.1488352851593288,	-0.1195001268968428,	0.1054170685244232,	0.0995065557675835,	0.0437125256262553,	-0.0667846176559719,	
  -0.1481817256630550,	-0.0777402409925852,	0.0045833177417342,	-0.0126908934018756,	-0.0450635757094067,	0.0704133162263128,	-0.0437904324224508,	-0.0874494642745880,	0.0320698072916050,	0.1317883578085202,	0.1277083222306853,	-0.1296680903242712,	
  -0.0401369720397996,	0.0299801081903053,	0.0398997810513122,	0.1160684413910112,	0.0646383909648497,	0.0284415936505973,	-0.0912696826608316,	0.0675562995354517,	-0.1056528432734000,	-0.0236518110712767,	0.0535080537239362,	0.0678191565229140,	
  -0.1422091530892192,	0.0939671116429752,	0.0482756720466431,	-0.0432948861532125,	0.0330484409343991,	0.0039751456009522,	0.1204738502827007,	0.0637398625752552,	-0.0533167999534359,	-0.0978695767024293,	0.0661826195213002,	0.0007912567182299,	
  0.1143640769258553,	-0.0192033097080748,	0.1232484229409747,	-0.1250520939029925,	0.0284613952926944,	-0.0054278748471673,	0.0637906884028553,	-0.0453758061292522,	-0.1157038861244078,	-0.0347281105147813,	-0.1474637004982384,	0.1074726028401309,	
  0.0265978688887759,	0.0005806271935042,	-0.1349862172024010,	-0.1080714314817742,	0.1232531138669868,	0.0388655290989596,	0.0750095916066136,	0.0705000361923628,	0.0460717496618186,	-0.0139520889214318,	-0.0877539508645546,	-0.0389939378905154,	
  0.0994748361484265,	0.0242130851765536,	0.0231575857206191,	-0.0922597743592907,	0.0599127853838146,	-0.0035203105729712,	-0.0287954402698487,	0.0715333197480202,	0.0219913966615475,	0.1507906139904687,	0.1290068023898429,	-0.0293703667997825,	
  -0.0931193301038330,	0.0479398393216361,	0.0207662040506793,	-0.1524649816248943,	0.0824274196617061,	-0.0049953809940498,	0.0159090794888322,	-0.0008955722858636,	0.0552408546846929,	-0.0236106886068333,	0.0520600294050438,	-0.0836577732484594,	
  0.0594162869160313,	-0.0259276310388846,	0.1454147814711206,	-0.0408668626205538,	0.1339745482580047,	-0.0409145053892808,	0.0296516814407719,	0.0084617502418394,	-0.0230501250660450,	-0.1176302303163801,	-0.0440507037643594,	0.0198365394728470,	
};

const PROGMEM tinytype Bdyn_data[12*4] = {
  0.1417163388209330,	0.4410307763474735,	0.2701871471922648,	0.3351629541171397,	
  -0.2401086312648442,	-0.8599945667760907,	-0.2764200031593316,	-0.2059330522824352,	
  -0.4095131429496219,	-0.7298758160368128,	-0.5451688240467716,	0.4844148767142460,	
  0.6835761087572880,	-0.4039198067170167,	0.8881098207679925,	0.5224818139428902,	
  -0.2503165658172080,	0.8446319978076486,	0.2388437213194403,	0.6111583597104622,	
  -0.7221821283894483,	0.9166761240293615,	-0.7536682320570478,	0.8373677873890635,	
  -0.8848200857868884,	0.6309232894417762,	-0.1169334098825032,	-0.1364642417587620,	
  -0.6797576749419221,	-0.7015581917034366,	-0.4024302346262156,	-0.5054720515365367,	
  -0.3722924826454810,	0.9542085452008280,	0.5771862369016028,	-0.9397648660366755,	
  -0.5099912847442334,	0.9442030778694801,	-0.9600409303825312,	0.9771398910945495,	
  0.9718606475983951,	0.3022999778953113,	-0.4172346936334710,	-0.3071868234896080,	
  -0.7610483939604069,	0.7604141800225825,	0.2799676956300494,	-0.7808075994995667,	
};

const PROGMEM tinytype Q_data[12] = {
  5.4047433756940313,2.5975974767702033,5.6577996934697747,5.3948667349520711,8.5302368171476441,9.0134966470239402,2.3138509703775236,8.7510605319451962,8.5485770882775860,2.1894716611448986,
  3.2191349400212781,8.8593590304884593,
};

const PROGMEM tinytype Qf_data[12] = {
  48.6426903812462825,23.3783772909318301,50.9201972412279744,48.5538006145686438,76.7721313543287920,81.1214698232154632,20.8246587333977118,78.7595447875067691,76.9371937944982704,19.7052449503040883,
  28.9722144601915019,79.7342312743961372,
};

const PROGMEM tinytype R_data[4] = {
  0.1000000000000000,0.1000000000000000,0.1000000000000000,0.1000000000000000,
};

const PROGMEM tinytype umin[4] = {
  -3.0,	
  -3.0,	
  -3.0,	
  -3.0,	
};

const PROGMEM tinytype umax[4] = {
  3.0,	
  3.0,	
  3.0,	
  3.0,	
};

const PROGMEM tinytype xmin[12] = {
  -10000.0,	
  -10000.0,	
  -10000.0,	
  -10000.0,	
  -10000.0,	
  -10000.0,	
  -10000.0,	
  -10000.0,	
  -10000.0,	
  -10000.0,	
  -10000.0,	
  -10000.0,	
};

const PROGMEM tinytype xmax[12] = {
  10000.0,	
  10000.0,	
  10000.0,	
  10000.0,	
  10000.0,	
  10000.0,	
  10000.0,	
  10000.0,	
  10000.0,	
  10000.0,	
  10000.0,	
  10000.0,	
};

const PROGMEM tinytype rho_value = 85.0;

const PROGMEM tinytype Kinf_data[4*12] = {
  -0.0041035757026587,	0.0088002279652268,	-0.0133717227815601,	-0.0018486608024892,	-0.0152689956738889,	0.0077615694098673,	0.0027702278410743,	-0.0114468641609923,	0.0191898383415511,	0.0134606389231274,	0.0078179204182060,	-0.0109314824588050,	
  -0.0136242811994552,	0.0020702147231093,	-0.0028237769767816,	0.0037698670563576,	0.0189320598715215,	0.0109749410990072,	-0.0038477729790235,	0.0054135844574121,	0.0032516867117120,	0.0034703826599266,	0.0119887610782916,	-0.0095669578600323,	
  0.0009633524077086,	0.0046892500389293,	-0.0064668976173028,	-0.0101104762009767,	-0.0056122036158954,	0.0127236483465540,	0.0166162786076992,	-0.0145894887517913,	0.0165218635819011,	0.0061703079164765,	-0.0046327847806583,	-0.0125227619466442,	
  -0.0138579005312837,	0.0052045160911172,	-0.0048615928442447,	0.0155331855657875,	-0.0197813085560688,	0.0059059514119182,	-0.0143453074883146,	-0.0019189740232854,	-0.0009518995413451,	0.0172654333135328,	0.0271542372312024,	-0.0065738206176903,	
};

const PROGMEM tinytype Pinf_data[12*12] = {
  5.8574494399310968,	0.0983215092122077,	0.1215610553512722,	-0.1928418681584898,	0.0924857250348182,	-0.0374417492477937,	0.1682966773360249,	0.0020742692619621,	-0.0694786250553997,	-0.1224989361839503,	-0.3259775458467675,	0.2173154773198649,	
  0.0983215092122078,	2.8864756522493438,	0.0020344866185180,	-0.1049943912526320,	-0.0217991271564321,	0.1400229007423163,	0.1999220965747154,	-0.0391191943472726,	0.0450919024401445,	-0.0149348732543076,	-0.0427963748111175,	0.0242512122105356,	
  0.1215610553512722,	0.0020344866185180,	6.3084385557145648,	-0.0252193408663563,	0.1567046202791639,	0.0320673197618474,	0.1332456853203084,	-0.2305419340716214,	-0.1610824719343658,	-0.1149349586599253,	-0.1858236773184641,	0.0855728603793507,	
  -0.1928418681584897,	-0.1049943912526320,	-0.0252193408663563,	5.9824834968765934,	-0.0694426647810483,	-0.0785497936177362,	-0.3407641921797500,	0.1055359621741712,	-0.1004724447317916,	-0.0342119352238680,	0.1770670993494085,	0.1161893903431016,	
  0.0924857250348182,	-0.0217991271564320,	0.1567046202791639,	-0.0694426647810483,	8.9341069755761495,	-0.0497493718835552,	0.0695367868439249,	0.1545502857187678,	-0.0575544239958237,	-0.1875100931645441,	-0.2009414787305872,	0.0312000685363119,	
  -0.0374417492477937,	0.1400229007423163,	0.0320673197618474,	-0.0785497936177362,	-0.0497493718835552,	9.3248476702364282,	0.1685354880713236,	-0.2421870004318633,	0.1153420874506494,	0.2332354855111913,	0.0053770258321916,	-0.1105781689728382,	
  0.1682966773360249,	0.1999220965747154,	0.1332456853203083,	-0.3407641921797500,	0.0695367868439248,	0.1685354880713236,	2.7454885808431979,	-0.1619199932855037,	0.1062679654872227,	-0.0128702754808415,	-0.2751963939852750,	-0.0997041617073182,	
  0.0020742692619622,	-0.0391191943472726,	-0.2305419340716213,	0.1055359621741711,	0.1545502857187677,	-0.2421870004318633,	-0.1619199932855037,	9.1595304580494208,	-0.0937165892746783,	-0.2141729203073312,	0.0359560074161288,	0.0984798881890036,	
  -0.0694786250553998,	0.0450919024401445,	-0.1610824719343658,	-0.1004724447317916,	-0.0575544239958238,	0.1153420874506494,	0.1062679654872226,	-0.0937165892746783,	8.8405632105581677,	0.1893730984055235,	0.1047511290307404,	-0.2593429072424487,	
  -0.1224989361839503,	-0.0149348732543076,	-0.1149349586599253,	-0.0342119352238680,	-0.1875100931645440,	0.2332354855111913,	-0.0128702754808414,	-0.2141729203073312,	0.1893730984055235,	2.6188169863063582,	0.2129082239355364,	-0.2097037234328537,	
  -0.3259775458467675,	-0.0427963748111175,	-0.1858236773184641,	0.1770670993494085,	-0.2009414787305872,	0.0053770258321916,	-0.2751963939852750,	0.0359560074161288,	0.1047511290307404,	0.2129082239355363,	3.7584257689479674,	-0.1438293285457767,	
  0.2173154773198649,	0.0242512122105356,	0.0855728603793507,	0.1161893903431017,	0.0312000685363119,	-0.1105781689728382,	-0.0997041617073182,	0.0984798881890037,	-0.2593429072424487,	-0.2097037234328537,	-0.1438293285457767,	9.2629077088044696,	
};

const PROGMEM tinytype Quu_inv_data[4*4] = {
  0.0090686069080448,	0.0009539752932206,	-0.0007826891116581,	-0.0003428070242954,	
  0.0009539752932206,	0.0078880675125222,	-0.0002674900154445,	-0.0001809553819213,	
  -0.0007826891116581,	-0.0002674900154445,	0.0095534544191557,	0.0008391694849156,	
  -0.0003428070242954,	-0.0001809553819213,	0.0008391694849156,	0.0086060234657382,	
};

const PROGMEM tinytype AmBKt_data[12*12] = {
  0.0473404567472171,	0.0977061545453537,	0.0600420604387883,	-0.0684543610345168,	0.0095208852129156,	0.0480187922718851,	0.1237160085031682,	-0.0492885667581259,	0.0003425922089238,	-0.0312091490374994,	-0.1209630937370563,	-0.0632511411677440,	
  -0.0288932216793134,	-0.0691435436162127,	0.1414475532622688,	0.0036093829777296,	0.1280693226723362,	-0.0089030497368075,	0.0856235959387554,	0.0087220792814456,	0.0606970541921081,	0.0279978382260534,	-0.0902013606780719,	-0.1665784354036247,	
  0.0071660605152160,	-0.0360718643279562,	-0.1133683507217421,	-0.0612096079488196,	-0.0389387747075404,	-0.1369704881766922,	-0.0568902860137077,	0.1379132914746956,	-0.0373918570683975,	-0.0811352445034915,	0.0462576067196996,	-0.0080987313900503,	
  0.0535500329877501,	0.1319219115388721,	0.0068892211817085,	-0.1277374002130570,	-0.0709694210726206,	0.1231901079074905,	0.1381255139353263,	-0.0955289727794688,	0.0794368950659013,	0.0772061549104069,	0.0331377066021369,	-0.0486201115947070,	
  -0.1294621337085956,	-0.0815867491942208,	0.0081369874058338,	-0.0234162066199082,	-0.0514463301353932,	0.0564379441027784,	-0.0350484855474019,	-0.0902298858542841,	0.0307624810615557,	0.1202009292702050,	0.1040501584724810,	-0.1173152342521173,	
  -0.0182812401804458,	0.0336138038071205,	0.0320284967159362,	0.0906506905246993,	0.0485913189079128,	0.0286303499870068,	-0.0612064522893469,	0.0449383280325121,	-0.0815259348190872,	-0.0269191477632988,	0.0219345388303039,	0.0647611348727782,	
  -0.1390226627902567,	0.1017061437620958,	0.0368060598358038,	-0.0463716433544000,	0.0042377540034385,	0.0062121629410164,	0.1253380297116068,	0.0482280207295620,	-0.0365867528251105,	-0.0850712488486776,	0.0686999390332045,	-0.0052065427073646,	
  0.0953993144896436,	-0.0072510776906717,	0.1071179734492581,	-0.1198811242917338,	0.0191067009475710,	0.0156533455261182,	0.0624100762785844,	-0.0562001944919837,	-0.0942104599576825,	-0.0119331500535441,	-0.1218772602141144,	0.0849676454614645,	
  0.0244913422581018,	0.0040659201146275,	-0.1381060868008463,	-0.0919237435968698,	0.0841529561529523,	0.0294890113926695,	0.0566406011727404,	0.0676902339109763,	0.0396824409605369,	0.0004117677901571,	-0.0680905984023805,	-0.0328846535010151,	
  0.1247121017037877,	0.0261627533128671,	0.0175463124498691,	-0.1216466615654813,	0.0481911819695182,	-0.0034802685060859,	0.0062201106464724,	0.0484525953943193,	0.0454995986689079,	0.1434316810646602,	0.0906928971360493,	-0.0315109981935877,	
  -0.0888676268562919,	0.0423166947764970,	0.0304236516212971,	-0.1512548231755766,	0.0831254310087419,	-0.0087332913450500,	0.0169061842266104,	0.0019159336646044,	0.0422091048391530,	-0.0298634703202251,	0.0472463633362822,	-0.0773861262952133,	
  0.0555633022331076,	-0.0180535651225771,	0.1354000471634293,	-0.0301814072638063,	0.0940837365047863,	-0.0423038750547777,	0.0188329136891045,	-0.0017801976842968,	-0.0162871965708058,	-0.0982714662158101,	-0.0247180470426814,	0.0171650824295002,	
};

const PROGMEM tinytype coeff_d2p_data[12*4] = {
  0.0012931967481942,	0.0192123922435989,	0.0162477585039794,	0.0161799240397921,	
  -0.0107602766769984,	-0.0172325709316055,	-0.0078712263770453,	-0.0050313817035924,	
  -0.0276075578620010,	-0.0369642445217725,	-0.0246504382260079,	0.0277163659151243,	
  0.0333875496028745,	-0.0196770329859704,	0.0500208086086010,	0.0280893163475606,	
  -0.0199876044334823,	0.0523206072160449,	0.0258049197933126,	0.0471872835917977,	
  -0.0509843734075786,	0.0641456970940439,	-0.0598979805247836,	0.0636072331505901,	
  -0.0247969597284346,	0.0125690467384020,	-0.0039489275051307,	-0.0011743060479913,	
  -0.0536508566161521,	-0.0562652142669969,	-0.0271202680242876,	-0.0422115475332890,	
  -0.0217219453811920,	0.0659760912541752,	0.0383152116912678,	-0.0655705980906803,	
  -0.0051108540029064,	0.0214902509618048,	-0.0234492829143708,	0.0195998390451537,	
  0.0391702015550054,	0.0117559453001576,	-0.0196846265576241,	-0.0126189623292740,	
  -0.0556745329320990,	0.0438039991752076,	0.0251814348724100,	-0.0573999537345850,	
};

const PROGMEM tinytype dKinf_drho_data[4*12] = {
  0.0000481279999863,	-0.0000753190658769,	0.0001174990816558,	0.0000080288428564,	0.0001106861756854,	-0.0000684153972739,	-0.0000135318418016,	0.0000865729213659,	-0.0001627934360773,	-0.0001128217691041,	-0.0000757444153110,	0.0000957686226029,	
  0.0001076563461236,	-0.0000219229959732,	0.0000307400451607,	-0.0000271403715590,	-0.0001379735489541,	-0.0000887383312540,	0.0000298806441691,	-0.0000340574110593,	-0.0000390499045009,	-0.0000345200281314,	-0.0000977168762112,	0.0000804206234091,	
  -0.0000047576559469,	-0.0000425816706575,	0.0000552924862567,	0.0000844575026455,	0.0000615221078517,	-0.0001181772376727,	-0.0001454788836207,	0.0001325224631897,	-0.0001425381700434,	-0.0000637127176508,	0.0000296941743245,	0.0001148409836729,	
  0.0001141752811495,	-0.0000455481950238,	0.0000421222457127,	-0.0001254863561495,	0.0001730790760283,	-0.0000566368848448,	0.0001093298734313,	0.0000256113397554,	0.0000015987751542,	-0.0001478613830943,	-0.0002242369251162,	0.0000613724084475,	
};

const PROGMEM tinytype dPinf_drho_data[12*12] = {
  0.0004283509944577,	-0.0001205859107411,	0.0001651488305329,	-0.0002889664735818,	0.0000795194966453,	-0.0002560668994962,	0.0002606642169951,	-0.0000174471752143,	-0.0000836278916227,	-0.0003372611092477,	-0.0005839978786260,	0.0002595092874332,	
  -0.0001205859107411,	0.0001476316071997,	-0.0001872364397711,	0.0000189780782793,	-0.0002037851540035,	0.0001838730003998,	0.0000275665015864,	-0.0001504964199664,	0.0002611466398585,	0.0002484839836387,	0.0002129212942212,	-0.0002114098237838,	
  0.0001651488305329,	-0.0001872364397711,	0.0002692248907374,	-0.0000046383422196,	0.0002665869427351,	-0.0002505156862016,	-0.0000667666198426,	0.0002208016926801,	-0.0003741178777633,	-0.0003184620559454,	-0.0002456885927391,	0.0002919821686201,	
  -0.0002889664735818,	0.0000189780782793,	-0.0000046383422196,	0.0003951272454995,	-0.0001638633180906,	-0.0000166427763878,	-0.0004065176312041,	0.0001672578433930,	-0.0002233088296100,	0.0001690582838780,	0.0004877790654079,	0.0000157494969661,	
  0.0000795194966453,	-0.0002037851540035,	0.0002665869427351,	-0.0001638633180906,	0.0010530927795208,	-0.0000879445359816,	0.0000838325735752,	0.0004243140152325,	-0.0002815540093735,	-0.0004951867423967,	-0.0003958743102885,	0.0001728248640297,	
  -0.0002560668994962,	0.0001838730003998,	-0.0002505156862016,	-0.0000166427763878,	-0.0000879445359816,	0.0003858729051463,	0.0001055436189099,	-0.0002227699086019,	0.0003973563953489,	0.0003380504262773,	0.0003023302057230,	-0.0003957689494609,	
  0.0002606642169951,	0.0000275665015864,	-0.0000667666198426,	-0.0004065176312041,	0.0000838325735752,	0.0001055436189099,	0.0005135956837006,	-0.0002582174656999,	0.0003311136496708,	-0.0001274279916763,	-0.0004997919349256,	-0.0001067187564643,	
  -0.0000174471752143,	-0.0001504964199664,	0.0002208016926801,	0.0001672578433930,	0.0004243140152325,	-0.0002227699086019,	-0.0002582174656999,	0.0004083430155935,	-0.0004302401858782,	-0.0002565407770428,	-0.0000083853448367,	0.0002627515380714,	
  -0.0000836278916227,	0.0002611466398585,	-0.0003741178777633,	-0.0002233088296100,	-0.0002815540093735,	0.0003973563953489,	0.0003311136496708,	-0.0004302401858782,	0.0006716474966476,	0.0003746983724889,	0.0000955598912321,	-0.0004502248350749,	
  -0.0003372611092477,	0.0002484839836387,	-0.0003184620559454,	0.0001690582838780,	-0.0004951867423967,	0.0003380504262773,	-0.0001274279916763,	-0.0002565407770428,	0.0003746983724889,	0.0005646879076227,	0.0006089302626014,	-0.0003863621252607,	
  -0.0005839978786260,	0.0002129212942212,	-0.0002456885927391,	0.0004877790654079,	-0.0003958743102885,	0.0003023302057230,	-0.0004997919349256,	-0.0000083853448367,	0.0000955598912321,	0.0006089302626014,	0.0009830988896089,	-0.0003291158182515,	
  0.0002595092874332,	-0.0002114098237838,	0.0002919821686201,	0.0000157494969661,	0.0001728248640297,	-0.0003957689494609,	-0.0001067187564643,	0.0002627515380714,	-0.0004502248350749,	-0.0003863621252607,	-0.0003291158182515,	0.0004202166797244,	
};

const PROGMEM tinytype dC1_drho_data[4*4] = {
  -0.0000841079408511,	-0.0000164030420668,	0.0000152394523872,	0.0000068694576185,	
  -0.0000164030420668,	-0.0000634350637158,	0.0000056383248322,	0.0000035266597843,	
  0.0000152394523872,	0.0000056383248322,	-0.0000927821107180,	-0.0000155261628436,	
  0.0000068694576185,	0.0000035266597843,	-0.0000155261628436,	-0.0000749499964620,	
};

const PROGMEM tinytype dC2_drho_data[12*12] = {
  -0.0000912821528920,	0.0000471137459099,	-0.0000592659810793,	0.0000300709670541,	-0.0000294676353928,	0.0000997444710918,	-0.0000085973994284,	-0.0000416382695766,	0.0000782688307697,	0.0000979850982428,	0.0001209632969968,	-0.0001006382640216,	
  0.0001263371738179,	-0.0000580887196051,	0.0000786071273463,	-0.0000239088228057,	-0.0000394311526561,	-0.0001370715691188,	0.0000047494406951,	0.0000334037982467,	-0.0001117419755856,	-0.0001048375327441,	-0.0001401926011733,	0.0001365391245471,	
  0.0000403828815771,	-0.0000479951880085,	0.0000802929310166,	0.0000903098709759,	-0.0001056782570341,	-0.0001297757624032,	-0.0001160038765860,	0.0000704356698607,	-0.0001736494695868,	-0.0000345052646571,	0.0000224725221923,	0.0001307935941245,	
  -0.0000448438074669,	0.0001042464851248,	-0.0001390169593276,	-0.0000258940573429,	-0.0002764617322702,	0.0001454700691372,	0.0000933977824498,	-0.0002040116038875,	0.0002212628913938,	0.0001970177167214,	0.0001030953184767,	-0.0001670390324348,	
  -0.0001475256003225,	0.0000376707788143,	-0.0000355016849257,	0.0000814532699876,	0.0000237705642904,	0.0001206657235764,	-0.0000606965405256,	0.0000031318728507,	0.0000253001471588,	0.0001064996654690,	0.0001935267226967,	-0.0001088906674707,	
  -0.0001631212173234,	-0.0000282496574833,	0.0000630774500943,	0.0001994083865272,	0.0001078490513335,	-0.0000097045945102,	-0.0002383554546245,	0.0001721728918142,	-0.0001905356484831,	0.0000259619281791,	0.0002450217979756,	0.0000306034456096,	
  -0.0000103137607122,	-0.0000640070134427,	0.0000967846563814,	0.0000169790772571,	0.0002158011715563,	-0.0000260960147482,	-0.0000329173633818,	0.0001170804090922,	-0.0001358547064978,	-0.0001056754145742,	-0.0000324964079831,	0.0000558026436058,	
  0.0001640403578805,	-0.0001067384618069,	0.0001449798192231,	-0.0000430244757177,	0.0000906882958605,	-0.0001849474504497,	0.0000084827315184,	0.0001012322144272,	-0.0001946094010481,	-0.0002012889925311,	-0.0002214375876436,	0.0001987567245774,	
  0.0000252350585100,	-0.0000253486510789,	0.0000220825555739,	-0.0001377887245051,	0.0003000070913445,	0.0000741892564681,	0.0001531626142633,	0.0000123068159263,	0.0000604285227892,	-0.0001112442198247,	-0.0001628258507601,	-0.0000496931098042,	
  -0.0001932373590467,	-0.0000140854952884,	0.0000428223857159,	0.0002334210460432,	0.0000766653066883,	-0.0000092170765732,	-0.0002816107809789,	0.0001785096748558,	-0.0001845568979562,	0.0000583702368805,	0.0003012540509345,	0.0000231903790372,	
  -0.0000462301374718,	0.0000480686016815,	-0.0000874761061405,	-0.0000029075375910,	0.0000129746318160,	0.0000266100795743,	-0.0000229959944411,	-0.0000106808253795,	0.0001110365724302,	0.0000480782165067,	0.0000466596370262,	-0.0000506164704211,	
  0.0000452452421008,	-0.0000642937817217,	0.0000834565807488,	-0.0000948778115636,	0.0003070718344435,	0.0000042737559880,	0.0000930749318328,	0.0000746794411463,	-0.0000530451631662,	-0.0001572270961441,	-0.0001667391721038,	0.0000274998513698,	
};

