#pragma once

typedef float tinytype;

const PROGMEM tinytype Adyn_data[12*12] = {
  0.1513614859891260,	0.1080510014579408,	0.0137366795154231,	0.1428304446215522,	-0.1302708757065977,	-0.0587316795286579,	-0.0529151910062099,	0.0587740156243816,	-0.0773084852271340,	0.0880579690391494,	0.1318056158218792,	-0.1044524957643981,	
  -0.0870904731995212,	0.0917530151262243,	0.0950162057579443,	0.1306398989387325,	0.0250492131578161,	0.0254942785621774,	-0.0265599454250646,	-0.0629440702656467,	-0.0982797040559687,	-0.0160184103426241,	-0.1304470239159510,	0.0426770940835189,	
  0.0111081962748961,	0.1431843811210760,	-0.0142964517734734,	0.0625234032606332,	-0.1423849555367303,	0.0530387993784837,	0.0795823191424381,	0.1454962975692500,	0.1373633089952560,	0.1240040720363164,	0.0625918409608892,	0.0060707941013106,	
  0.0076649957020513,	0.0163322447255410,	-0.0598432605640967,	-0.0906761965545639,	-0.1116531732582123,	-0.0566776265647370,	0.0532468308544962,	0.0877351088018565,	-0.1028406313226034,	0.0788623003968736,	-0.0735488173745333,	-0.1266423368855382,	
  -0.1218916220693073,	-0.0940031350437443,	-0.0083367442318273,	-0.0980977722182066,	-0.1114527287341886,	-0.0489147613354388,	0.0129449039403356,	0.0994949567768544,	-0.0266314256131685,	-0.1263316622834442,	-0.0387958908735187,	0.0764392922425154,	
  -0.0631189549741892,	0.0217217354558735,	0.1363794588420216,	0.1331593728651358,	-0.0467937996295609,	0.0167771596689293,	0.0604795269362274,	0.0028690780971182,	-0.0260846361341602,	0.0904913018803409,	0.1099648901634939,	0.1258534166783492,	
  0.1055741184180882,	0.0109226756903973,	0.0469325065742471,	-0.0904881119711232,	-0.0212316106488177,	0.0833994594779026,	-0.0559202832822706,	-0.1475946879112663,	0.1065217804231542,	-0.0655116013274444,	-0.0679998894013337,	-0.0242007734732671,	
  0.1019596048665002,	-0.0538101548243627,	-0.1131887753653484,	0.1289195913455546,	0.0807486528820009,	0.1191519412321454,	-0.0436027649546254,	0.0712419221545891,	0.0857302205100096,	-0.0086809502644775,	-0.0241308439627508,	-0.1486364470692284,	
  0.1395126788655247,	-0.0411430158928266,	-0.0487917314164157,	0.1443565724276025,	-0.1093924839324210,	0.1248333392473114,	0.0601595524075945,	0.0210869042124139,	-0.0258764233795871,	-0.0888839250950208,	-0.0935447234292099,	-0.0233247972092615,	
  0.1281613020298772,	0.1177015621973980,	0.0432430398449036,	-0.0054246787567762,	0.1237757281086020,	0.1079455886117471,	0.0056054583465897,	-0.1343827475272456,	0.0699713867880185,	0.0321146638199645,	0.0514373741815212,	-0.0197019273685057,	
  -0.0125965665852921,	0.0097977201698365,	0.0157602336258571,	0.0046191279888383,	0.1145295834846900,	0.0051562270702425,	0.0332851033774682,	-0.0779510163604286,	-0.0142086162655092,	0.0406731967325824,	0.0818622479783910,	0.0776615370644559,	
  -0.1114704215049111,	-0.0360542852522034,	-0.0936491548823742,	-0.1063625774586885,	0.1289865858622205,	0.0394972125285521,	0.0028114339669926,	0.1528706385436298,	-0.1204652183221611,	0.1247912845910654,	0.1378943892582041,	-0.0145734050008916,	
};

const PROGMEM tinytype Bdyn_data[12*4] = {
  0.1479888192614014,	-0.6802495358654734,	-0.2676467063680075,	0.0869731873354771,	
  0.1360342310788900,	-0.0018147692498116,	0.4497477985529863,	-0.4365951208285241,	
  0.0548554059750308,	0.6555812662981293,	0.5724003030112703,	0.9074489915754735,	
  0.6249900039275618,	0.5026439361990465,	-0.7112746088197806,	0.2406318209153466,	
  0.9459890773488340,	-0.7389074898594112,	-0.6118331330707383,	0.1265316900912554,	
  0.5711277177526384,	0.4992841959279648,	0.0158544658865982,	-0.7629280278963566,	
  -0.8706423518179289,	-0.9265632235151486,	-0.5247696756137390,	-0.8413444264942587,	
  0.9654473539900472,	-0.4626297349123245,	0.0566601912335303,	0.9315119601162025,	
  0.5604604911876492,	-0.4792550274554248,	-0.9735703099016952,	-0.3581756586851226,	
  0.5399781415000875,	0.1308070428468338,	0.6111958697734221,	-0.6276067580277116,	
  0.2272726876167490,	-0.0890029840718130,	0.1898926039181164,	0.8269569450825991,	
  -0.1702600909637508,	-0.3504859820764747,	-0.2738061041626441,	0.5869231770440531,	
};

const PROGMEM tinytype Q_data[12] = {
  7.4541968727421217,8.8737950321710137,8.0664361855971833,7.9244967281955709,0.9568258978264290,2.4928686211487889,6.4929454635090353,1.8382646460371570,4.5834481885863312,5.4226066432367199,
  1.0882859349889640,8.1975164740564335,
};

const PROGMEM tinytype Qf_data[12] = {
  67.0877718546790902,79.8641552895391271,72.5979256703746501,71.3204705537601455,8.6114330804378607,22.4358175903390986,58.4365091715813207,16.5443818143344146,41.2510336972769807,48.8034597891304784,
  9.7945734149006753,73.7776482665078959,
};

const PROGMEM tinytype R_data[4] = {
  0.1000000000000000,0.1000000000000000,0.1000000000000000,0.1000000000000000,
};

const PROGMEM tinytype umin[4] = {
  -3.0,	
  -3.0,	
  -3.0,	
  -3.0,	
};

const PROGMEM tinytype umax[4] = {
  3.0,	
  3.0,	
  3.0,	
  3.0,	
};

const PROGMEM tinytype xmin[12] = {
  -10000.0,	
  -10000.0,	
  -10000.0,	
  -10000.0,	
  -10000.0,	
  -10000.0,	
  -10000.0,	
  -10000.0,	
  -10000.0,	
  -10000.0,	
  -10000.0,	
  -10000.0,	
};

const PROGMEM tinytype xmax[12] = {
  10000.0,	
  10000.0,	
  10000.0,	
  10000.0,	
  10000.0,	
  10000.0,	
  10000.0,	
  10000.0,	
  10000.0,	
  10000.0,	
  10000.0,	
  10000.0,	
};

const PROGMEM tinytype rho_value = 85.0;

const PROGMEM tinytype Kinf_data[4*12] = {
  0.0050663022813748,	0.0047176786711484,	-0.0019133174232086,	0.0137019268061585,	-0.0059300080647854,	0.0011885054681328,	0.0065477514921404,	0.0072711574008433,	-0.0090634039608058,	0.0049216653027766,	-0.0015399093157556,	-0.0060462545519190,	
  -0.0119378704542636,	0.0059376704607890,	0.0005816787672394,	-0.0024532754053321,	-0.0065110734013726,	-0.0056297118640267,	0.0111683988576494,	0.0087461891712149,	0.0029730173805411,	0.0091542505665664,	-0.0036891242928080,	0.0038703664871514,	
  -0.0064598016095448,	0.0137338179572181,	0.0103584416375632,	0.0098050745113243,	0.0141814065205325,	0.0037671596484043,	-0.0018841539116594,	-0.0095731266516653,	0.0131218543041679,	0.0029876186183018,	0.0041346479500675,	0.0109425326936903,	
  -0.0089821754243581,	-0.0006753486756462,	-0.0178260429269550,	-0.0060606979526873,	-0.0034071637384671,	-0.0045051348491430,	0.0063633649482640,	0.0321025553406444,	-0.0000774054964848,	0.0178616762995434,	0.0164592093677407,	-0.0068428622853955,	
};

const PROGMEM tinytype Pinf_data[12*12] = {
  8.1466382514884152,	0.2151881155075648,	0.0101421930884959,	0.2654155631884140,	-0.2548846342201391,	0.1356166227058043,	-0.0455203299284643,	-0.1985118625019607,	0.2577408658970834,	-0.0202073636437679,	0.0449787337055846,	-0.2890199881853769,	
  0.2151881155075648,	9.3472585005029938,	0.1561684195054809,	0.3103124073283576,	-0.2372495889341218,	0.0622080776287184,	0.0211184107400395,	0.0009398766204236,	0.0535602795062443,	0.2497445196887526,	0.0718366733271012,	-0.0955850291995733,	
  0.0101421930884959,	0.1561684195054809,	8.3310512389628091,	0.2066809866532989,	-0.0474144426316880,	-0.0058074870426237,	-0.0462643872732922,	-0.2556114258084238,	0.0373095837929424,	-0.0753703182057097,	-0.0899507914804342,	0.1450846842639498,	
  0.2654155631884140,	0.3103124073283576,	0.2066809866532989,	8.7090794738891688,	-0.2974471995478156,	0.0801653654721180,	-0.0111193232481621,	-0.0331431939878228,	-0.0315501139548997,	0.0124495266220706,	-0.0322784734642425,	0.0086595920068152,	
  -0.2548846342201392,	-0.2372495889341218,	-0.0474144426316881,	-0.2974471995478157,	1.7639502239585256,	0.1485968129893753,	-0.1267647088196357,	-0.2635831298602474,	-0.0449686532790952,	-0.0955267864997967,	0.0675592097903115,	0.1385113753292730,	
  0.1356166227058043,	0.0622080776287183,	-0.0058074870426237,	0.0801653654721180,	0.1485968129893753,	2.8271214969249674,	0.0320335270157320,	-0.1097485456604029,	0.1975202912301525,	-0.0328651161094807,	-0.0415063355783023,	0.0260779499669218,	
  -0.0455203299284643,	0.0211184107400394,	-0.0462643872732922,	-0.0111193232481621,	-0.1267647088196357,	0.0320335270157320,	6.6332651490329964,	0.1526780312800692,	0.0287407978383854,	0.0779518955866954,	0.0085246361665920,	0.0341188916446642,	
  -0.1985118625019607,	0.0009398766204235,	-0.2556114258084238,	-0.0331431939878229,	-0.2635831298602475,	-0.1097485456604029,	0.1526780312800692,	2.5106787628777720,	-0.1995918417216956,	0.3532501331533232,	0.2857047396767428,	-0.0990261517248707,	
  0.2577408658970834,	0.0535602795062443,	0.0373095837929425,	-0.0315501139548998,	-0.0449686532790952,	0.1975202912301525,	0.0287407978383854,	-0.1995918417216956,	5.1955549554712057,	-0.1373863067677119,	-0.0060783310185138,	0.0671747057784525,	
  -0.0202073636437679,	0.2497445196887526,	-0.0753703182057097,	0.0124495266220706,	-0.0955267864997967,	-0.0328651161094807,	0.0779518955866954,	0.3532501331533232,	-0.1373863067677119,	5.8817071816645194,	0.3418099104856915,	-0.1399073944689802,	
  0.0449787337055847,	0.0718366733271012,	-0.0899507914804342,	-0.0322784734642425,	0.0675592097903115,	-0.0415063355783022,	0.0085246361665920,	0.2857047396767428,	-0.0060783310185138,	0.3418099104856914,	1.7056488180302112,	-0.0116207914610236,	
  -0.2890199881853770,	-0.0955850291995733,	0.1450846842639498,	0.0086595920068152,	0.1385113753292730,	0.0260779499669218,	0.0341188916446641,	-0.0990261517248706,	0.0671747057784525,	-0.1399073944689803,	-0.0116207914610236,	8.5550353704886337,	
};

const PROGMEM tinytype Quu_inv_data[4*4] = {
  0.0098662235883604,	-0.0005435962102272,	0.0001329920240353,	-0.0002583252012478,	
  -0.0005435962102272,	0.0097184548615911,	-0.0008020417174308,	-0.0006155738978767,	
  0.0001329920240353,	-0.0008020417174308,	0.0096007138813350,	-0.0001815105113253,	
  -0.0002583252012478,	-0.0006155738978767,	-0.0001815105113253,	0.0091891972966355,	
};

const PROGMEM tinytype AmBKt_data[12*12] = {
  0.1415432628620265,	0.1151264837058077,	0.0187383063715288,	0.1422852873131470,	-0.1297305168371546,	-0.0613370801226691,	-0.0473446165995478,	0.0582932793727262,	-0.0704260557945542,	0.0928029316654411,	0.1291990951014472,	-0.0974010243075427,	
  -0.0888176206267087,	0.0846504165088536,	0.0828360883466383,	0.1217156339015158,	0.0179784737223356,	0.0216611928542330,	-0.0238047875354100,	-0.0455960125918547,	-0.1029766954750048,	-0.0102166666195797,	-0.1249177767562600,	0.0355976752185964,	
  0.0305049848654521,	0.1317845683372291,	-0.0043257841264891,	0.0632674465239264,	-0.1428167388823437,	0.0585961938127659,	0.0672054076751177,	0.1157118266312852,	0.1284707193599323,	0.0998140629613532,	0.0477922674046306,	0.0038111635374929,	
  0.0080658099795440,	0.0203302350387632,	-0.0472826239124508,	-0.0895741425147796,	-0.0937674795412147,	-0.0508271262634335,	0.0406694447297354,	0.0642604708955841,	-0.0893185955913305,	0.0690119098137055,	-0.0717518129072612,	-0.1153791484018121,	
  -0.1383210614023051,	-0.0855903604821799,	0.0024962370898622,	-0.1061064490738119,	-0.1015463182105567,	-0.0513239953717296,	0.0130452610007013,	0.0891599993262393,	-0.0078225801737727,	-0.1246555036249401,	-0.0396179720211161,	0.0925796687851008,	
  -0.0668024072612185,	0.0153297686000813,	0.1234175691046470,	0.1217793737615873,	-0.0429803909470455,	0.0154123774647160,	0.0560483812513468,	0.0189932005839688,	-0.0226597503214941,	0.0966896361516402,	0.1251779360215467,	0.1219800879821860,	
  0.0879768527951089,	0.0271706039762388,	0.0362436077417211,	-0.0807854776323896,	-0.0278520740979475,	0.0774044597523790,	-0.0355062710810446,	-0.1111745936549325,	0.1082063121945245,	-0.0361489657039019,	-0.0567412046366971,	-0.0258936542205444,	
  0.1002785603209384,	-0.0557669476863360,	-0.0950542053239388,	0.1196461994482572,	0.0858318398826584,	0.1193831686732735,	-0.0505782349393314,	0.0389067505959556,	0.0951844834963035,	-0.0260051746383308,	-0.0399170615057515,	-0.1352543579232932,	
  0.1214456645141301,	-0.0278124860304166,	-0.0437408035519731,	0.1428765741771714,	-0.0966031801366606,	0.1235231263191912,	0.0622871538154123,	0.0233816049190364,	-0.0066245870208408,	-0.0779488289835650,	-0.0845290378191448,	-0.0098788395768427,	
  0.1252980971369054,	0.1055595235174495,	0.0266813199957415,	-0.0222990700650889,	0.1170235210190013,	0.1029103021038851,	0.0057541883711071,	-0.1134542405767105,	0.0664079318353798,	0.0376437202859269,	0.0605542862722970,	-0.0279260106692531,	
  -0.0061559639173972,	0.0072045248724221,	0.0290212281116445,	0.0044367305597063,	0.1154224408980837,	0.0073952478799116,	0.0278865571780433,	-0.1035546800558297,	-0.0143118767389620,	0.0250312283033676,	0.0674876876738523,	0.0829610062177812,	
  -0.1112887748432404,	-0.0290132016093522,	-0.0804723239281139,	-0.0986476714435695,	0.1315776012312664,	0.0414020718519555,	0.0035899227591774,	0.1357111288802974,	-0.1173280785022882,	0.1191722806867470,	0.1278110182008051,	-0.0072339649324952,	
};

const PROGMEM tinytype coeff_d2p_data[12*4] = {
  0.0150032615468336,	-0.0479818388379968,	-0.0176299014874086,	0.0049608904591862,	
  0.0162312014414749,	0.0013429214686665,	0.0418836181084341,	-0.0391535389622089,	
  -0.0015315463860953,	0.0468265996135809,	0.0381963923760195,	0.0634702982067930,	
  0.0480647438130482,	0.0455700831646549,	-0.0589808808515464,	0.0155162900740568,	
  0.0128951513939377,	-0.0101714651650833,	-0.0078468636093576,	0.0018687149086595,	
  0.0174731306144949,	0.0120631564532034,	-0.0037776489719684,	-0.0225909336930307,	
  -0.0518028507348500,	-0.0503279189203150,	-0.0272728900277030,	-0.0453202390374623,	
  0.0206167669389434,	-0.0132070545211808,	0.0069419379910780,	0.0186631169457395,	
  0.0279009471541458,	-0.0203502954237674,	-0.0467833573561192,	-0.0173505924223636,	
  0.0345741194003928,	0.0032973727155252,	0.0383183411315286,	-0.0326923488595121,	
  0.0085294075053966,	-0.0057728034438193,	0.0050333785828469,	0.0125631493960072,	
  -0.0150987745064514,	-0.0277881286031232,	-0.0227871925545371,	0.0494708566894042,	
};

const PROGMEM tinytype dKinf_drho_data[4*12] = {
  -0.0000575003604463,	-0.0000458853033162,	0.0000131543553125,	-0.0001389340481169,	0.0000536545896840,	-0.0000151118706496,	-0.0000565658811413,	-0.0000585405341977,	0.0000894534320518,	-0.0000404171792039,	0.0000160851119665,	0.0000586829435354,	
  0.0001063956751629,	-0.0000435967081510,	-0.0000088121717089,	0.0000350101518022,	0.0000662300928414,	0.0000538000725829,	-0.0001017882001031,	-0.0000667567828475,	-0.0000248232755918,	-0.0000716039551358,	0.0000491398645221,	-0.0000355544441963,	
  0.0000520520926379,	-0.0001281457316740,	-0.0001025788888803,	-0.0000988300765406,	-0.0001382035097706,	-0.0000402397802106,	0.0000262681038040,	0.0001016939341347,	-0.0001207753749858,	-0.0000191911958241,	-0.0000399149253263,	-0.0001038880837365,	
  0.0000756692645441,	0.0000132704817674,	0.0001652334437059,	0.0000595267004429,	0.0000295081073459,	0.0000392999601171,	-0.0000504764497126,	-0.0002899730420675,	0.0000029323838033,	-0.0001568186056237,	-0.0001530755071733,	0.0000654571998727,	
};

const PROGMEM tinytype dPinf_drho_data[12*12] = {
  0.0003551949440697,	-0.0001413255396664,	0.0000616110410188,	0.0001009867782916,	0.0000710559807378,	0.0001286269751452,	-0.0001788303440035,	-0.0003619712649389,	-0.0001176572913328,	-0.0002835919784773,	-0.0001536191119064,	-0.0001330185775737,	
  -0.0001413255396664,	0.0002617464444694,	0.0001545789050990,	0.0001849103296765,	0.0001017235885857,	0.0000135180354419,	0.0000737538089973,	-0.0000493453615106,	0.0001416531942650,	0.0001219484671904,	0.0000174490159060,	0.0001504394183425,	
  0.0000616110410188,	0.0001545789050990,	0.0004363961368306,	0.0001814170035313,	0.0001838124424344,	0.0000960856180333,	-0.0001310704081545,	-0.0006612689396826,	0.0001411021294171,	-0.0002844633133154,	-0.0002438906715212,	0.0002595194024286,	
  0.0001009867782916,	0.0001849103296765,	0.0001814170035313,	0.0003321126692513,	0.0001052980787711,	0.0000972032914606,	-0.0000001628044979,	-0.0002217984750683,	0.0000035451662712,	-0.0000398694133775,	-0.0000716547358305,	0.0000511551356279,	
  0.0000710559807378,	0.0001017235885857,	0.0001838124424344,	0.0001052980787711,	0.0004479786708712,	0.0001869878090226,	-0.0002030763845293,	-0.0004506145904034,	0.0002976822312845,	-0.0001474027124897,	0.0000028999786034,	0.0001325853489295,	
  0.0001286269751452,	0.0000135180354419,	0.0000960856180333,	0.0000972032914606,	0.0001869878090226,	0.0001310313804498,	-0.0001079479569462,	-0.0002777455207936,	0.0000633164631871,	-0.0001399442874045,	-0.0000693201785395,	0.0000175528073935,	
  -0.0001788303440035,	0.0000737538089973,	-0.0001310704081545,	-0.0000001628044979,	-0.0002030763845293,	-0.0001079479569462,	0.0002303963941668,	0.0004019265267498,	-0.0000767223443047,	0.0002513283144812,	0.0000505500575386,	-0.0000355834656243,	
  -0.0003619712649389,	-0.0000493453615106,	-0.0006612689396826,	-0.0002217984750683,	-0.0004506145904034,	-0.0002777455207936,	0.0004019265267498,	0.0013301158400154,	-0.0002229586939531,	0.0006886991802330,	0.0004680475931038,	-0.0002881836903527,	
  -0.0001176572913328,	0.0001416531942650,	0.0001411021294171,	0.0000035451662712,	0.0002976822312845,	0.0000633164631871,	-0.0000767223443047,	-0.0002229586939531,	0.0003054922423157,	0.0000008666729821,	0.0000409013529142,	0.0001774253774154,	
  -0.0002835919784773,	0.0001219484671904,	-0.0002844633133154,	-0.0000398694133775,	-0.0001474027124897,	-0.0001399442874045,	0.0002513283144812,	0.0006886991802330,	0.0000008666729821,	0.0004569641920355,	0.0002740419658445,	-0.0000783993670126,	
  -0.0001536191119064,	0.0000174490159060,	-0.0002438906715212,	-0.0000716547358305,	0.0000028999786034,	-0.0000693201785395,	0.0000505500575386,	0.0004680475931038,	0.0000409013529142,	0.0002740419658445,	0.0003219254520095,	-0.0000608097232823,	
  -0.0001330185775737,	0.0001504394183425,	0.0002595194024286,	0.0000511551356279,	0.0001325853489295,	0.0000175528073935,	-0.0000355834656243,	-0.0002881836903527,	0.0001774253774154,	-0.0000783993670126,	-0.0000608097232823,	0.0002583141462602,	
};

const PROGMEM tinytype dC1_drho_data[4*4] = {
  -0.0000978866498610,	0.0000106672630463,	-0.0000030554970442,	0.0000046058516230,	
  0.0000106672630463,	-0.0000958540375312,	0.0000154964713800,	0.0000113689546016,	
  -0.0000030554970442,	0.0000154964713800,	-0.0000929447754252,	0.0000029274671565,	
  0.0000046058516230,	0.0000113689546016,	0.0000029274671565,	-0.0000849570972466,	
};

const PROGMEM tinytype dC2_drho_data[12*12] = {
  0.0000882353931305,	-0.0000583180877402,	-0.0000497669542310,	0.0000127475539048,	-0.0000024434178063,	0.0000246457748664,	-0.0000494495887336,	0.0000156900002257,	-0.0000627042995794,	-0.0000342247130080,	0.0000336773197694,	-0.0000663686384370,	
  0.0000176416185423,	0.0000695899422941,	0.0001164693101031,	0.0000894009980806,	0.0000678611514481,	0.0000374092898212,	-0.0000263416194685,	-0.0001644950699419,	0.0000433849461164,	-0.0000544668647575,	-0.0000509793180784,	0.0000672543188306,	
  -0.0001650574372380,	0.0000924066124200,	-0.0000861692276010,	-0.0000127777945688,	0.0000059681761840,	-0.0000470707987029,	0.0001006023143052,	0.0002519018668977,	0.0000778375426281,	0.0002024492441918,	0.0001286580000146,	0.0000201562514515,	
  0.0000012729084574,	-0.0000437486284703,	-0.0001165141394007,	-0.0000153845915822,	-0.0001722249737300,	-0.0000556758670474,	0.0001173464071004,	0.0002122511951466,	-0.0001300403143489,	0.0000853369631684,	-0.0000263085239876,	-0.0001084490686486,	
  0.0001552839091831,	-0.0000688898794241,	-0.0001026236859851,	0.0000892998259941,	-0.0000901099412143,	0.0000244562199849,	0.0000007572090169,	0.0001049621165179,	-0.0001772294894640,	-0.0000065737749504,	0.0000160411025334,	-0.0001536294506153,	
  0.0000366233151517,	0.0000601296205510,	0.0001245745199814,	0.0001088505565805,	-0.0000390075570283,	0.0000123903035058,	0.0000442012172522,	-0.0001560761357982,	-0.0000345434384440,	-0.0000605029488844,	-0.0001498741760182,	0.0000358225389599,	
  0.0001394993444473,	-0.0001364267430021,	0.0000884756513110,	-0.0000903033168524,	0.0000603817971260,	0.0000486403200731,	-0.0001722452299156,	-0.0003034235582266,	-0.0000060304973750,	-0.0002435439168623,	-0.0000901997962222,	0.0000187031498307,	
  0.0000312992673838,	0.0000190298603183,	-0.0001648813997543,	0.0001004801440087,	-0.0000408171889658,	0.0000051508396105,	0.0000530521930697,	0.0002899854901318,	-0.0000937349594279,	0.0001530603234675,	0.0001520574867457,	-0.0001281916815198,	
  0.0001609966031113,	-0.0001151827580773,	-0.0000522809371344,	0.0000197488230087,	-0.0001223119207774,	0.0000091535955211,	-0.0000095851547691,	-0.0000040389576184,	-0.0001785648048446,	-0.0000865169092047,	-0.0000791524494628,	-0.0001276262956860,	
  0.0000328081518992,	0.0001171306032456,	0.0001604470489196,	0.0001682056687385,	0.0000653532337343,	0.0000503819594535,	-0.0000038753646895,	-0.0002038010871588,	0.0000306019555376,	-0.0000555001421116,	-0.0000867888345183,	0.0000775406136175,	
  -0.0000499217372150,	0.0000199080486921,	-0.0001209359067800,	0.0000042330047308,	-0.0000044576568672,	-0.0000166352558544,	0.0000405501583035,	0.0002278474067301,	-0.0000020302722276,	0.0001361392564511,	0.0001348842908366,	-0.0000509041892286,	
  -0.0000026596883540,	-0.0000659683078626,	-0.0001259149445910,	-0.0000733822346079,	-0.0000228120022512,	-0.0000178007320979,	-0.0000084880839480,	0.0001646718857556,	-0.0000282599795678,	0.0000548081925253,	0.0000988760990990,	-0.0000693335101735,	
};

