#pragma once

typedef float tinytype;

const PROGMEM tinytype Adyn_data[12*12] = {
  -0.1463677038018291,	0.1040142676387223,	0.0281611872947939,	0.1402251401823824,	-0.1442775124636936,	-0.0759130520087192,	0.0592579738834885,	0.1156354096182522,	0.0780282274785965,	-0.1006411228358899,	0.0440403240958782,	-0.0266810622450960,	
  0.1324084432010654,	0.0356377144089009,	-0.0888905340976498,	0.0748508835462405,	-0.0325169123328282,	-0.0460430700155006,	0.1225984448515500,	-0.1185601499768251,	-0.0433439356574851,	-0.0400754285464873,	-0.1141923062001455,	-0.0306304002479997,	
  -0.0662380236278043,	-0.1330070397014265,	0.0811726478387426,	-0.0746057411307222,	0.0070667925067323,	-0.1140770409970462,	-0.0231127262485061,	-0.1103000485774767,	-0.1069987764362772,	0.0832950208500547,	-0.1041986058976037,	0.0641196444509262,	
  0.1291696804465793,	0.0126068441319834,	-0.0383782106319642,	-0.0723937719311043,	0.0862124293897260,	-0.0738895596009056,	-0.1381609796971565,	0.0324921152011437,	0.0809847154195665,	-0.0349310999507733,	-0.1132676464089933,	-0.0227548992723131,	
  -0.0515041071020109,	0.0964050492556121,	-0.0116053812422378,	-0.0924366915417474,	0.0526800233488444,	0.0366819373823600,	-0.0765503772658748,	0.0388023873013061,	0.0532375421043765,	-0.1391875750946524,	0.0240128202318784,	0.1145971543289434,	
  0.1044002786582316,	0.0656670690629820,	-0.0732767728591749,	0.0984981966641537,	0.0025233103871902,	-0.1372746769276058,	-0.0350774286342912,	0.0452234068134992,	-0.0211889989148572,	-0.0904367080078774,	0.0501318127239210,	0.0860993112271280,	
  -0.1376803336559609,	0.0508380248053650,	0.1061964745965827,	0.1127823963573433,	0.0947830342588776,	0.0792757834312824,	-0.0807356541014515,	-0.0612721294536225,	-0.1139442156323403,	0.0681970369548143,	-0.1005148579083356,	-0.0175472598759658,	
  0.0017638051277150,	-0.1389585625268477,	0.1359891244000395,	0.0823870497489672,	0.0570392654165549,	-0.0706242549978254,	-0.0072951303289212,	-0.0102442425814045,	0.0880970679970638,	-0.1179449102918646,	-0.0111489261624112,	-0.0120373916384168,	
  0.1334406818996899,	0.1179084599415079,	-0.0845379051484111,	0.0606686651870245,	0.0726445471935989,	0.0325797678366342,	-0.0062657869883029,	-0.0853232854985132,	0.0434977946936231,	0.0168930719332599,	-0.0797210439774551,	0.0765895537427026,	
  -0.0839106666326365,	0.1230691724496344,	0.1266141706561240,	-0.0382074827028014,	-0.0441659528813214,	-0.0013785245447144,	-0.1437800786439606,	0.1337102861770114,	-0.0155791789724832,	-0.0405842443961633,	-0.0303067409250042,	0.0278424643264616,	
  0.0795713505619690,	-0.1332242643854545,	0.0815826763205449,	0.1055430821159499,	-0.1269375824810205,	-0.0331739656062897,	-0.0546834598575176,	0.1101145928996715,	-0.1087992858647893,	0.1162412075000319,	-0.1076403338264186,	-0.0067053199278831,	
  -0.0494034439745173,	0.0728420304599195,	0.0768691887240072,	0.1488274753051219,	-0.0245851958010231,	-0.0665285761729690,	0.1288252473452466,	0.0805916321760223,	0.0168477631750752,	-0.0991378043651943,	0.0713754504591971,	-0.0868269831412459,	
};

const PROGMEM tinytype Bdyn_data[12*4] = {
  0.4262505490159467,	0.8406856852461533,	0.8557399639015024,	0.3592660929422249,	
  0.6695250826306975,	-0.6847450530058763,	0.0730603321650090,	-0.7534711627419379,	
  0.0576282211073991,	-0.6567064533435039,	0.4795574707730428,	-0.5841338795926607,	
  -0.4790965810484882,	-0.8221217445413660,	-0.0094233845279232,	0.7232618054745950,	
  0.6986147807404548,	0.6854366444434690,	-0.3963747273924130,	0.8783487362331577,	
  0.8325697566918826,	0.1734516876977492,	0.6903880160578635,	0.6038028404326250,	
  -0.4087722759393426,	-0.6252922968133570,	-0.9513818110742014,	-0.5781955090934088,	
  -0.9964963111522029,	0.3630088037348240,	-0.1444896951354873,	0.3758727913519142,	
  -0.2900492340373217,	-0.4377872921016073,	0.0931728748590204,	-0.6573036110480841,	
  -0.9615826583987188,	-0.8913898562274678,	0.5435192453240101,	0.7516332558841732,	
  -0.9624131003615315,	-0.1867678972342135,	0.4009996806987506,	0.1361395670355423,	
  -0.2130404491377533,	-0.6806059137288998,	0.1323360823513611,	0.6898061618740681,	
};

const PROGMEM tinytype Q_data[12] = {
  2.7441063773081584,8.4823382292992822,9.5570664553328921,4.1666308911280332,7.5211734271502673,3.0727100070787072,3.4268528498333333,1.5004591940465501,6.4589735658330936,4.8108875034605507,
  9.0122730245351459,6.4332965470142218,
};

const PROGMEM tinytype Qf_data[12] = {
  24.6969573957734241,76.3410440636935448,86.0135980979960237,37.4996780201523023,67.6905608443524045,27.6543900637083659,30.8416756485000008,13.5041327464189518,58.1307620924978394,43.2979875311449547,
  81.1104572208163148,57.8996689231279973,
};

const PROGMEM tinytype R_data[4] = {
  0.1000000000000000,0.1000000000000000,0.1000000000000000,0.1000000000000000,
};

const PROGMEM tinytype umin[4] = {
  -3.0,	
  -3.0,	
  -3.0,	
  -3.0,	
};

const PROGMEM tinytype umax[4] = {
  3.0,	
  3.0,	
  3.0,	
  3.0,	
};

const PROGMEM tinytype xmin[12] = {
  -10000.0,	
  -10000.0,	
  -10000.0,	
  -10000.0,	
  -10000.0,	
  -10000.0,	
  -10000.0,	
  -10000.0,	
  -10000.0,	
  -10000.0,	
  -10000.0,	
  -10000.0,	
};

const PROGMEM tinytype xmax[12] = {
  10000.0,	
  10000.0,	
  10000.0,	
  10000.0,	
  10000.0,	
  10000.0,	
  10000.0,	
  10000.0,	
  10000.0,	
  10000.0,	
  10000.0,	
  10000.0,	
};

const PROGMEM tinytype rho_value = 85.0;

const PROGMEM tinytype Kinf_data[4*12] = {
  0.0008998785118840,	0.0148796340811315,	-0.0206384831081741,	-0.0062031084756274,	0.0056052727221219,	-0.0020856852451500,	0.0161324264974691,	-0.0151536779633104,	0.0068782651282976,	-0.0178951845158234,	0.0096447871893970,	0.0057208318940745,	
  -0.0089997601095068,	0.0010357125046927,	-0.0063474483567882,	-0.0058553890556971,	-0.0027379793917825,	0.0109630265726797,	0.0002930220418157,	0.0096178016073108,	0.0119654016151213,	-0.0069266109812069,	0.0207475553902032,	0.0042480646638207,	
  0.0027919735538639,	-0.0057041085412443,	0.0045386439840425,	0.0053659196861889,	-0.0144272699733966,	-0.0158485065859203,	0.0017255447621955,	0.0071602196629043,	-0.0044167306398594,	0.0019585310759278,	-0.0029609269182934,	0.0019325279625252,	
  -0.0110388001099647,	0.0135814710980703,	0.0087418994995703,	-0.0038272685701524,	-0.0025080252949422,	-0.0015760006999102,	-0.0123994093721664,	0.0304531785069871,	0.0133907628410742,	-0.0208700771054153,	0.0170943057710695,	0.0004805139324931,	
};

const PROGMEM tinytype Pinf_data[12*12] = {
  3.4745101419597555,	-0.0261129055993605,	-0.3739658682238721,	0.1742208894925011,	0.0109075746091167,	-0.0635316350609706,	0.0864726039849216,	-0.1361478905392714,	0.0387995681073735,	0.0278707423575733,	-0.2473646541784032,	0.0051535060026469,	
  -0.0261129055993605,	9.2166181831729208,	-0.2169747453595348,	0.1185584326446889,	0.1237426822475542,	0.1740838594149065,	0.0487896817280392,	0.1010599977906019,	0.2973451784483568,	-0.4060659544549079,	0.1854920756958671,	0.0303774621292960,	
  -0.3739658682238721,	-0.2169747453595347,	9.9765142663044806,	-0.0009788435858712,	-0.1036700133126612,	-0.0689816896437167,	-0.1381456244408558,	0.1698943531836302,	-0.1783429632714884,	0.1197405550889866,	-0.0135510666254199,	-0.0246294243259019,	
  0.1742208894925011,	0.1185584326446889,	-0.0009788435858712,	4.8130068948336522,	-0.2060821308498678,	-0.0707668569207536,	0.2982956655158043,	0.1227497718832191,	-0.0586438758399411,	-0.0472192008804440,	-0.0315556599993794,	-0.1951929666228812,	
  0.0109075746091167,	0.1237426822475542,	-0.1036700133126612,	-0.2060821308498678,	7.8591829843292560,	0.0853293268630562,	-0.1216268049900172,	-0.2087948852139116,	0.1253677478297508,	-0.0772330829653414,	-0.0020291799603795,	0.1065234879358243,	
  -0.0635316350609706,	0.1740838594149065,	-0.0689816896437167,	-0.0707668569207536,	0.0853293268630562,	3.3794205222882217,	-0.0592848718964040,	0.0261535321116066,	0.0827298243426102,	0.0198181144204843,	0.1055699828766753,	0.0000987864514440,	
  0.0864726039849216,	0.0487896817280392,	-0.1381456244408558,	0.2982956655158043,	-0.1216268049900173,	-0.0592848718964040,	3.9562063428563503,	-0.1233784629719655,	0.0435029488440600,	-0.1192771342990858,	0.1457657979714420,	-0.2117297218005884,	
  -0.1361478905392714,	0.1010599977906019,	0.1698943531836302,	0.1227497718832191,	-0.2087948852139116,	0.0261535321116066,	-0.1233784629719655,	1.9835227352893723,	0.0635399846129767,	-0.0901824324319058,	0.1831504359348668,	-0.0751675882999666,	
  0.0387995681073735,	0.2973451784483568,	-0.1783429632714884,	-0.0586438758399411,	0.1253677478297507,	0.0827298243426102,	0.0435029488440600,	0.0635399846129767,	6.8117964705750493,	-0.2832054032232681,	0.2063717718829012,	-0.0238458576954748,	
  0.0278707423575733,	-0.4060659544549078,	0.1197405550889866,	-0.0472192008804441,	-0.0772330829653414,	0.0198181144204843,	-0.1192771342990858,	-0.0901824324319058,	-0.2832054032232681,	5.2772750104373394,	-0.2045904819188865,	-0.0044327718360465,	
  -0.2473646541784032,	0.1854920756958671,	-0.0135510666254199,	-0.0315556599993794,	-0.0020291799603795,	0.1055699828766754,	0.1457657979714420,	0.1831504359348668,	0.2063717718829012,	-0.2045904819188865,	9.4721129442932703,	-0.0785931521134822,	
  0.0051535060026469,	0.0303774621292960,	-0.0246294243259019,	-0.1951929666228813,	0.1065234879358243,	0.0000987864514440,	-0.2117297218005884,	-0.0751675882999665,	-0.0238458576954748,	-0.0044327718360465,	-0.0785931521134822,	6.7058468594991165,	
};

const PROGMEM tinytype Quu_inv_data[4*4] = {
  0.0088176716127477,	-0.0009053387165421,	0.0002406018473235,	0.0003240527069779,	
  -0.0009053387165421,	0.0090046627522579,	0.0003870816775327,	-0.0007167905217154,	
  0.0002406018473235,	0.0003870816775327,	0.0101193499062085,	-0.0001817383723046,	
  0.0003240527069779,	-0.0007167905217154,	-0.0001817383723046,	0.0087969670790574,	
};

const PROGMEM tinytype AmBKt_data[12*12] = {
  -0.1376086447787758,	0.0968029783451212,	0.0352699939047300,	0.1445749362436772,	-0.1311179430227659,	-0.0701120829668654,	0.0551132485433847,	0.0969410444591825,	0.0640059472062161,	-0.0813682701632580,	0.0188794344891037,	-0.0345172309056683,	
  0.1171220106834421,	0.0370346160698791,	-0.0731637615073367,	0.0717187991973167,	-0.0389802644577052,	-0.0371693471421423,	0.1025293597909022,	-0.0794061766229816,	-0.0293436156671843,	-0.0487052084524107,	-0.0933465544749141,	-0.0313309371746270,	
  -0.0799871314783513,	-0.1225155221904655,	0.0811234956484208,	-0.0829024429148550,	0.0103994044281803,	-0.1000776820373286,	-0.0319203928069541,	-0.0887557002152258,	-0.0895973277386304,	0.0666473910527451,	-0.0797240665373611,	0.0659336208102465,	
  0.1302121630214965,	0.0107103964031429,	-0.0597643252714260,	-0.0773608203584549,	0.0883249491829968,	-0.0648853471997216,	-0.1212068098448504,	0.0111808963684513,	0.0843904377157474,	-0.0340861535340703,	-0.1039814058174791,	-0.0168509683590329,	
  -0.0351614262786096,	0.0711097692074699,	0.0012843092058312,	-0.0786010185832487,	0.0471251240274790,	0.0257268985211696,	-0.0764466090245073,	0.0188861963094762,	0.0267183196654135,	-0.1028304636275562,	-0.0131347038736659,	0.1080326638600399,	
  0.1099498043830355,	0.0488366070073814,	-0.0634046295336067,	0.1032846932795606,	0.0098062040781553,	-0.1255465412133588,	-0.0422641210322145,	0.0328406313373380,	-0.0340271762783961,	-0.0630870207724657,	0.0302257541832838,	0.0789751558002835,	
  -0.1466663207314471,	0.0599939902260048,	0.1031635346875553,	0.1094775368062585,	0.0801863057258700,	0.0692890917668356,	-0.0794855718935632,	-0.0370326018252634,	-0.1001102163402508,	0.0463471511476322,	-0.0765321709208552,	-0.0104360573409433,	
  0.0104801189146773,	-0.1304361251674885,	0.1150970768686945,	0.0805451190321337,	0.0624769162591106,	-0.0783798779150081,	0.0135843276333369,	-0.0392481166830237,	0.0849362922269724,	-0.1251354931876298,	-0.0159225844230864,	-0.0077800703679950,	
  0.1222457309884217,	0.1321363263697233,	-0.0879797099929702,	0.0532904077910864,	0.0727673958062854,	0.0372150301150939,	-0.0097692582347161,	-0.0661582009130649,	0.0599444472589038,	-0.0052302539085014,	-0.0563285377638034,	0.0802444097344545,	
  -0.0842880160222915,	0.1311924015944640,	0.0920729693890048,	-0.0494314969314243,	-0.0314900127862249,	0.0161867902495515,	-0.1196242785598558,	0.1009306441277339,	-0.0059636854486703,	-0.0493441095891409,	-0.0137776483430874,	0.0357186624260093,	
  0.0791397761232188,	-0.1182721016618341,	0.0575243170219018,	0.0968488411598740,	-0.1159275891053708,	-0.0265639128557110,	-0.0381065668203892,	0.0903096629559802,	-0.0999967055774802,	0.0997808518457412,	-0.0956229676298038,	-0.0012464743181212,	
  -0.0480918699114450,	0.0681031833700778,	0.0615214036190778,	0.1454507185242889,	-0.0216152312585858,	-0.0563269465100064,	0.1407863764212305,	0.0619548728659023,	0.0178042970764021,	-0.0935273714514066,	0.0761511691625070,	-0.0833041612640866,	
};

const PROGMEM tinytype coeff_d2p_data[12*4] = {
  0.0126557470389370,	0.0249377506688891,	0.0275698405112203,	0.0106822526470899,	
  0.0590002985615585,	-0.0544942196605425,	0.0049354685894256,	-0.0550727077795353,	
  0.0051691912537621,	-0.0541744517081788,	0.0448686030289034,	-0.0453260112641964,	
  -0.0172255280049029,	-0.0358219978105240,	-0.0049641345598264,	0.0282127305676671,	
  0.0495296007800177,	0.0381827272768001,	-0.0275599634005594,	0.0574926532724018,	
  0.0258005550010334,	0.0018550518523457,	0.0242049966727177,	0.0174310100170789,	
  -0.0144245651101838,	-0.0208933182903708,	-0.0389996043612280,	-0.0194378891629246,	
  -0.0194332790263965,	0.0046643042207441,	-0.0012422013271099,	0.0023881408550406,	
  -0.0129899041612749,	-0.0189933757271144,	0.0043657378387913,	-0.0397612761238208,	
  -0.0374224967284052,	-0.0360632989593910,	0.0265502164624568,	0.0388741550637467,	
  -0.0772991505086927,	-0.0083876311552716,	0.0313378210229156,	0.0044102724055839,	
  -0.0031833724343733,	-0.0398434866235078,	0.0075911166174849,	0.0435603577562936,	
};

const PROGMEM tinytype dKinf_drho_data[4*12] = {
  -0.0000145641093269,	-0.0001290261236334,	0.0001706689259148,	0.0000493101304486,	-0.0000480614789656,	0.0000344121977644,	-0.0001388212537737,	0.0001318537685329,	-0.0000537671416240,	0.0001576813707341,	-0.0000702955891220,	-0.0000469996875676,	
  0.0000736761091496,	0.0000156707736761,	0.0000427043500735,	0.0000428043164249,	0.0000335459185689,	-0.0000957850786447,	0.0000028133530293,	-0.0000815971361802,	-0.0000902193658284,	0.0000303811150143,	-0.0001648929266601,	-0.0000332615151088,	
  -0.0000273570957157,	0.0000551439477495,	-0.0000360512565300,	-0.0000528186334773,	0.0001455155239748,	0.0001551619607260,	-0.0000247440715015,	-0.0000668527641678,	0.0000413726052180,	-0.0000171461781531,	0.0000229437835523,	-0.0000217907457853,	
  0.0000878442672273,	-0.0001224782781711,	-0.0000732398812321,	0.0000299910029068,	0.0000155957587369,	0.0000195934540509,	0.0001021920163320,	-0.0002531426934495,	-0.0001118711391942,	0.0001843163669153,	-0.0001380097162850,	-0.0000022251029241,	
};

const PROGMEM tinytype dPinf_drho_data[12*12] = {
  0.0003508540808328,	-0.0002472478269838,	-0.0000707171294886,	0.0001869882836944,	0.0000230064561970,	-0.0001607471113087,	0.0002069470299411,	-0.0004656408616482,	-0.0002743410744183,	0.0002814669987400,	-0.0004160121396622,	-0.0000191321037250,	
  -0.0002472478269838,	0.0005697772063701,	-0.0002414482093558,	-0.0001989077276056,	0.0001141780282438,	0.0001045369417268,	0.0000280419569377,	0.0002109287987850,	0.0003086615656054,	-0.0005646332521181,	0.0004474025579241,	0.0000786037189284,	
  -0.0000707171294886,	-0.0002414482093558,	0.0005873287146054,	0.0001268972072050,	-0.0001820590899045,	-0.0001240265248573,	-0.0004484366426392,	0.0005523506934166,	-0.0001093537881979,	0.0002386506631561,	-0.0001902528542324,	-0.0001346012245666,	
  0.0001869882836944,	-0.0001989077276056,	0.0001268972072050,	0.0002020310587535,	-0.0000914547012103,	-0.0001259198011067,	-0.0000010497843845,	-0.0000592625169473,	-0.0002057820246980,	0.0002512871723136,	-0.0002868190631069,	-0.0000571924684106,	
  0.0000230064561970,	0.0001141780282438,	-0.0001820590899045,	-0.0000914547012103,	0.0002564020277496,	0.0001830917285075,	0.0000956476020678,	-0.0002969346754680,	0.0000389864274008,	-0.0000589254358373,	-0.0000059868110732,	-0.0000059766440520,	
  -0.0001607471113087,	0.0001045369417268,	-0.0001240265248573,	-0.0001259198011067,	0.0001830917285075,	0.0004107309293829,	-0.0000418049264240,	-0.0000059066953774,	0.0001559630584380,	-0.0000282852096256,	0.0002389920064021,	-0.0000067530759732,	
  0.0002069470299411,	0.0000280419569377,	-0.0004484366426392,	-0.0000010497843845,	0.0000956476020678,	-0.0000418049264240,	0.0004547311627011,	-0.0006328550223587,	-0.0000645635478623,	-0.0000237584059486,	-0.0000742361326924,	0.0000838487207196,	
  -0.0004656408616482,	0.0002109287987850,	0.0005523506934166,	-0.0000592625169473,	-0.0002969346754680,	-0.0000059066953774,	-0.0006328550223587,	0.0013315396281314,	0.0003850307572821,	-0.0004166121528408,	0.0005716035206929,	-0.0000186731535025,	
  -0.0002743410744183,	0.0003086615656054,	-0.0001093537881979,	-0.0002057820246980,	0.0000389864274008,	0.0001559630584380,	-0.0000645635478623,	0.0003850307572821,	0.0003995732666453,	-0.0004986545871636,	0.0005574427316450,	0.0000868434404955,	
  0.0002814669987400,	-0.0005646332521181,	0.0002386506631561,	0.0002512871723136,	-0.0000589254358373,	-0.0000282852096256,	-0.0000237584059486,	-0.0004166121528408,	-0.0004986545871636,	0.0008144173715901,	-0.0006793302409710,	-0.0001431075425919,	
  -0.0004160121396622,	0.0004474025579241,	-0.0001902528542324,	-0.0002868190631069,	-0.0000059868110732,	0.0002389920064021,	-0.0000742361326924,	0.0005716035206929,	0.0005574427316450,	-0.0006793302409710,	0.0008395986984607,	0.0001458151225888,	
  -0.0000191321037250,	0.0000786037189284,	-0.0001346012245666,	-0.0000571924684106,	-0.0000059766440520,	-0.0000067530759732,	0.0000838487207196,	-0.0000186731535025,	0.0000868434404955,	-0.0001431075425919,	0.0001458151225888,	0.0000696551145675,	
};

const PROGMEM tinytype dC1_drho_data[4*4] = {
  -0.0000789490315360,	0.0000162653878454,	-0.0000040956407569,	-0.0000063475723881,	
  0.0000162653878454,	-0.0000825885419012,	-0.0000073131602334,	0.0000131427528280,	
  -0.0000040956407569,	-0.0000073131602334,	-0.0001027269835595,	0.0000035665005397,	
  -0.0000063475723881,	0.0000131427528280,	0.0000035665005397,	-0.0000781793150471,	
};

const PROGMEM tinytype dC2_drho_data[12*12] = {
  -0.0000638793972841,	0.0000386366735422,	-0.0000514855522363,	-0.0000225791811935,	-0.0001378418182848,	-0.0000739606280679,	0.0000412678544328,	0.0001605489715450,	0.0001035517184157,	-0.0001442986904726,	0.0001985349555471,	0.0000674427382965,	
  0.0001283872284335,	0.0000008040250350,	-0.0001375757559649,	0.0000227519774945,	0.0000562683094170,	-0.0000852012700896,	0.0001736772884245,	-0.0003300040750278,	-0.0001130931881034,	0.0000553614582041,	-0.0001715075775371,	0.0000086073000138,	
  0.0001136549922929,	-0.0000802617597217,	-0.0000072843708850,	0.0000681165468877,	-0.0000358735268353,	-0.0001278496701381,	0.0000814075923060,	-0.0001769933451475,	-0.0001413373994999,	0.0001267525896997,	-0.0001958542531009,	-0.0000099843863013,	
  -0.0000101990833474,	0.0000401708123196,	0.0001695069575586,	0.0000366255969983,	-0.0000053558290410,	-0.0000749692757934,	-0.0001383406244972,	0.0001785463719599,	-0.0000186289640691,	-0.0000329489824532,	-0.0000692070722712,	-0.0000484584150698,	
  -0.0001283271654480,	0.0002088345426517,	-0.0000984626105319,	-0.0001110669639370,	0.0000545630189007,	0.0000859061271783,	-0.0000045139484871,	0.0001596634943318,	0.0002140631080809,	-0.0002996732254105,	0.0002924481877616,	0.0000489504531513,	
  -0.0000348072155476,	0.0001405871377853,	-0.0000803891239231,	-0.0000301219054000,	-0.0000756829996691,	-0.0001309890130159,	0.0000704695773493,	0.0001033783255568,	0.0000993985580581,	-0.0002360036261039,	0.0001546174834432,	0.0000612873775907,	
  0.0000648798169366,	-0.0000612969296688,	0.0000198219462758,	0.0000140117995990,	0.0001487880247300,	0.0001131201949193,	-0.0000194412065265,	-0.0002070923680028,	-0.0001037142375264,	0.0001737111835539,	-0.0001898094646119,	-0.0000620282021412,	
  -0.0000782292458124,	-0.0000802587005537,	0.0001768887435997,	0.0000146944691677,	-0.0000449070779407,	0.0000841171130809,	-0.0001813426009929,	0.0002465021880312,	0.0000271988982492,	0.0000743433386781,	0.0000449975263853,	-0.0000370729750445,	
  0.0000883194488765,	-0.0001162067974176,	0.0000234159738218,	0.0000576760097816,	-0.0000025611694799,	-0.0000335302964495,	0.0000304433095121,	-0.0001576408470087,	-0.0001324801184385,	0.0001817851991366,	-0.0001854292327779,	-0.0000276259537665,	
  0.0000005119768093,	-0.0000480135641404,	0.0002768225860927,	0.0000917368084312,	-0.0001071253718713,	-0.0001513522783333,	-0.0001943423547858,	0.0002806596685866,	-0.0000705229170852,	0.0000494860562277,	-0.0001233165971764,	-0.0000613269106262,	
  -0.0000012452514891,	-0.0001266881999047,	0.0001966571998690,	0.0000725484807041,	-0.0001004645748000,	-0.0000496581688431,	-0.0001370679612976,	0.0001729287423930,	-0.0000699565957419,	0.0001392116954195,	-0.0000888619679065,	-0.0000424042916129,	
  -0.0000099335347518,	0.0000603665748748,	0.0001207164212546,	0.0000259397556534,	-0.0000174224933455,	-0.0000919099122542,	-0.0000948779066208,	0.0001560211153204,	-0.0000011640972553,	-0.0000706034310021,	-0.0000350392426336,	-0.0000282322267948,	
};

