#pragma once

typedef float tinytype;

const PROGMEM tinytype Adyn_data[12*12] = {
  -0.0771760812725835,	0.0996981016511091,	0.1270838578756787,	-0.1340324003381265,	0.0073008469437273,	-0.0265712687448886,	0.0036278437486295,	0.0814257486413408,	-0.0631939238483405,	0.1381787614736532,	0.0629320909105527,	-0.1230366477657230,	
  -0.0049522176673018,	-0.0252194366796484,	-0.1216306753546076,	-0.1383603054414692,	-0.1279827829998148,	0.1387533945117119,	0.0589799239375261,	0.0781275848975077,	0.0606270093812540,	0.1004495521085370,	0.0487037915893168,	-0.0738853069616398,	
  0.0726454871287144,	-0.1220648647371608,	-0.0424396153174103,	-0.1346073795973540,	0.1425075013848868,	0.0495833818034628,	0.0305687677633821,	-0.0599656894099717,	-0.0502272836921450,	-0.0140072837322519,	-0.0791815266183323,	-0.1011770292707078,	
  0.1297356056775019,	0.0899211188592925,	-0.0216582114714601,	-0.0791812593437008,	0.0687873312731276,	0.0042031434713476,	-0.0539407606700750,	-0.0056280037121598,	0.0610064719340542,	0.0376534810100313,	-0.1053969361625120,	0.0639178341666367,	
  -0.0855511716117153,	0.0968939803073358,	0.0849885820053572,	0.0199246615305733,	0.0090315199341632,	-0.0260671120229220,	-0.1215778715180415,	0.0641716466579505,	-0.1205736755582594,	-0.1218203091228381,	-0.1298599733773839,	0.0637173041566056,	
  0.0766944977139635,	0.1272995274615858,	0.0071566948385282,	0.1261189206925077,	-0.0380888190040774,	0.0457425286164398,	-0.0591102414720113,	-0.0206980963215017,	-0.0771322656069685,	0.1404755613683857,	-0.0819198511294107,	0.0060127006553895,	
  0.0343105859556490,	0.1322007107604730,	-0.0672129173960360,	-0.0605745085327574,	-0.0576155439508458,	0.0702043986714113,	-0.0013056939308030,	0.0708313518899975,	-0.0543410237542530,	-0.1270355603675842,	0.1414727646302141,	-0.0702665802813034,	
  0.0885624741674662,	0.0886904434292770,	0.0979869816280655,	-0.1283339774500733,	0.1021284312108256,	0.1210079704385780,	-0.1291801174191032,	-0.0951404677720045,	0.1049628586968734,	-0.0635156225633198,	0.1316311531763841,	-0.0640644953193639,	
  -0.1396027255177240,	-0.0875787048205671,	-0.0279057518634624,	0.0551310623081406,	0.1114692334784042,	-0.1307782837158816,	-0.0787717050993487,	-0.0170633749514434,	0.1141633008540277,	-0.0975946748835125,	-0.1101946927899229,	-0.0470995211833154,	
  0.0245470700413130,	-0.1032111896323114,	0.0746627699758885,	0.1277670643478524,	0.0548347485220455,	-0.0704024549778773,	-0.0871693549017068,	-0.0960333373128211,	0.0402303476426697,	-0.0413308499385839,	0.0537428665619387,	0.0328370171640619,	
  0.0167328866358799,	-0.0446146696324457,	0.0483359950598245,	-0.1109357809590271,	-0.0958410909513238,	-0.1234385122563038,	0.0621859695804930,	-0.0854801843852184,	-0.0975388355112308,	-0.0621124998002866,	-0.0214358339006532,	-0.0965328430247393,	
  -0.0545994209893713,	0.0407099293515240,	-0.0729474259528835,	0.0776316370733182,	-0.0737119435873965,	0.0409974270535213,	-0.0529491801765035,	0.0627198836696462,	-0.1207229820420874,	-0.0506854976613820,	-0.1227746998035710,	-0.0938497940462793,	
};

const PROGMEM tinytype Bdyn_data[12*4] = {
  -0.9465188088213783,	-0.2979763484964817,	-0.7384963633885653,	0.1022598559284493,	
  0.3383623496785653,	-0.7809746024051840,	0.2458310934671877,	0.9073253154542251,	
  0.2796418177530249,	-0.1293297360554397,	0.5308831163910299,	0.8217209581356539,	
  -0.6498229877485051,	0.3314762175483859,	0.5216456415062556,	0.9041259808424777,	
  0.4217935201486647,	0.2313774030965252,	0.4336690707496929,	0.4865851689234293,	
  0.6573475271007005,	0.9196083769765502,	-0.8703838848301317,	0.8706187564414298,	
  -0.1705921912321213,	-0.6129711460396472,	0.5508160988584474,	-0.5304006522482005,	
  0.3021190620910994,	-0.2467012066068923,	0.9720017977398956,	-0.9939642249272651,	
  -0.3625187569497228,	0.3150104064494454,	-0.3629097578935341,	-0.3517698494170600,	
  -0.1625779851681812,	0.6204110877678137,	0.0791404667405944,	-0.7725516987442360,	
  -0.8766052355099900,	-0.4855578609298454,	-0.1403266260014719,	0.5176515149556919,	
  0.9731738031500228,	0.0047127786799384,	-0.9940111672560785,	-0.5547861664052509,	
};

const PROGMEM tinytype Q_data[12] = {
  8.8499528398857699,6.1813438285182203,8.2718689247250907,1.9460501408177557,5.3939380294723742,8.8686969837814864,8.8711134702783205,1.5438035729899688,9.4665750359124825,5.6775593321463456,
  1.1674362867813470,6.7543724866350736,
};

const PROGMEM tinytype Qf_data[12] = {
  79.6495755589719323,55.6320944566639852,74.4468203225258094,17.5144512673598030,48.5454422652513671,79.8182728540333812,79.8400212325048813,13.8942321569097196,85.1991753232123443,51.0980339893171092,
  10.5069265810321237,60.7893523797156661,
};

const PROGMEM tinytype R_data[4] = {
  0.1000000000000000,0.1000000000000000,0.1000000000000000,0.1000000000000000,
};

const PROGMEM tinytype umin[4] = {
  -3.0,	
  -3.0,	
  -3.0,	
  -3.0,	
};

const PROGMEM tinytype umax[4] = {
  3.0,	
  3.0,	
  3.0,	
  3.0,	
};

const PROGMEM tinytype xmin[12] = {
  -10000.0,	
  -10000.0,	
  -10000.0,	
  -10000.0,	
  -10000.0,	
  -10000.0,	
  -10000.0,	
  -10000.0,	
  -10000.0,	
  -10000.0,	
  -10000.0,	
  -10000.0,	
};

const PROGMEM tinytype xmax[12] = {
  10000.0,	
  10000.0,	
  10000.0,	
  10000.0,	
  10000.0,	
  10000.0,	
  10000.0,	
  10000.0,	
  10000.0,	
  10000.0,	
  10000.0,	
  10000.0,	
};

const PROGMEM tinytype rho_value = 85.0;

const PROGMEM tinytype Kinf_data[4*12] = {
  0.0086360971009526,	0.0018818303937837,	-0.0147594339902216,	0.0148617909581950,	-0.0087644380826102,	0.0172480066337376,	-0.0044671698427593,	-0.0004014933574959,	-0.0101455898768995,	-0.0036771810469066,	-0.0150159836365034,	0.0041296778650374,	
  0.0014605734442725,	-0.0024282093432861,	0.0095306752307102,	0.0305490621432690,	0.0126010216311274,	-0.0140139718811383,	-0.0149623580209743,	-0.0127116851335471,	0.0014981268854876,	0.0017154431907810,	-0.0198033549551135,	0.0153669943707930,	
  0.0126305393488307,	-0.0110891438938464,	-0.0056203406544290,	-0.0156727615197968,	0.0088522525518502,	0.0079262554135501,	0.0047898170316880,	-0.0066280718483332,	0.0100484021207156,	-0.0197561693537468,	0.0128023747543805,	0.0094974895442772,	
  0.0109721302800467,	0.0027301428594926,	-0.0030679282104264,	-0.0162178011577001,	-0.0017884513710918,	0.0119805269304579,	0.0076666747200359,	0.0015420108431640,	-0.0078060786410935,	0.0254936090786018,	-0.0138560479041491,	-0.0022018360921194,	
};

const PROGMEM tinytype Pinf_data[12*12] = {
  9.3014111741704077,	0.0712643463671486,	-0.0656683475855099,	-0.0537643108109121,	-0.0641770186289048,	0.2670598713875564,	0.1139510534112873,	-0.1502407650687732,	-0.0522432023732871,	0.1790570724356441,	0.1967720004691812,	0.0583054452252666,	
  0.0712643463671486,	6.9427898545144444,	0.1161787089295359,	-0.0115692828720442,	-0.3395124776941043,	0.2196341395283958,	-0.0954358593672019,	0.2999019565128863,	-0.3395007108097950,	0.1491004568807371,	0.1879808161066386,	-0.0177778287266872,	
  -0.0656683475855098,	0.1161787089295358,	8.6761154613624445,	0.0232150977589359,	0.1056365254831198,	-0.1734191071421988,	-0.1023123098668703,	-0.0410332210019298,	-0.0994283231780840,	0.1182997891727650,	0.0575357998586079,	0.0766392456215731,	
  -0.0537643108109121,	-0.0115692828720441,	0.0232150977589359,	2.6269058718265819,	-0.0133212885976894,	-0.2171778345696503,	-0.2178021811484605,	-0.1271896899843608,	0.0372096755530817,	-0.1425553438254979,	-0.2244369133860319,	0.3248630911676807,	
  -0.0641770186289048,	-0.3395124776941044,	0.1056365254831198,	-0.0133212885976894,	5.9208908799760573,	-0.2450608987096342,	-0.1216138628511411,	-0.2169529629044521,	0.1515363812118437,	-0.1815158784458610,	-0.2531625241096507,	-0.0077823738289999,	
  0.2670598713875564,	0.2196341395283958,	-0.1734191071421988,	-0.2171778345696503,	-0.2450608987096342,	9.3066862467082583,	0.1236503924562440,	0.1086056198159959,	-0.1172186671430700,	0.1976804848699083,	0.2186960874045538,	-0.1038748865287169,	
  0.1139510534112873,	-0.0954358593672020,	-0.1023123098668702,	-0.2178021811484605,	-0.1216138628511410,	0.1236503924562440,	9.1506533667254342,	0.0133799348520192,	0.0240805070391217,	0.1721895602911314,	0.1924669985584911,	-0.0428798777672493,	
  -0.1502407650687732,	0.2999019565128863,	-0.0410332210019298,	-0.1271896899843608,	-0.2169529629044520,	0.1086056198159959,	0.0133799348520192,	1.8460144784135544,	-0.1517201388953177,	0.0289528605975445,	0.0490104538518586,	-0.0923498710244371,	
  -0.0522432023732871,	-0.3395007108097950,	-0.0994283231780840,	0.0372096755530817,	0.1515363812118438,	-0.1172186671430700,	0.0240805070391217,	-0.1517201388953177,	9.9742648019684950,	-0.0153344375486019,	0.0565478104073735,	0.1199732120658124,	
  0.1790570724356440,	0.1491004568807371,	0.1182997891727650,	-0.1425553438254979,	-0.1815158784458610,	0.1976804848699082,	0.1721895602911314,	0.0289528605975444,	-0.0153344375486019,	6.3873683873403602,	0.1639693698192329,	-0.0510712273282628,	
  0.1967720004691812,	0.1879808161066386,	0.0575357998586079,	-0.2244369133860318,	-0.2531625241096507,	0.2186960874045537,	0.1924669985584911,	0.0490104538518586,	0.0565478104073735,	0.1639693698192329,	1.8523396988160030,	-0.0532507650829310,	
  0.0583054452252666,	-0.0177778287266873,	0.0766392456215730,	0.3248630911676808,	-0.0077823738289999,	-0.1038748865287169,	-0.0428798777672492,	-0.0923498710244372,	0.1199732120658124,	-0.0510712273282629,	-0.0532507650829310,	7.1971413200953611,	
};

const PROGMEM tinytype Quu_inv_data[4*4] = {
  0.0090963365929059,	-0.0004731821927741,	0.0000765246623209,	-0.0004620089162240,	
  -0.0004731821927741,	0.0095638237009705,	0.0008690453797556,	-0.0000869313125378,	
  0.0000765246623209,	0.0008690453797556,	0.0087683706057037,	-0.0000242563699854,	
  -0.0004620089162240,	-0.0000869313125378,	-0.0000242563699854,	0.0084505242138984,	
};

const PROGMEM tinytype AmBKt_data[12*12] = {
  -0.0603610376750070,	0.0922872641061658,	0.1121168165628256,	-0.1207783850527436,	0.0094801909596363,	-0.0097931543801138,	-0.0023055759308518,	0.0722054533445885,	-0.0641315522132729,	0.1180125699336521,	0.0536896732294073,	-0.1073098081907891,	
  -0.0197939478762598,	-0.0275036184220000,	-0.1050281598707413,	-0.1009632606358787,	-0.1157296009983202,	0.1091540069299607,	0.0406725703982118,	0.0685662125656058,	0.0698423371441801,	0.0847591731072761,	0.0477434390836754,	-0.0636183987615787,	
  0.0546979993174337,	-0.1192615192205116,	-0.0315749357849956,	-0.1131655441079969,	0.1433581881359003,	0.0288951293477896,	0.0210401971554156,	-0.0592457851498007,	-0.0461165087544686,	-0.0232175484489446,	-0.0729543519752683,	-0.1035772125535643,	
  0.1183545408848005,	0.0952650796463270,	-0.0287028033320513,	-0.0568114503928714,	0.0559143053337097,	0.0050899908148244,	-0.0613141914609248,	0.0003880507066732,	0.0557330143119060,	0.0219516209381750,	-0.1027410164074913,	0.0585440137966347,	
  -0.1003481152270805,	0.1001426409166260,	0.0929390090142747,	0.0212758251811166,	0.0068439972380905,	-0.0393666115755557,	-0.1220393823967914,	0.0694062608024320,	-0.1172003233143744,	-0.1245033852502483,	-0.1177541264918055,	0.0553724708636224,	
  0.0711153005523158,	0.1162667868359425,	0.0058734254035448,	0.0887345885206375,	-0.0346536250802611,	0.0437603735662379,	-0.0449200199024569,	-0.0158558740084864,	-0.0562986914707222,	0.1019245456431093,	-0.0306314844407362,	-0.0006501279831576,	
  0.0355416467082926,	0.1385894625995916,	-0.0624201896734064,	-0.0392826323685716,	-0.0572111849682351,	0.0665451837256427,	-0.0098111510260158,	0.0674396962894120,	-0.0648286444674159,	-0.1022074985460456,	0.1123712589316168,	-0.0665417907737055,	
  0.0849426678583584,	0.1010151965523011,	0.1072108873955880,	-0.1261734790888504,	0.0975029601896446,	0.1165436357323567,	-0.1285570424032418,	-0.0901799556711710,	0.0908715966731785,	-0.0174387066525511,	0.1050659093145284,	-0.0729412168852650,	
  -0.1284886635725738,	-0.0891955713764412,	-0.0393774665158248,	0.0395027362501590,	0.1069059528945395,	-0.1130201072255120,	-0.0712426631250790,	-0.0150675697514307,	0.1109141287369527,	-0.0976699280528798,	-0.1096280387809161,	-0.0477710065591850,	
  0.0325219044558181,	-0.0984119809110376,	0.0644249375805312,	0.0999415473307477,	0.0435097877567724,	-0.0502755963934295,	-0.0730689713355892,	-0.0864963090968396,	0.0308256090029626,	-0.0217343151358279,	0.0518701199264701,	0.0215218902087265,	
  0.0211051885959222,	-0.0471134481266590,	0.0408249264739604,	-0.0768786563339849,	-0.0952375168573178,	-0.1202128867853045,	0.0477084076330091,	-0.0937327134150945,	-0.1002541986280079,	-0.0804721109810121,	-0.0352454802010137,	-0.0829786464196722,	
  -0.0443686445522957,	0.0293819375485093,	-0.0659175729122653,	0.0384482487719276,	-0.0574349780602185,	0.0388035805917691,	-0.0395168365338095,	0.0574376226955989,	-0.1051991006197096,	-0.0526093972124639,	-0.1030296492959917,	-0.0897220471401178,	
};

const PROGMEM tinytype coeff_d2p_data[12*4] = {
  -0.0799414507594483,	-0.0275281668765009,	-0.0670960115795400,	0.0142183107681612,	
  0.0211592688564177,	-0.0523667025363693,	0.0105093041555222,	0.0524313555058323,	
  0.0202747453045316,	-0.0094622360986457,	0.0406547185400678,	0.0594772904959332,	
  -0.0130177855116827,	0.0098180843622430,	0.0097652486738138,	0.0192928031106121,	
  0.0206200906162016,	0.0160381378092391,	0.0233457867929092,	0.0212094402540887,	
  0.0434280122973634,	0.0667308077963945,	-0.0650817207389006,	0.0624336965533097,	
  -0.0110182479182511,	-0.0475004725538511,	0.0358541660167767,	-0.0426780053580706,	
  0.0082093569182209,	-0.0052517024292436,	0.0157332405594746,	-0.0141756119473162,	
  -0.0340307950048805,	0.0309444314146246,	-0.0305295028538052,	-0.0304705509913691,	
  -0.0103254764988491,	0.0363634588890027,	0.0058804330602979,	-0.0397524749140401,	
  -0.0150501013579068,	-0.0098456353196533,	-0.0058567890819587,	0.0075777849097850,	
  0.0617918448762070,	-0.0079027342403530,	-0.0611886177761297,	-0.0338193649015420,	
};

const PROGMEM tinytype dKinf_drho_data[4*12] = {
  -0.0000734791910023,	-0.0000156043059677,	0.0001379820234748,	-0.0001263197515582,	0.0000844037677437,	-0.0001576491309757,	0.0000361824365195,	-0.0000007355089358,	0.0000890251415214,	0.0000485335783410,	0.0001205819350564,	-0.0000315225945348,	
  -0.0000191215285693,	0.0000348351592247,	-0.0000937194150426,	-0.0002719363342953,	-0.0001314428542979,	0.0001374611454203,	0.0001363203723015,	0.0001282454192502,	-0.0000275942977804,	0.0000031106239395,	0.0001690986259665,	-0.0001519296541461,	
  -0.0001106580976492,	0.0000964368344063,	0.0000411001637652,	0.0001083560541300,	-0.0000859873404695,	-0.0000578181392988,	-0.0000284794013581,	0.0000676567542033,	-0.0000861908034307,	0.0001717731425026,	-0.0000942674940795,	-0.0000958189757319,	
  -0.0000881678776307,	-0.0000224819984629,	0.0000186095350960,	0.0001454767755449,	0.0000132877318137,	-0.0000948871404917,	-0.0000681802409950,	-0.0000137084740708,	0.0000619743906951,	-0.0002176449627071,	0.0001050350949086,	0.0000231540711424,	
};

const PROGMEM tinytype dPinf_drho_data[12*12] = {
  0.0004013910139293,	-0.0000961923933406,	-0.0002250729286951,	-0.0002032837497502,	0.0000392259626115,	0.0003931582549755,	0.0000828367520723,	-0.0001020674579869,	-0.0000050028509647,	0.0000385503070023,	-0.0001167935152343,	0.0001740717412015,	
  -0.0000961923933406,	0.0001949891493967,	0.0000086329842679,	0.0001000770596812,	-0.0001746067236601,	0.0000294536234215,	-0.0000078741324715,	0.0001334237187664,	-0.0001681670703419,	0.0003197314026526,	-0.0001505609754739,	-0.0001366371047055,	
  -0.0002250729286951,	0.0000086329842679,	0.0003629271449727,	0.0002179449622317,	0.0001921096365310,	-0.0004689798654407,	-0.0001260896946185,	-0.0000852795646435,	0.0001190517688683,	0.0001062646874294,	0.0000310817623856,	0.0000252369430090,	
  -0.0002032837497502,	0.0001000770596812,	0.0002179449622317,	0.0016805285646391,	0.0001436353925694,	-0.0004781549945880,	-0.0007330504045296,	-0.0003041910321386,	-0.0001385284822279,	-0.0000847054342926,	-0.0007910078994808,	0.0004227436147431,	
  0.0000392259626115,	-0.0001746067236601,	0.0001921096365310,	0.0001436353925694,	0.0003543926070791,	-0.0002806788157045,	-0.0001353173574736,	-0.0002150612709169,	0.0002314114643680,	-0.0001768182989724,	-0.0000211409570510,	0.0002693157926799,	
  0.0003931582549755,	0.0000294536234215,	-0.0004689798654407,	-0.0004781549945880,	-0.0002806788157045,	0.0007381454914396,	0.0002553461803265,	0.0001372781821664,	-0.0001822296440329,	0.0001070100063642,	-0.0000074569901185,	-0.0000770674510830,	
  0.0000828367520723,	-0.0000078741324715,	-0.0001260896946185,	-0.0007330504045296,	-0.0001353173574736,	0.0002553461803265,	0.0003402170870512,	0.0001619498417079,	0.0000041815512308,	0.0000807339973264,	0.0003327713911952,	-0.0002329265702416,	
  -0.0001020674579869,	0.0001334237187664,	-0.0000852795646435,	-0.0003041910321386,	-0.0002150612709169,	0.0001372781821664,	0.0001619498417079,	0.0002353899110816,	-0.0001055890782185,	0.0001614765308971,	0.0001194840872314,	-0.0002524457984985,	
  -0.0000050028509647,	-0.0001681670703419,	0.0001190517688683,	-0.0001385284822279,	0.0002314114643680,	-0.0001822296440329,	0.0000041815512308,	-0.0001055890782185,	0.0003125238939041,	-0.0003341173961518,	0.0003706607754683,	0.0001207797611690,	
  0.0000385503070023,	0.0003197314026526,	0.0001062646874294,	-0.0000847054342926,	-0.0001768182989724,	0.0001070100063642,	0.0000807339973264,	0.0001614765308971,	-0.0003341173961518,	0.0011273609687467,	-0.0005455564710460,	-0.0002104302448891,	
  -0.0001167935152343,	-0.0001505609754739,	0.0000310817623856,	-0.0007910078994808,	-0.0000211409570510,	-0.0000074569901185,	0.0003327713911952,	0.0001194840872314,	0.0003706607754683,	-0.0005455564710460,	0.0011063802843226,	-0.0002381037153324,	
  0.0001740717412015,	-0.0001366371047055,	0.0000252369430090,	0.0004227436147431,	0.0002693157926799,	-0.0000770674510830,	-0.0002329265702416,	-0.0002524457984985,	0.0001207797611690,	-0.0002104302448891,	-0.0002381037153324,	0.0003807867144970,	
};

const PROGMEM tinytype dC1_drho_data[4*4] = {
  -0.0000832378752071,	0.0000086783484401,	-0.0000009651676802,	0.0000081076359279,	
  0.0000086783484401,	-0.0000925720905680,	-0.0000158930355416,	0.0000013385871192,	
  -0.0000009651676802,	-0.0000158930355416,	-0.0000778986004135,	0.0000005151710865,	
  0.0000081076359279,	0.0000013385871192,	0.0000005151710865,	-0.0000717896187248,	
};

const PROGMEM tinytype dC2_drho_data[12*12] = {
  -0.0001479517678308,	0.0000691275418776,	0.0001311257245180,	-0.0001354504988744,	-0.0000241372478299,	-0.0001412530377843,	0.0000608077707656,	0.0000888840222191,	0.0000060524356612,	0.0001959750207182,	0.0000841633854000,	-0.0001482378693016,	
  0.0001171293120785,	0.0000291765981524,	-0.0001468690050784,	-0.0003282655711409,	-0.0001221305215774,	0.0002610031948578,	0.0001630827553657,	0.0000962111955354,	-0.0000867157559367,	0.0001412549876842,	0.0000191342258333,	-0.0001054401334098,	
  0.0001492707809135,	-0.0000238539194332,	-0.0000878174791059,	-0.0001769108844781,	-0.0000058718731286,	0.0001705285291828,	0.0000786565217519,	-0.0000078616627906,	-0.0000336323290216,	0.0000744822441888,	-0.0000481147886386,	0.0000210085044884,	
  0.0000960290477072,	-0.0000516663589803,	0.0000824645624941,	-0.0001799978466101,	0.0001312588265203,	-0.0000320586205188,	0.0000548249004727,	-0.0000658869204887,	0.0000559258370756,	0.0001376808912946,	-0.0000234859904059,	0.0000589263143097,	
  0.0001263075122631,	-0.0000323605388775,	-0.0000633943621324,	-0.0000015767351967,	0.0000256363807811,	0.0001059345930756,	-0.0000012768413951,	-0.0000520331607159,	-0.0000239430645977,	0.0000102192349123,	-0.0001002139026367,	0.0000787364134905,	
  0.0000463312654128,	0.0000817330638190,	0.0000150541271449,	0.0003007674612556,	-0.0000210172020899,	0.0000095063931197,	-0.0001145748068544,	-0.0000466298736645,	-0.0001621196625181,	0.0003042303783225,	-0.0004082631812185,	0.0000568794212666,	
  -0.0000100679596327,	-0.0000463524528377,	-0.0000466767638243,	-0.0001707615720846,	-0.0000117610203006,	0.0000388849658703,	0.0000692569644279,	0.0000339478565309,	0.0000786190249828,	-0.0001998682702217,	0.0002318576512632,	-0.0000334464338490,	
  0.0000374063137954,	-0.0001027748444916,	-0.0000862599132304,	0.0000103530141125,	0.0000388602816696,	0.0000434255503126,	-0.0000173876945309,	-0.0000475277085789,	0.0001116742042790,	-0.0003971906344716,	0.0002013160343518,	0.0000881928827443,	
  -0.0000917878089617,	0.0000104590877439,	0.0001010055864961,	0.0001303673086794,	0.0000454723944291,	-0.0001548136603426,	-0.0000641447297354,	-0.0000209342090003,	0.0000314870130779,	0.0000023916673794,	-0.0000068170276226,	0.0000098031531524,	
  -0.0000594396006272,	-0.0000491495978409,	0.0000917015454052,	0.0002519884876455,	0.0001123413367584,	-0.0001796421638793,	-0.0001291110907221,	-0.0000956293496555,	0.0000862929376624,	-0.0001757755665360,	0.0000032987200525,	0.0001146048375422,	
  -0.0000435848941003,	0.0000284061652485,	0.0000715837587628,	-0.0003028744141226,	-0.0000087790543371,	-0.0000304456662398,	0.0001292063284004,	0.0000782160768753,	0.0000204652750760,	0.0001808237669709,	0.0001202101073001,	-0.0001268352028607,	
  -0.0000873115643492,	0.0000984081199827,	-0.0000826604772970,	0.0003126282792461,	-0.0001596206014502,	0.0000426582313519,	-0.0001019885446121,	0.0000597576831921,	-0.0001377989762280,	0.0000027517406878,	-0.0001535750289113,	-0.0000510065995033,	
};

