#pragma once

typedef float tinytype;

const PROGMEM tinytype Adyn_data[12*12] = {
  -0.1040039256118824,	-0.1237534513727964,	-0.1040601289969997,	-0.0562999370935346,	-0.0737759792389562,	-0.0191067223705413,	-0.0151081051380617,	0.0929979052849891,	0.0343093628920422,	-0.0988560479765768,	0.0240296446911682,	0.0774225018565677,	
  -0.0347206101168377,	0.0260383921159628,	-0.1233717275575455,	-0.0284827184782987,	0.1065377436686354,	0.0282351697601580,	0.1102637709172594,	0.0818125028308636,	-0.0722231329006922,	-0.1447511755086254,	0.0721857509389183,	0.1304347304183669,	
  -0.0948209959989302,	-0.0563643785718315,	-0.0831823178041175,	0.0270074922215953,	0.1050141631339556,	-0.0906061371296173,	-0.0323793179789273,	0.1171128391390036,	-0.0140771357118271,	0.0483848360684127,	-0.0016552121527286,	0.0361293646939790,	
  0.0706507542795272,	-0.0104246001952407,	0.0177501142857663,	-0.0727483848279068,	-0.0780047803135576,	-0.0651330897734717,	-0.0953570067414944,	-0.0259107540592566,	-0.0740708463206045,	0.0921149917454202,	0.1440287686982996,	0.0203525189139025,	
  0.0424531413620706,	0.0182872487411735,	0.0222383098017786,	0.0845675821371472,	-0.0576734206805662,	-0.0723283820957138,	0.0663294064335430,	0.0388061426026143,	0.0551701495949062,	-0.0229309356816386,	0.0549924887317320,	0.0534348340322810,	
  0.0603640986268294,	0.0889505973027933,	-0.0231825748583524,	0.0363565472016558,	0.1396074706415090,	-0.0838955045508732,	-0.1340757189618221,	-0.0750162193571386,	0.0831517448114149,	0.0623672484864654,	0.0909521925743311,	0.0827415937758569,	
  0.0079524747453700,	0.0180328790205206,	0.0661943570292810,	0.0293160715058636,	-0.0091984572716745,	-0.1383108834630495,	-0.1297117342440758,	0.0849921734825292,	0.1082999743858329,	-0.0251244130020762,	-0.0433211418134469,	-0.1126953389800540,	
  -0.0335500238893608,	0.0487452609866744,	0.0395573592310247,	0.0824599355054248,	0.1315510542513674,	-0.0791836390121478,	0.0938339469507463,	0.0939228388884987,	-0.0037479558515433,	0.0848421643916034,	-0.0049570652141433,	0.1292650656108291,	
  0.0730943286133432,	0.1267615903346865,	0.0262540941394748,	-0.0820914263917885,	0.1171691800609190,	-0.0322145197106411,	-0.0275780795548936,	0.0806713374032989,	-0.1263764199921402,	0.0433330251919851,	-0.1158180562068611,	0.0602120388640858,	
  -0.0180160427555091,	0.0518732739715969,	-0.1241450370601994,	-0.0057039585417501,	-0.1270814125577268,	0.1368979054623100,	0.1155715659158450,	-0.1132951826169348,	-0.1338437671396826,	0.1232216554544911,	0.0464552191766407,	-0.0812233177644809,	
  0.0291860221465918,	0.1222654567411607,	0.0750319462436604,	0.0130488154706633,	0.0868753748016947,	-0.0692244963998615,	-0.1387714711531609,	-0.1252822953664638,	0.0454779360453501,	0.0802448382270730,	-0.0465704756730736,	-0.1130745363471996,	
  -0.1072561985966952,	-0.0013235130669649,	0.1104083434187884,	0.1223801912195428,	-0.0018545767402350,	0.0907153781267898,	-0.0473376929742418,	0.1437041367661153,	0.0745871944150430,	-0.0345412529828298,	-0.0672805202547083,	-0.0342537441910876,	
};

const PROGMEM tinytype Bdyn_data[12*4] = {
  0.6683121051493062,	0.7614704522849112,	0.9166457480352266,	-0.0301137574058070,	
  0.7462379221843614,	-0.0972218265113227,	0.8278779330628825,	0.6561359229617518,	
  0.0722704978832334,	-0.4144478123727600,	-0.4354411594308547,	0.1407993501885556,	
  -0.2089865783051315,	0.9440639525078867,	-0.4719481535918457,	0.9350104958234091,	
  -0.5623782632633005,	-0.5444851083897666,	-0.4686479024219661,	0.9380207614255955,	
  0.7517524940067377,	0.2393402312834731,	-0.8390339127766882,	-0.4648605502568446,	
  -0.6753425198425165,	-0.2053850016697831,	-0.0686265222223850,	-0.9987347845813903,	
  0.0362153540650159,	0.7833801235918845,	0.3468482610969554,	0.4278494552651599,	
  -0.4828078515315672,	0.4449575829250272,	0.3975696560927544,	0.2492211413148289,	
  -0.0810139273719352,	0.2388082162648788,	0.1741013032812031,	-0.5010092529819059,	
  -0.6413120211605665,	-0.2839172858100234,	0.2564644996672172,	0.5573043499960406,	
  0.7733157999957900,	-0.9722699065279641,	0.5255891649506874,	0.9018469306558397,	
};

const PROGMEM tinytype Q_data[12] = {
  7.7658542918552032,2.4393850858307249,4.9183734883507082,9.3039383465599261,0.9127571810966212,7.8089419166515883,6.8791817458803646,8.9725672163303720,9.8699484950380310,3.8395305174487473,
  8.6937719123150554,7.7600450129092682,
};

const PROGMEM tinytype Qf_data[12] = {
  69.8926886266968239,21.9544657724765244,44.2653613951563756,83.7354451190393405,8.2148146298695899,70.2804772498642905,61.9126357129232829,80.7531049469733517,88.8295364553422786,34.5557746570387252,
  78.2439472108355005,69.8404051161834190,
};

const PROGMEM tinytype R_data[4] = {
  0.1000000000000000,0.1000000000000000,0.1000000000000000,0.1000000000000000,
};

const PROGMEM tinytype umin[4] = {
  -3.0,	
  -3.0,	
  -3.0,	
  -3.0,	
};

const PROGMEM tinytype umax[4] = {
  3.0,	
  3.0,	
  3.0,	
  3.0,	
};

const PROGMEM tinytype xmin[12] = {
  -10000.0,	
  -10000.0,	
  -10000.0,	
  -10000.0,	
  -10000.0,	
  -10000.0,	
  -10000.0,	
  -10000.0,	
  -10000.0,	
  -10000.0,	
  -10000.0,	
  -10000.0,	
};

const PROGMEM tinytype xmax[12] = {
  10000.0,	
  10000.0,	
  10000.0,	
  10000.0,	
  10000.0,	
  10000.0,	
  10000.0,	
  10000.0,	
  10000.0,	
  10000.0,	
  10000.0,	
  10000.0,	
};

const PROGMEM tinytype rho_value = 85.0;

const PROGMEM tinytype Kinf_data[4*12] = {
  -0.0153350872488036,	-0.0142630143003077,	-0.0120676790822053,	0.0082646753560974,	-0.0010952316448186,	0.0114912973243539,	0.0069644272510733,	0.0097032608760830,	0.0092753832889611,	-0.0128796931982001,	0.0112774647358746,	0.0172556007713110,	
  0.0098735924552058,	0.0004832037513719,	-0.0108167032801762,	-0.0162947815743905,	0.0014793669938813,	-0.0135267377263717,	0.0030046367626918,	-0.0010481957976695,	-0.0164198954160118,	0.0116869465039747,	0.0149896155409366,	0.0219640105762569,	
  -0.0148396814150476,	-0.0035015166665738,	-0.0014955529828708,	-0.0004419919679178,	-0.0024622600544883,	0.0100752208925861,	0.0133563760825207,	0.0176896877890707,	-0.0032854232000681,	-0.0137047898768089,	-0.0165301232543279,	0.0020489081671653,	
  -0.0019124203826540,	0.0044711806997648,	0.0095364198525872,	0.0020789809617035,	0.0042512164547266,	0.0023158407094006,	0.0012903723911203,	0.0089764601311508,	-0.0111700482941894,	0.0080088717763909,	0.0033620753315900,	0.0094659715798482,	
};

const PROGMEM tinytype Pinf_data[12*12] = {
  8.0964349070458628,	0.2531732120993883,	0.0917690920768787,	-0.1514955311640468,	0.0974258381414875,	-0.1003089039782218,	-0.1621490597341745,	-0.2649626371031199,	-0.1235863599665510,	0.1664873482747640,	0.0411240291383007,	-0.0308675667640529,	
  0.2531732120993884,	2.9548303438806856,	0.2163333565783818,	0.0427646169687945,	0.4282269139934698,	-0.1374204453674322,	-0.1973786596247034,	-0.1623709976617030,	-0.0671873548157945,	0.2953111470108133,	-0.1617636035495168,	-0.0310407639191694,	
  0.0917690920768787,	0.2163333565783818,	5.3855073485356995,	0.1865429090110116,	0.1530192273066974,	-0.1192184141495265,	-0.2623938349455119,	0.0595695539664643,	0.2023632897894483,	0.1147756446728924,	-0.2051367827721187,	-0.1777326657534493,	
  -0.1514955311640468,	0.0427646169687945,	0.1865429090110115,	9.6531724599587729,	0.1411823413189478,	-0.0223063589436221,	0.0272611986946676,	0.1300342692696272,	0.2650794700685467,	0.0383889347515317,	-0.0601466912281014,	-0.0240727334893661,	
  0.0974258381414875,	0.4282269139934699,	0.1530192273066974,	0.1411823413189478,	1.7009149874580227,	-0.3337998928410346,	-0.1544343122685549,	0.1310432874127345,	0.0499434375354424,	0.2097102684112123,	-0.2152957804836949,	0.2712729813903983,	
  -0.1003089039782218,	-0.1374204453674322,	-0.1192184141495266,	-0.0223063589436221,	-0.3337998928410346,	8.3176995047000126,	0.3563525418811279,	-0.1081692332017476,	-0.1711216959737581,	-0.1402052033921010,	-0.0304310347543487,	-0.0880606101456116,	
  -0.1621490597341744,	-0.1973786596247034,	-0.2623938349455119,	0.0272611986946676,	-0.1544343122685549,	0.3563525418811280,	7.6566401778898410,	0.1283834967137664,	-0.2923250174349826,	-0.1324438137112372,	-0.0006875774834295,	0.2536713656656358,	
  -0.2649626371031198,	-0.1623709976617030,	0.0595695539664643,	0.1300342692696271,	0.1310432874127345,	-0.1081692332017476,	0.1283834967137664,	9.7275127160261672,	0.0296437898578717,	-0.1967630094007706,	-0.1973139131111278,	0.2746487325592819,	
  -0.1235863599665510,	-0.0671873548157945,	0.2023632897894483,	0.2650794700685467,	0.0499434375354423,	-0.1711216959737581,	-0.2923250174349826,	0.0296437898578717,	10.3832634723232768,	-0.1217882901370387,	-0.0134756316838374,	-0.1476781239408208,	
  0.1664873482747640,	0.2953111470108133,	0.1147756446728925,	0.0383889347515317,	0.2097102684112123,	-0.1402052033921010,	-0.1324438137112371,	-0.1967630094007707,	-0.1217882901370387,	4.2757707431666399,	0.0412124514938246,	-0.0241733124681370,	
  0.0411240291383007,	-0.1617636035495168,	-0.2051367827721187,	-0.0601466912281015,	-0.2152957804836949,	-0.0304310347543487,	-0.0006875774834296,	-0.1973139131111278,	-0.0134756316838374,	0.0412124514938246,	9.1394215489011241,	0.0970671771261278,	
  -0.0308675667640528,	-0.0310407639191694,	-0.1777326657534493,	-0.0240727334893661,	0.2712729813903983,	-0.0880606101456117,	0.2536713656656359,	0.2746487325592819,	-0.1476781239408207,	-0.0241733124681369,	0.0970671771261278,	8.2956088712994429,	
};

const PROGMEM tinytype Quu_inv_data[4*4] = {
  0.0091075117962111,	0.0001665268894383,	-0.0002349885107140,	-0.0001201904031966,	
  0.0001665268894383,	0.0085776088586975,	0.0000241749985563,	-0.0002046915476579,	
  -0.0002349885107140,	0.0000241749985563,	0.0092313211657769,	-0.0006094016166677,	
  -0.0001201904031966,	-0.0002046915476579,	-0.0006094016166677,	0.0083290804165485,	
};

const PROGMEM tinytype AmBKt_data[12*12] = {
  -0.0877286093746891,	-0.1112449572240864,	-0.0861004833296467,	-0.0489475689974190,	-0.0717854766162066,	-0.0256519541082286,	-0.0342546656740772,	0.0713664065570458,	0.0432889742313277,	-0.0863440429517602,	0.0203321410837483,	0.0475723629242030,	
  -0.0087768052889863,	0.0366940983281352,	-0.1204370397728656,	-0.0372325197661235,	0.1067479487491420,	0.0084842744441309,	0.0934546587660665,	0.0539349739698661,	-0.0706921485620351,	-0.1279126490911829,	0.0767063427608121,	0.1117861181207367,	
  -0.0958131733488439,	-0.0572875645035080,	-0.0887870866833269,	0.0191716827787372,	0.1040356985972516,	-0.0929816487678416,	-0.0260031431775651,	0.1224160955964990,	-0.0214105349607957,	0.0470640137847465,	-0.0039291008321733,	0.0435446062697557,	
  0.0529091970351606,	-0.0196946892021296,	0.0158173148544676,	-0.0577903290190325,	-0.0847672771704782,	-0.0473718108555308,	-0.0916410988768692,	-0.0229378078509102,	-0.0477374213574882,	0.0644337543766643,	0.1212895148999454,	-0.0046605271157992,	
  0.0340443501419970,	0.0046940980114567,	-0.0000840720397989,	0.0781859240852862,	-0.0626255241584396,	-0.0706816090487287,	0.0769310704512224,	0.0435624477093075,	0.0603840655195136,	-0.0377460358705948,	0.0585958081540085,	0.0671790241507380,	
  0.0561891360566709,	0.0986977880684752,	-0.0083435090374585,	0.0346391436648549,	0.1399870448561620,	-0.0797666284438134,	-0.1282240792700437,	-0.0630447443387000,	0.0721597975784759,	0.0614766585577834,	0.0665802744785345,	0.0706322416829460,	
  -0.0033044704016445,	0.0127249285873567,	0.0652446712351307,	0.0335968726769931,	-0.0055574125722155,	-0.1303241727797698,	-0.1221859116364406,	0.1015089991651698,	0.0998102519161594,	-0.0243640671728138,	-0.0304029314371915,	-0.0869362151963619,	
  -0.0347640886398839,	0.0481847716253414,	0.0449065627665888,	0.0941894486383397,	0.1294669617285620,	-0.0734886269742948,	0.0860432340900731,	0.0844163565875035,	0.0146977949607850,	0.0774801765549824,	-0.0128130670602617,	0.1066733075805678,	
  0.0676735208791893,	0.1199380738906328,	0.0234586071209366,	-0.0711930930292398,	0.1159015649279487,	-0.0252303651845964,	-0.0311842132339594,	0.0765525438787525,	-0.1105020383818849,	0.0353670411557838,	-0.1113089756210123,	0.0555964213858488,	
  -0.0199908258351433,	0.0534520996584569,	-0.1175013572107973,	-0.0000245369342516,	-0.1249648451029149,	0.1404653052330688,	0.1137393755981912,	-0.1108412736902961,	-0.1341954270666917,	0.1257858227216270,	0.0483515543881912,	-0.0806847381968129,	
  0.0270263815870695,	0.1116618103763430,	0.0592906175242565,	0.0126774110854426,	0.0848552683134678,	-0.0695700285346592,	-0.1375965983780979,	-0.1288964756347963,	0.0538321696308522,	0.0743544752802797,	-0.0327166004274752,	-0.1015732492182412,	
  -0.0762732503040740,	0.0079841443435642,	0.1014093707050843,	0.0985034450167391,	-0.0021090821010987,	0.0612933755472811,	-0.0579857616333194,	0.1177884213382072,	0.0632502803909734,	-0.0132380037109243,	-0.0557716334586330,	-0.0358565677436081,	
};

const PROGMEM tinytype coeff_d2p_data[12*4] = {
  0.0502199595208177,	0.0501346326868341,	0.0690141309480139,	-0.0076281645111719,	
  0.0196084044419707,	-0.0032974529638060,	0.0202323927650864,	0.0175994330502179,	
  0.0042973475049485,	-0.0145593624303573,	-0.0207608371145955,	0.0122290797430475,	
  -0.0193959919588147,	0.0756517993092293,	-0.0479009298862747,	0.0782769894951504,	
  -0.0043146805676766,	-0.0082832140570496,	-0.0014613393303410,	0.0204340863806609,	
  0.0578499761502165,	0.0186656204548596,	-0.0646953567763756,	-0.0365344202461492,	
  -0.0423228952050486,	-0.0136273102677693,	-0.0026950853844903,	-0.0636287939055948,	
  0.0011331612141342,	0.0606269238770829,	0.0251160936943143,	0.0340199981072159,	
  -0.0481968974581496,	0.0400191822400218,	0.0344386776624098,	0.0237739487126469,	
  -0.0011962374595013,	0.0071146928834065,	0.0101149560320564,	-0.0142420066294149,	
  -0.0542927791201626,	-0.0246343742300746,	0.0212953213205639,	0.0388176792314783,	
  0.0512951262459151,	-0.0702730013463160,	0.0342074314010486,	0.0616046070069117,	
};

const PROGMEM tinytype dKinf_drho_data[4*12] = {
  0.0001332612530627,	0.0001286545395022,	0.0001112356805844,	-0.0000722133749133,	0.0000088564245712,	-0.0000990292831071,	-0.0000593222979516,	-0.0000827613143463,	-0.0000840418170681,	0.0001124982387032,	-0.0001082364695658,	-0.0001591808825481,	
  -0.0000807337741495,	-0.0000007493642534,	0.0000957445569603,	0.0001371033625985,	-0.0000101468297314,	0.0001129459956642,	-0.0000270921484571,	0.0000091134619200,	0.0001355155227979,	-0.0000958494446515,	-0.0001286732192200,	-0.0001873417463813,	
  0.0001296455080640,	0.0000301848222087,	0.0000150888175245,	0.0000077484926549,	0.0000214493524321,	-0.0000853526438150,	-0.0001189051772273,	-0.0001567358380896,	0.0000259248488494,	0.0001265533117897,	0.0001567803104643,	-0.0000118764155257,	
  0.0000068686954056,	-0.0000403721188378,	-0.0000834012245275,	-0.0000193038184811,	-0.0000366815324410,	-0.0000145205561918,	-0.0000016388179283,	-0.0000630342713398,	0.0000889375823691,	-0.0000734811657322,	-0.0000337892299959,	-0.0000714382182420,	
};

const PROGMEM tinytype dPinf_drho_data[12*12] = {
  0.0005907143262875,	0.0002896659128388,	0.0001130280094206,	-0.0002935565963434,	0.0000946771167154,	-0.0004949154313565,	-0.0003123749169186,	-0.0004372220119454,	-0.0002322041871434,	0.0005181353050442,	0.0002071665122792,	-0.0000818024915620,	
  0.0002896659128388,	0.0002661775082502,	0.0002668322744147,	-0.0000989804714084,	0.0000736819460916,	-0.0002201107356022,	-0.0001808873578258,	-0.0001591043355249,	-0.0001560747518525,	0.0002959455193128,	-0.0000952976032601,	-0.0002054975744665,	
  0.0001130280094206,	0.0002668322744147,	0.0004692580310863,	0.0001462711797110,	0.0000897359580295,	-0.0000250319062128,	-0.0001980748245833,	-0.0000351674825442,	0.0000281448362428,	0.0001585218212740,	-0.0002781992346527,	-0.0003794523997514,	
  -0.0002935565963434,	-0.0000989804714084,	0.0001462711797110,	0.0003834848796297,	-0.0000111211191910,	0.0003071638872279,	-0.0000128287332825,	0.0001225758964440,	0.0003642528513670,	-0.0002630989432967,	-0.0001506015774786,	-0.0002134973335799,	
  0.0000946771167154,	0.0000736819460916,	0.0000897359580295,	-0.0000111211191910,	0.0000870450177066,	-0.0000997301142523,	-0.0000698751680924,	0.0000058562961157,	-0.0000585292619975,	0.0001266349747812,	0.0000602586808376,	0.0000777690978318,	
  -0.0004949154313565,	-0.0002201107356022,	-0.0000250319062128,	0.0003071638872279,	-0.0000997301142523,	0.0004685496652469,	0.0002097968744499,	0.0003036012000413,	0.0002582871262683,	-0.0004489890760574,	-0.0002293077157608,	-0.0000838551106049,	
  -0.0003123749169186,	-0.0001808873578258,	-0.0001980748245833,	-0.0000128287332825,	-0.0000698751680924,	0.0002097968744499,	0.0002992670677642,	0.0003147664247261,	-0.0000753219578283,	-0.0002566444147333,	-0.0000701799430135,	0.0002361352668795,	
  -0.0004372220119454,	-0.0001591043355249,	-0.0000351674825442,	0.0001225758964440,	0.0000058562961157,	0.0003036012000413,	0.0003147664247261,	0.0005153185900065,	-0.0000432723440892,	-0.0003035448600917,	-0.0001661423304632,	0.0002870238657640,	
  -0.0002322041871434,	-0.0001560747518525,	0.0000281448362428,	0.0003642528513670,	-0.0000585292619975,	0.0002582871262683,	-0.0000753219578283,	-0.0000432723440892,	0.0005391699009396,	-0.0003442616254278,	-0.0001465927676952,	-0.0003358693842706,	
  0.0005181353050442,	0.0002959455193128,	0.0001585218212740,	-0.0002630989432967,	0.0001266349747812,	-0.0004489890760574,	-0.0002566444147333,	-0.0003035448600917,	-0.0003442616254278,	0.0005759146212244,	0.0002783918832860,	0.0000855320483912,	
  0.0002071665122792,	-0.0000952976032601,	-0.0002781992346527,	-0.0001506015774786,	0.0000602586808376,	-0.0002293077157608,	-0.0000701799430135,	-0.0001661423304632,	-0.0001465927676952,	0.0002783918832860,	0.0006534696755397,	0.0005383409512337,	
  -0.0000818024915620,	-0.0002054975744665,	-0.0003794523997514,	-0.0002134973335799,	0.0000777690978318,	-0.0000838551106049,	0.0002361352668795,	0.0002870238657640,	-0.0003358693842706,	0.0000855320483912,	0.0005383409512337,	0.0009182259568180,	
};

const PROGMEM tinytype dC1_drho_data[4*4] = {
  -0.0000830873890151,	-0.0000029354054449,	0.0000041827254983,	0.0000019992368311,	
  -0.0000029354054449,	-0.0000737814305246,	-0.0000003887534334,	0.0000035310006920,	
  0.0000041827254983,	-0.0000003887534334,	-0.0000858819982034,	0.0000106596474909,	
  0.0000019992368311,	0.0000035310006920,	0.0000106596474909,	-0.0000699016497600,	
};

const PROGMEM tinytype dC2_drho_data[12*12] = {
  -0.0001462158865444,	-0.0001142953125203,	-0.0001635894276209,	-0.0000638230202720,	-0.0000189584211986,	0.0000579782997926,	0.0001692202545246,	0.0001901437970398,	-0.0000681105604377,	-0.0001204147639139,	0.0000255870716281,	0.0002577729076839,	
  -0.0002191311386235,	-0.0000945795015636,	-0.0000314689820789,	0.0000734689208542,	-0.0000012848676029,	0.0001650692513388,	0.0001411488598728,	0.0002337628501470,	-0.0000039274953816,	-0.0001498261716671,	-0.0000393643190049,	0.0001572785078777,	
  0.0000123950893084,	0.0000092195820776,	0.0000499551945763,	0.0000681330629805,	0.0000096592772257,	0.0000188455471074,	-0.0000584864933868,	-0.0000496157948687,	0.0000610042483648,	0.0000175977248267,	0.0000275200711193,	-0.0000612523207578,	
  0.0001588313150781,	0.0000795885457328,	0.0000179599392640,	-0.0001228198088369,	0.0000558507301601,	-0.0001540291843234,	-0.0000414056101930,	-0.0000409331788713,	-0.0002164213203040,	0.0002424308905704,	0.0002044412412315,	0.0002047863530637,	
  0.0000853000108075,	0.0001239604380752,	0.0001999914371522,	0.0000557782042167,	0.0000439160959991,	-0.0000205742578692,	-0.0001023002589378,	-0.0000559074864832,	-0.0000447527797044,	0.0001393137719873,	-0.0000257607266011,	-0.0001300799847105,	
  0.0000311133242636,	-0.0000899783338161,	-0.0001326471342281,	0.0000189998986068,	-0.0000032843579418,	-0.0000309508066167,	-0.0000494473713893,	-0.0001007740231813,	0.0000938397298597,	0.0000103938219648,	0.0002280004312732,	0.0001213295175320,	
  0.0000891726094686,	0.0000484824126797,	0.0000125264698723,	-0.0000393574311130,	-0.0000312660144939,	-0.0000640409117514,	-0.0000554239843955,	-0.0001277312210679,	0.0000616800327495,	-0.0000084144769106,	-0.0001225114313208,	-0.0002181416738249,	
  0.0000105130438898,	0.0000027314033193,	-0.0000485831840597,	-0.0000992172391783,	0.0000158825892579,	-0.0000490762393480,	0.0000653150499456,	0.0000771906569254,	-0.0001501604477485,	0.0000585564668514,	0.0000647975900324,	0.0001872087092890,	
  0.0000470077401263,	0.0000605098732631,	0.0000258896856830,	-0.0000941400111129,	0.0000094050618614,	-0.0000605158418126,	0.0000310951041642,	0.0000340099699345,	-0.0001333467676355,	0.0000649632734895,	-0.0000489133963668,	0.0000290309674628,	
  0.0000109457341097,	-0.0000148802581261,	-0.0000582647155110,	-0.0000496121129232,	-0.0000189715073336,	-0.0000274101093920,	0.0000215443786862,	-0.0000131740282087,	0.0000008742237930,	-0.0000268442814219,	-0.0000222648127812,	-0.0000018806291070,	
  0.0000254629053263,	0.0000970531674163,	0.0001411304330712,	0.0000013855978831,	0.0000177406513393,	-0.0000014590569500,	-0.0000143277549102,	0.0000248380955074,	-0.0000716359330695,	0.0000534281001839,	-0.0001273235992391,	-0.0001124154649206,	
  -0.0002558828377586,	-0.0000796745164917,	0.0000743538614775,	0.0002024817829928,	0.0000050933099633,	0.0002443506457582,	0.0000835072253757,	0.0002120872991748,	0.0001029146243452,	-0.0001804344817416,	-0.0000933334458692,	0.0000116188024606,	
};

