#pragma once

typedef float tinytype;

const PROGMEM tinytype Adyn_data[12*12] = {
  -0.0587544766693959,	0.1414845322230885,	0.0834170756536008,	0.0015193380364827,	-0.1037978595749450,	-0.0627146056553203,	0.0128866049037814,	0.0518866648235809,	-0.1379584199972528,	-0.1519130924570576,	0.1265501162589891,	0.0754347209761123,	
  -0.0779641000565852,	0.1488790536826761,	0.0240108043063431,	0.0802080194714198,	0.1591119444557827,	-0.1309686238561289,	-0.0849591981374959,	-0.0676995512412614,	-0.1435720785802530,	0.0415410050511907,	0.0482087858472266,	-0.0428404430523940,	
  -0.1475274205591049,	-0.1496208374572817,	-0.0559534249353420,	0.0046201068041379,	-0.0254192448285399,	0.0216815379699915,	-0.1554812444653842,	0.1131119459813459,	0.0765328882755839,	-0.1233233404954275,	-0.0685448971043803,	-0.1341417887479197,	
  0.1422682471663173,	-0.0166972081298615,	-0.0409174930706854,	-0.0409621102591996,	0.0366240513886017,	-0.0341854242416712,	0.0285372743843587,	-0.0740683574434902,	0.1388292381968376,	0.0932249402187249,	0.0629585975796527,	-0.1374503365565219,	
  -0.0373959886565074,	-0.0871697466637012,	-0.0687927311436535,	0.0247484510359535,	0.0667988399704734,	-0.0907402739358864,	-0.0948336416168557,	-0.1596329596157278,	-0.0978755475106991,	-0.1611470523097789,	-0.1414197274851341,	0.0495081838387046,	
  -0.0788944407953227,	0.0534804107733018,	-0.1550168971427656,	0.0333173276706351,	0.1228705036671735,	0.1453642065045200,	0.1472157804720660,	0.1036806689276725,	-0.1059403340157955,	-0.1156385001685752,	-0.1448166344026777,	-0.1053867513082152,	
  -0.1556934519638396,	0.0088430245671388,	0.0851224616062835,	-0.0025672062781532,	0.0834212090406706,	-0.0175574124677560,	-0.1136416120740637,	0.0386803998471056,	0.0059490262536683,	-0.0296600315940562,	-0.0786653204631651,	0.0673546220886992,	
  -0.0762376688147382,	0.0718215451384840,	0.1365466885403911,	-0.0738231846864982,	0.1396638426810044,	-0.1031369457901914,	0.0044586645483246,	0.0552469464150491,	0.1081338963991741,	0.0819824997949479,	-0.0092114840024321,	-0.0708334417131985,	
  0.0748522044326265,	-0.0128256890038023,	-0.0542519771147849,	-0.0428556839303801,	0.0573206123686951,	-0.0490828111969963,	-0.0459792005445481,	0.1406663982000217,	-0.1059746054865700,	0.1418137340061064,	0.1073647104791636,	-0.0248884148606390,	
  -0.0294878275508655,	0.0134741974740407,	0.0718946389595428,	0.0551463765507645,	-0.0111470848754006,	-0.1021636084009308,	-0.0746816667278569,	-0.0035024947873694,	-0.0096459410628253,	0.0739549122167771,	-0.0859379582082054,	-0.0656051382830100,	
  0.0431151791914719,	-0.1145177298409665,	0.0429826077069377,	0.0121795616465846,	0.0836787682123178,	-0.0475768621920156,	-0.0034836317645678,	0.1022941107070091,	-0.0902646990884692,	-0.0735036672578713,	-0.0294772529627511,	-0.0305325325224089,	
  -0.0213338138451560,	-0.0225284360321346,	0.1203824439392384,	0.0024635685432027,	0.0415057767657241,	0.0180646170740651,	-0.0185945733700934,	0.1084488016015668,	0.0278220664661859,	0.0236207012374150,	0.0286206100241118,	-0.1207340561566899,	
};

const PROGMEM tinytype Bdyn_data[12*4] = {
  -0.5386596339194119,	-0.2884105522513329,	0.8772950573558043,	-0.5526515387965361,	
  0.2736215165551674,	-0.7752424429877620,	0.4166807123268848,	-0.7450471899924171,	
  0.2551594954803877,	0.5850969745366013,	-0.6853409630283906,	0.6834169735375235,	
  0.8042660575321616,	0.9246697944342241,	-0.4715620482248037,	-0.1934276013642717,	
  -0.9256728527617082,	-0.2058312633373183,	-0.9407447362735772,	-0.8584735428889712,	
  0.7326347120670123,	-0.6952084880730383,	0.2494549637645149,	-0.1655800300261216,	
  -0.4987735408312788,	0.0642949370097365,	0.3900843758313999,	0.2260063944467769,	
  0.3592693098687472,	-0.9113934604506200,	-0.6374545068274042,	-0.9034051433007277,	
  0.9417345281554816,	0.3272620551899856,	0.8981748460123344,	-0.3798071733718933,	
  -0.7132480649030952,	-0.4021854073203106,	0.8753070261051690,	-0.6835521967008322,	
  0.8342467857747426,	0.0941587087243390,	-0.7421560881732783,	-0.8465983171952334,	
  0.8555161504556164,	0.8162113772958195,	0.0353100284490984,	-0.4700952924999773,	
};

const PROGMEM tinytype Q_data[12] = {
  4.2827256154906959,6.4392247902444764,9.0812786921263911,6.8246354291557045,2.9156732948854773,0.9116790436266587,7.8015490391596334,2.5449612616050135,6.2742898741043147,2.0571428789156139,
  1.0506280094007201,8.2462278232568416,
};

const PROGMEM tinytype Qf_data[12] = {
  38.5445305394162645,57.9530231122002846,81.7315082291375177,61.4217188624013417,26.2410596539692946,8.2051113926399282,70.2139413524367058,22.9046513544451216,56.4686088669388297,18.5142859102405239,
  9.4556520846064807,74.2160504093115776,
};

const PROGMEM tinytype R_data[4] = {
  0.1000000000000000,0.1000000000000000,0.1000000000000000,0.1000000000000000,
};

const PROGMEM tinytype umin[4] = {
  -3.0,	
  -3.0,	
  -3.0,	
  -3.0,	
};

const PROGMEM tinytype umax[4] = {
  3.0,	
  3.0,	
  3.0,	
  3.0,	
};

const PROGMEM tinytype xmin[12] = {
  -10000.0,	
  -10000.0,	
  -10000.0,	
  -10000.0,	
  -10000.0,	
  -10000.0,	
  -10000.0,	
  -10000.0,	
  -10000.0,	
  -10000.0,	
  -10000.0,	
  -10000.0,	
};

const PROGMEM tinytype xmax[12] = {
  10000.0,	
  10000.0,	
  10000.0,	
  10000.0,	
  10000.0,	
  10000.0,	
  10000.0,	
  10000.0,	
  10000.0,	
  10000.0,	
  10000.0,	
  10000.0,	
};

const PROGMEM tinytype rho_value = 85.0;

const PROGMEM tinytype Kinf_data[4*12] = {
  0.0115095323257747,	-0.0032232161316179,	-0.0019898142651641,	-0.0044806080133484,	0.0108241095247977,	0.0014792227408553,	0.0027235688483843,	0.0158380129675857,	0.0066150547546215,	0.0188040544601395,	0.0132750145369197,	-0.0238035549255423,	
  0.0068536271827669,	-0.0179510784365865,	-0.0016954738232670,	-0.0048200820751674,	-0.0062967011304950,	0.0079860291859833,	-0.0046081685653591,	0.0105041509633877,	0.0160924850012757,	0.0013346308280521,	0.0028668030615632,	-0.0154261427047746,	
  0.0000904141315301,	0.0192851532983573,	0.0084189677749521,	0.0021686129199854,	-0.0001903459142075,	-0.0044733250375736,	0.0017771396799717,	0.0108458880781727,	-0.0223878639073704,	0.0098090281543582,	0.0141152407748622,	0.0125282982888054,	
  -0.0051143768416353,	-0.0144840789744596,	-0.0112134884446281,	-0.0024411986665995,	-0.0135740862580231,	0.0166542344940007,	-0.0011890388317022,	0.0049234994547248,	0.0145088910982930,	-0.0074649244467314,	-0.0077703090500183,	0.0027121170933357,	
};

const PROGMEM tinytype Pinf_data[12*12] = {
  4.9461088159436128,	0.0485882749359035,	-0.1869299173821362,	-0.0992875512846556,	-0.1429823799662036,	0.0561348046554185,	0.4246034740091723,	-0.2522872784228086,	0.0765312193215308,	0.3621239447247965,	0.2553035120925000,	0.0538134797843249,	
  0.0485882749359035,	6.8441322494009222,	0.1494253121037501,	0.0429008038611825,	0.0847834792512279,	-0.1177024130199314,	0.1575374207970986,	-0.1293696196913035,	-0.1951965548111677,	0.1167836316449014,	0.1934834117200735,	0.1434421822989775,	
  -0.1869299173821361,	0.1494253121037501,	9.4639327157422493,	0.0148952916661092,	0.0774258611124818,	-0.0691255608597342,	-0.0446848625335271,	0.1179017686684319,	0.0086961680313656,	-0.0046049615100540,	0.0233734985548851,	0.0112404269510658,	
  -0.0992875512846556,	0.0429008038611825,	0.0148952916661092,	6.9173870322388238,	0.0360721711401033,	-0.0417660147025850,	-0.0747968964123006,	-0.0551422655189509,	-0.1081860392403111,	-0.0768066067701085,	-0.0428752933806652,	-0.0037967438847612,	
  -0.1429823799662036,	0.0847834792512279,	0.0774258611124818,	0.0360721711401033,	3.3039000611946001,	-0.1611501114327543,	-0.1648056071838113,	-0.0115009992881161,	-0.0628153089118844,	0.1434364376867731,	-0.0677514326093161,	-0.1127037441478752,	
  0.0561348046554185,	-0.1177024130199314,	-0.0691255608597342,	-0.0417660147025850,	-0.1611501114327543,	1.1660787771935210,	0.1604340580723285,	0.0826183687623692,	0.1333473166748858,	-0.0518501431836850,	-0.0526913860490982,	0.0305581063120377,	
  0.4246034740091722,	0.1575374207970985,	-0.0446848625335271,	-0.0747968964123006,	-0.1648056071838112,	0.1604340580723286,	8.2922226530991541,	-0.1605235663043075,	0.0620959372298168,	0.1714690189967875,	0.1623502571074645,	0.1416348245589606,	
  -0.2522872784228086,	-0.1293696196913035,	0.1179017686684319,	-0.0551422655189510,	-0.0115009992881161,	0.0826183687623691,	-0.1605235663043076,	3.0837713537004023,	-0.0212144235189082,	-0.0659311074008516,	0.0196066243614329,	-0.1433550325701196,	
  0.0765312193215308,	-0.1951965548111678,	0.0086961680313656,	-0.1081860392403111,	-0.0628153089118843,	0.1333473166748858,	0.0620959372298168,	-0.0212144235189082,	6.7646285658430845,	0.0912057113313901,	-0.0945904422655316,	-0.1952706396299893,	
  0.3621239447247965,	0.1167836316449015,	-0.0046049615100540,	-0.0768066067701086,	0.1434364376867731,	-0.0518501431836850,	0.1714690189967875,	-0.0659311074008515,	0.0912057113313900,	2.5891066616469525,	0.1864001268768657,	-0.0556651861965190,	
  0.2553035120925001,	0.1934834117200735,	0.0233734985548851,	-0.0428752933806652,	-0.0677514326093161,	-0.0526913860490982,	0.1623502571074645,	0.0196066243614330,	-0.0945904422655316,	0.1864001268768656,	1.3931243976851626,	0.0090678084905198,	
  0.0538134797843249,	0.1434421822989774,	0.0112404269510657,	-0.0037967438847612,	-0.1127037441478753,	0.0305581063120376,	0.1416348245589606,	-0.1433550325701196,	-0.1952706396299893,	-0.0556651861965190,	0.0090678084905198,	8.6807840286656752,	
};

const PROGMEM tinytype Quu_inv_data[4*4] = {
  0.0090456332747866,	-0.0011464546632518,	0.0001174523658696,	0.0003682709388530,	
  -0.0011464546632518,	0.0094208788088119,	0.0005017392683179,	-0.0006469520515397,	
  0.0001174523658696,	0.0005017392683179,	0.0090083195044463,	0.0005587085544079,	
  0.0003682709388530,	-0.0006469520515397,	0.0005587085544079,	0.0095837527565701,	
};

const PROGMEM tinytype AmBKt_data[12*12] = {
  -0.0534838859017256,	0.1096476171539017,	0.0682731800270596,	-0.0055359927645451,	-0.1071181338797528,	-0.0464861387214240,	0.0108084370643048,	0.0566534066172959,	-0.1020947911960638,	-0.1541300996509564,	0.1178501427653114,	0.0486714859765273,	
  -0.0796482589850619,	0.1170174833141082,	0.0113782574892624,	0.0749748506447431,	0.1412347438729452,	-0.1109101233755355,	-0.0909032629006482,	-0.0647409416508625,	-0.1127681228850855,	0.0277815197949120,	0.0351281281425300,	-0.0514859238464932,	
  -0.1509170070991884,	-0.1151797106215479,	-0.0410203365087272,	0.0117381877950177,	-0.0153506292760539,	0.0021839593027880,	-0.1514494074934095,	0.1069931079182024,	0.0401703873005907,	-0.1170780771293272,	-0.0586253871135921,	-0.1123096470985952,	
  0.1257275531685119,	0.0087864609444222,	-0.0359483320496671,	-0.0323510846675347,	0.0310255939799689,	-0.0416476145357806,	0.0312158733826240,	-0.0904523549172895,	0.1108778924349738,	0.0800490276364951,	0.0547843273863192,	-0.0976093887717454,	
  -0.0296367368816687,	-0.0881400756272228,	-0.0726900132440136,	0.0195531569724887,	0.0636903055260833,	-0.0776382604176589,	-0.0926099366076857,	-0.1283801521668029,	-0.0970456003694904,	-0.1406465893577604,	-0.1219330954917153,	0.0384129082430669,	
  -0.0834314168302025,	0.0361530572479131,	-0.1586946809893754,	0.0323038296546251,	0.1083627503522629,	0.1537059336365186,	0.1413765640919990,	0.0974894383372117,	-0.0916119741807012,	-0.1321701096904092,	-0.1573570699154217,	-0.1013479998116706,	
  -0.1492728425706493,	0.0041401905803418,	0.0834892175852237,	-0.0047863236371893,	0.0923669157374749,	-0.0193520658321795,	-0.1124113901318340,	0.0405610640890140,	0.0136678289808953,	-0.0225061047400912,	-0.0759784107355017,	0.0509738123638207,	
  -0.0786890590034777,	0.0558274687219016,	0.1309527097990705,	-0.0774294303717090,	0.1176520638873678,	-0.0841959904544561,	-0.0006610229452211,	0.0704919238885234,	0.1192600579310957,	0.0759521120001858,	-0.0093899170648332,	-0.0659044798053553,	
  0.0597466636107399,	-0.0267381649471771,	-0.0636439045033833,	-0.0399336890316448,	0.0442032746249557,	-0.0427461448964798,	-0.0490837882896182,	0.1144420610552851,	-0.0918518935349168,	0.1120230784183496,	0.0782958017403259,	-0.0076459149884627,	
  -0.0220973307008876,	-0.0228254711692051,	0.0547593266502129,	0.0464451360460331,	-0.0150712363752639,	-0.0825971198342332,	-0.0769607376221982,	0.0058905403759930,	0.0310582355347096,	0.0742150599494643,	-0.0929831746667523,	-0.0978993811790419,	
  0.0286053387278578,	-0.1080881247316781,	0.0415571152310193,	0.0159140817825562,	0.0636086139174586,	-0.0387833117192235,	-0.0050095843614439,	0.1003098102267275,	-0.1016306215749881,	-0.0883565188769413,	-0.0369244443344699,	0.0023720389586586,	
  -0.0391818501192457,	-0.0126089047741564,	0.1178999450819829,	0.0090068371066090,	0.0310106224248612,	0.0182678607182854,	-0.0177851033052617,	0.0882570634912182,	0.0166389884566416,	0.0025886051819080,	0.0107725081559197,	-0.0869461583869159,	
};

const PROGMEM tinytype coeff_d2p_data[12*4] = {
  -0.0244335795088124,	-0.0060751456996352,	0.0441867306425652,	-0.0255408037084054,	
  0.0189982523216367,	-0.0441183142552648,	0.0181846289807433,	-0.0442724217707341,	
  0.0183640162547404,	0.0407453730410350,	-0.0546518732472936,	0.0536293142836527,	
  0.0415067957430161,	0.0535049368318004,	-0.0284072468267171,	-0.0152728740909509,	
  -0.0301211633676357,	-0.0026230551636484,	-0.0315371995435347,	-0.0288165307974859,	
  0.0098286660974941,	-0.0079497953719281,	0.0054128951722786,	0.0006293358880476,	
  -0.0354596357763404,	0.0089655170217507,	0.0376708329744633,	0.0142337479795160,	
  0.0134740547971647,	-0.0273123606382273,	-0.0244149206851733,	-0.0220420252637785,	
  0.0518869132616168,	0.0165069647559680,	0.0579082959727139,	-0.0172162136539618,	
  -0.0186363229576197,	-0.0063832048497572,	0.0210776975294229,	-0.0199106217537410,	
  0.0067021200194818,	-0.0018726100648788,	-0.0057163996025612,	-0.0138021955779906,	
  0.0566103700087073,	0.0608737721057823,	0.0061867331711874,	-0.0385443688139805,	
};

const PROGMEM tinytype dKinf_drho_data[4*12] = {
  -0.0000932713709381,	0.0000123860016877,	0.0000182480048974,	0.0000348838020561,	-0.0001003232815643,	-0.0000067369468958,	-0.0000267911482003,	-0.0001325908798175,	-0.0000431816693665,	-0.0001654611604282,	-0.0001147090658823,	0.0001947876290625,	
  -0.0000535249700914,	0.0001463106438960,	0.0000013408121902,	0.0000379946490145,	0.0000620007422438,	-0.0000586510072347,	0.0000452741983569,	-0.0000846503489896,	-0.0001225324706943,	-0.0000000233761159,	-0.0000224672629214,	0.0001135916064066,	
  -0.0000008876722248,	-0.0001557638591285,	-0.0000707300421419,	-0.0000166082694428,	0.0000101936345336,	0.0000294745370479,	-0.0000102205464370,	-0.0001056009508076,	0.0001843611595069,	-0.0000858301198311,	-0.0001250614965978,	-0.0001026294089617,	
  0.0000520476681145,	0.0001177976644961,	0.0000994966290437,	0.0000197488650910,	0.0001202067936433,	-0.0001483225065511,	0.0000095473427345,	-0.0000520552304493,	-0.0001177129229106,	0.0000619629942584,	0.0000656457809921,	-0.0000332069042668,	
};

const PROGMEM tinytype dPinf_drho_data[12*12] = {
  0.0002462502548387,	-0.0000859770756449,	-0.0000198258892348,	-0.0000914474137330,	0.0001233619657779,	0.0000284296127451,	0.0000475654785684,	0.0002425817992587,	0.0001114241095166,	0.0002865770902275,	0.0002345223831720,	-0.0003712243561301,	
  -0.0000859770756449,	0.0009214056086039,	0.0003642625879403,	0.0001768894726018,	0.0002757217197002,	-0.0004650617554882,	0.0001365052638248,	-0.0000928594416916,	-0.0009500155045881,	0.0002171152079091,	0.0002906198827995,	0.0005526697504878,	
  -0.0000198258892348,	0.0003642625879403,	0.0002554344088054,	0.0000858908966768,	0.0001679337522390,	-0.0002843923521804,	-0.0000139393454240,	-0.0000293516402936,	-0.0003884675816048,	0.0001039696231410,	0.0001555413605363,	0.0001226434132725,	
  -0.0000914474137330,	0.0001768894726018,	0.0000858908966768,	0.0000708121380398,	0.0000257839716851,	-0.0001177126361931,	-0.0000132725597172,	-0.0001326876619524,	-0.0001894776556022,	-0.0000637130006473,	-0.0000302920572349,	0.0001897464302160,	
  0.0001233619657779,	0.0002757217197002,	0.0001679337522390,	0.0000257839716851,	0.0003645282801334,	-0.0002817609304676,	0.0000542190977513,	0.0000345180488744,	-0.0002218001138095,	0.0002842824635369,	0.0002122005594999,	-0.0002170042717617,	
  0.0000284296127451,	-0.0004650617554882,	-0.0002843923521804,	-0.0001177126361931,	-0.0002817609304676,	0.0004355967680267,	0.0000058499521432,	0.0001684399398324,	0.0004912340099882,	-0.0000951292310082,	-0.0001229368859145,	-0.0001565935268498,	
  0.0000475654785684,	0.0001365052638248,	-0.0000139393454240,	-0.0000132725597172,	0.0000542190977513,	0.0000058499521432,	0.0001067231818471,	0.0000532340735708,	-0.0001085609032624,	0.0001047604151959,	0.0000776039036558,	0.0000414727493919,	
  0.0002425817992587,	-0.0000928594416916,	-0.0000293516402936,	-0.0001326876619524,	0.0000345180488744,	0.0001684399398324,	0.0000532340735708,	0.0005521399284896,	0.0001001254844959,	0.0003956253190724,	0.0003558500280915,	-0.0003848213110918,	
  0.0001114241095166,	-0.0009500155045881,	-0.0003884675816048,	-0.0001894776556022,	-0.0002218001138095,	0.0004912340099882,	-0.0001085609032624,	0.0001001254844959,	0.0010257561250636,	-0.0001755690449921,	-0.0002891051150668,	-0.0006546058004284,	
  0.0002865770902275,	0.0002171152079091,	0.0001039696231410,	-0.0000637130006473,	0.0002842824635369,	-0.0000951292310082,	0.0001047604151959,	0.0003956253190724,	-0.0001755690449921,	0.0005262122730326,	0.0004621961259392,	-0.0003592090803413,	
  0.0002345223831720,	0.0002906198827995,	0.0001555413605363,	-0.0000302920572349,	0.0002122005594999,	-0.0001229368859145,	0.0000776039036558,	0.0003558500280915,	-0.0002891051150668,	0.0004621961259392,	0.0004601655514006,	-0.0001963762580787,	
  -0.0003712243561301,	0.0005526697504878,	0.0001226434132725,	0.0001897464302160,	-0.0002170042717617,	-0.0001565935268498,	0.0000414727493919,	-0.0003848213110918,	-0.0006546058004284,	-0.0003592090803413,	-0.0001963762580787,	0.0009888303733290,	
};

const PROGMEM tinytype dC1_drho_data[4*4] = {
  -0.0000834762976229,	0.0000212886143008,	-0.0000018372330101,	-0.0000078152199909,	
  0.0000212886143008,	-0.0000909431979835,	-0.0000087443221632,	0.0000122402785033,	
  -0.0000018372330101,	-0.0000087443221632,	-0.0000818972274505,	-0.0000102245399540,	
  -0.0000078152199909,	0.0000122402785033,	-0.0000102245399540,	-0.0000930203674721,	
};

const PROGMEM tinytype dC2_drho_data[12*12] = {
  -0.0000361357143784,	0.0002506212970196,	0.0001272542495457,	0.0000552331471255,	0.0000213312104775,	-0.0001283730178888,	0.0000128690349953,	-0.0000319606196985,	-0.0002853932417413,	0.0000204082940028,	0.0000777261355694,	0.0002093696773774,	
  0.0000231740701621,	0.0002627057591401,	0.0000996479359691,	0.0000415442876842,	0.0001608284582548,	-0.0001664141143169,	0.0000538010401853,	-0.0000241265494992,	-0.0002476983597760,	0.0001271847217162,	0.0001149892109250,	0.0000527859325028,	
  0.0000189377560541,	-0.0002760225976075,	-0.0001219125371738,	-0.0000560105245055,	-0.0000858432565993,	0.0001576017489974,	-0.0000331831558398,	0.0000465632558141,	0.0002895088549786,	-0.0000589367954781,	-0.0000881585725483,	-0.0001638059943569,	
  0.0001341567839441,	-0.0001959176785210,	-0.0000300242687327,	-0.0000672002161969,	0.0000514146394987,	0.0000448605189130,	-0.0000232893747553,	0.0001250456459529,	0.0002122004231295,	0.0001046075366064,	0.0000667548580346,	-0.0003165150719667,	
  -0.0000535094151589,	-0.0000038271620035,	0.0000360439726168,	0.0000414412112969,	0.0000326791129091,	-0.0001179113518742,	-0.0000168997772589,	-0.0002841910429728,	0.0000071902480921,	-0.0001807183581662,	-0.0001721033118146,	0.0000786349991063,	
  0.0000399623191518,	0.0001510029954108,	0.0000216816371259,	0.0000082701511479,	0.0001339647525448,	-0.0000677507715740,	0.0000552335474738,	0.0000560144146583,	-0.0001190299394627,	0.0001528769222366,	0.0001104872530574,	-0.0000436353142965,	
  -0.0000544967461047,	0.0000309087986236,	0.0000141192245321,	0.0000169715105297,	-0.0000851688137746,	0.0000224350304918,	-0.0000144445026127,	-0.0000077321378234,	-0.0000589721911910,	-0.0000630491900905,	-0.0000218211461330,	0.0001373906519197,	
  0.0000311815137665,	0.0001360232957350,	0.0000394646416236,	0.0000293496052443,	0.0002076435610669,	-0.0001662404049884,	0.0000529978307768,	-0.0001438567055482,	-0.0000849820519102,	0.0000606887030774,	0.0000003186519819,	-0.0000618754372065,	
  0.0001259189247879,	0.0001250973306965,	0.0000836939049115,	-0.0000228675973154,	0.0001106871442833,	-0.0000572685750622,	0.0000232196090872,	0.0002276454246197,	-0.0001295308713580,	0.0002564525823252,	0.0002526379996432,	-0.0001410455253661,	
  -0.0000516983031225,	0.0002845403502872,	0.0001434762514689,	0.0000681984127529,	0.0000266254652575,	-0.0001555791381136,	0.0000145721105026,	-0.0000717645364599,	-0.0003219155590441,	-0.0000005416062457,	0.0000634874999118,	0.0002517503763787,	
  0.0001262558603720,	-0.0000399831952361,	0.0000163913587457,	-0.0000282857991590,	0.0001871886024974,	-0.0000925520979318,	0.0000185849927475,	-0.0000038581761936,	0.0000847308625933,	0.0001267960630089,	0.0000605716145995,	-0.0002774765423933,	
  0.0001479815612685,	-0.0000691406828065,	0.0000325645276655,	-0.0000509850338722,	0.0000913711867177,	-0.0000171312725742,	-0.0000091840071614,	0.0001617840708174,	0.0000751089235018,	0.0001737329507544,	0.0001517491916988,	-0.0002713452861104,	
};

