#pragma once

typedef float tinytype;

const PROGMEM tinytype Adyn_data[12*12] = {
  -0.0629943432893285,	-0.1115823372776517,	0.0810214136542531,	-0.0031109669938085,	0.1019783139581748,	-0.1177043555409314,	0.0772411501335465,	-0.1483668849206170,	0.0657938182859533,	-0.1529554929311195,	-0.0651207148614595,	0.0243056519203176,	
  0.0508900280031834,	-0.0125829480919782,	0.0446301534057238,	-0.0455421517701990,	0.0470584308018781,	0.1174780871716557,	0.0934623858083483,	0.1193966961975610,	0.1414345778103027,	-0.0502525988847131,	-0.0556683252713567,	0.0877034037194900,	
  0.1118004823647138,	-0.1267060530244792,	0.0252048422626219,	-0.0520214034020712,	-0.0933166141761241,	0.1229748689429620,	0.0715549516324944,	0.0547735279702033,	-0.1473937379182720,	0.1184881878357321,	-0.1236852552922456,	0.0259068937149941,	
  0.0135411930174760,	-0.0244767948715520,	0.0601449934889001,	0.0898710094553705,	0.0852461241569433,	-0.1055465375781846,	-0.1055153587883286,	0.1010589474833352,	-0.0396800673360993,	0.0084763349130444,	-0.0387008660949772,	0.1413069607390591,	
  -0.0661814187943429,	0.1424138038903139,	-0.0025817813010406,	-0.0667666614591356,	0.0706094091287191,	-0.0390654217510307,	-0.0427062500894674,	0.1282258948588400,	-0.0607803715283990,	-0.0964247745038493,	-0.1298104835309918,	0.0347774550068736,	
  -0.1489088724784327,	-0.0589645324633911,	-0.1346027297234655,	-0.0948138626468253,	0.0852017927985867,	0.0661579576706894,	0.0092805342635195,	0.1148227412115448,	0.0218264227120079,	-0.1514609001419101,	0.1058070809338941,	0.1357573852637202,	
  -0.0689458315851610,	-0.1482407443625380,	0.0911515693927907,	-0.0195888855157501,	0.1533939759670528,	0.1251502038700610,	-0.1448155501058764,	0.0951930878972038,	-0.1021771120933486,	0.0074970295338240,	0.0019987226807784,	-0.0289163055462843,	
  0.0250387750921931,	-0.1527852017331338,	0.1460159944781470,	-0.0575284938306337,	-0.0261459840058256,	0.0006868059572341,	0.0718161762345038,	0.0687054477243553,	0.0884001004501518,	0.0744397849915295,	-0.1449449865587244,	-0.1348631290838420,	
  -0.0065940516564061,	0.0337865690673725,	-0.1067324711431488,	0.0457158169433411,	-0.0893321186530825,	0.0464953831320520,	-0.1171549705414918,	-0.0407663991501482,	0.0813584876103356,	-0.0514828567817056,	-0.0279061694777518,	0.0914477164823110,	
  0.1263848218301989,	-0.0922526097221668,	0.0518936231161525,	-0.1462360688180701,	0.0376560094238923,	0.1104613116930922,	-0.0981571525686153,	-0.1347661357193562,	-0.1081380667752800,	0.0093457500694724,	-0.0648643333872468,	0.0606680852973844,	
  -0.0300118715852098,	0.0006374389209868,	0.0770632110196468,	0.0845964559502178,	-0.0655010176296237,	-0.0224622296454566,	-0.0252179074474068,	0.1426185216605055,	-0.0224785649609073,	0.1249281305845817,	0.1336916312083015,	-0.0808261322745391,	
  -0.0298995739630377,	-0.0611754169558028,	-0.1357605079806841,	-0.1540080453500646,	-0.0233343942872907,	0.0438467911360919,	-0.1237244442726592,	0.0321647063162884,	0.0531988851782006,	0.1166612462863447,	-0.0287335257687745,	0.1397617232215963,	
};

const PROGMEM tinytype Bdyn_data[12*4] = {
  0.1707648197147129,	0.8988974513414183,	-0.9558621163996430,	0.8582036183114363,	
  -0.2275099525141195,	0.1478000566494186,	0.3352546943027597,	0.7900643983432285,	
  0.9845445107900406,	0.7583891265802980,	0.6639106808219628,	-0.1576511274887700,	
  0.0159482513104061,	-0.7348270062795970,	-0.5331856662035210,	0.8803033415464740,	
  0.8325199396801224,	-0.0509921778751161,	-0.2416689138564234,	-0.0535964545700922,	
  0.6911388944219021,	0.7210910855931758,	0.7178003460733373,	0.8026466999201076,	
  0.8061011207632751,	0.2440812524285090,	-0.2582951758388605,	0.6230968266469186,	
  -0.0051860645600577,	0.5994361811832478,	0.7995307438046326,	0.7049834419362073,	
  0.1723755896533394,	-0.7460711424521893,	-0.6442508888144971,	-0.4161578695616717,	
  0.3514249850698554,	0.5322374119196969,	0.6367995304704566,	-0.7717680874705015,	
  -0.5206138137931970,	0.6787826850567200,	-0.7872948665326429,	0.1183281112260788,	
  0.6660561741582753,	0.0597483354846351,	-0.6776823373744341,	-0.0358877059529947,	
};

const PROGMEM tinytype Q_data[12] = {
  8.2197602741962026,9.8855050657573820,1.0701685272965713,3.6561313216125941,8.9726758471562711,8.4708504732378458,7.5963402956103119,6.5962061099539886,8.7194239889909184,2.9548661151414124,
  6.2788318855214893,5.2969444412131352,
};

const PROGMEM tinytype Qf_data[12] = {
  73.9778424677658251,88.9695455918164413,9.6315167456691420,32.9051818945133476,80.7540826244064363,76.2376542591406121,68.3670626604928060,59.3658549895858982,78.4748159009182586,26.5937950362727129,
  56.5094869696934055,47.6724999709182171,
};

const PROGMEM tinytype R_data[4] = {
  0.1000000000000000,0.1000000000000000,0.1000000000000000,0.1000000000000000,
};

const PROGMEM tinytype umin[4] = {
  -3.0,	
  -3.0,	
  -3.0,	
  -3.0,	
};

const PROGMEM tinytype umax[4] = {
  3.0,	
  3.0,	
  3.0,	
  3.0,	
};

const PROGMEM tinytype xmin[12] = {
  -10000.0,	
  -10000.0,	
  -10000.0,	
  -10000.0,	
  -10000.0,	
  -10000.0,	
  -10000.0,	
  -10000.0,	
  -10000.0,	
  -10000.0,	
  -10000.0,	
  -10000.0,	
};

const PROGMEM tinytype xmax[12] = {
  10000.0,	
  10000.0,	
  10000.0,	
  10000.0,	
  10000.0,	
  10000.0,	
  10000.0,	
  10000.0,	
  10000.0,	
  10000.0,	
  10000.0,	
  10000.0,	
};

const PROGMEM tinytype rho_value = 85.0;

const PROGMEM tinytype Kinf_data[4*12] = {
  -0.0157199465092210,	-0.0058536718680870,	-0.0114200701017417,	-0.0192120680125905,	0.0167758398733978,	0.0095373167114246,	-0.0177979647807329,	0.0097381178601645,	-0.0122397849929600,	-0.0148795043247062,	-0.0119019844887336,	0.0159702645611655,	
  -0.0073321220221322,	-0.0219654243422181,	0.0137814067981713,	-0.0119824647828902,	0.0102861130153693,	0.0001893961853393,	0.0140488637790356,	0.0009566849002671,	-0.0009445660085470,	-0.0044127005785221,	0.0020403964161146,	-0.0078780696814571,	
  0.0085234286698814,	-0.0052021262174443,	0.0011098061994554,	-0.0132060808169159,	-0.0007719419775674,	0.0155032567519746,	0.0166804462574746,	0.0088062285835304,	-0.0002468056822744,	0.0008425764310970,	-0.0029147573829996,	-0.0059416465651070,	
  -0.0114864730074404,	-0.0210714546786163,	0.0138389120604457,	-0.0041727692083686,	0.0218176296818665,	0.0026736705357398,	0.0102527566194708,	0.0204519303980114,	0.0148589704446590,	-0.0143831878705918,	-0.0047710545510275,	0.0082932493174932,	
};

const PROGMEM tinytype Pinf_data[12*12] = {
  8.6045517106539204,	-0.0375717900728138,	0.2325193868806005,	0.0538312919562867,	-0.1579470696707332,	0.0511783617611687,	0.1086503690315283,	-0.1767051677251780,	0.0139997485562988,	0.2475170931876220,	-0.1889370868216076,	-0.1227731539021480,	
  -0.0375717900728137,	10.5391517746888628,	-0.2539071153856758,	0.1006749078051322,	-0.1322434534516333,	-0.1675480810268306,	0.0366402630790415,	0.1501357396645056,	-0.0323009736659484,	-0.1169147525655989,	0.0494279528663711,	0.0760871706051345,	
  0.2325193868806005,	-0.2539071153856758,	1.7842057971980909,	0.1467599933744846,	0.1364267051322201,	-0.0889914329459893,	0.1611067249343648,	0.0128950271869489,	-0.1364363891509045,	0.1983851166459339,	-0.2771354675084721,	-0.4477639723975870,	
  0.0538312919562867,	0.1006749078051322,	0.1467599933744846,	4.0617741433555619,	-0.1112276217408906,	-0.1796710096094941,	0.0170446092002259,	-0.0765552839433756,	-0.0787371648229087,	0.0808665838069652,	0.1719515927958403,	-0.1993549552192973,	
  -0.1579470696707331,	-0.1322434534516333,	0.1364267051322201,	-0.1112276217408906,	9.4161758747697597,	0.0381282803092548,	-0.0391970051113726,	0.0895007564351553,	-0.1312948447639139,	-0.2955155427650113,	-0.0672470620176181,	0.1267922995139497,	
  0.0511783617611686,	-0.1675480810268306,	-0.0889914329459893,	-0.1796710096094941,	0.0381282803092548,	8.9974843412962660,	-0.1554157077749426,	0.2470227148337121,	0.0577490277834267,	0.0641127410202971,	0.0464605947996658,	0.1516129474312099,	
  0.1086503690315283,	0.0366402630790415,	0.1611067249343648,	0.0170446092002259,	-0.0391970051113725,	-0.1554157077749426,	8.1547243085246919,	-0.1240968451562829,	0.2261322615614544,	-0.1356428198123556,	-0.0935249628704142,	-0.1490781297150185,	
  -0.1767051677251780,	0.1501357396645056,	0.0128950271869489,	-0.0765552839433756,	0.0895007564351552,	0.2470227148337122,	-0.1240968451562829,	7.5408547280624223,	-0.0061125298347192,	0.1459326812610799,	0.0650628643004585,	0.0680746991340265,	
  0.0139997485562988,	-0.0323009736659484,	-0.1364363891509045,	-0.0787371648229087,	-0.1312948447639139,	0.0577490277834267,	0.2261322615614544,	-0.0061125298347193,	9.3127105386506415,	-0.1328744543233919,	-0.0962819116420314,	0.1828215077299907,	
  0.2475170931876218,	-0.1169147525655990,	0.1983851166459339,	0.0808665838069652,	-0.2955155427650112,	0.0641127410202971,	-0.1356428198123556,	0.1459326812610799,	-0.1328744543233920,	3.6736520450510022,	0.0685233266090506,	-0.3389401619141567,	
  -0.1889370868216076,	0.0494279528663712,	-0.2771354675084722,	0.1719515927958402,	-0.0672470620176181,	0.0464605947996658,	-0.0935249628704142,	0.0650628643004585,	-0.0962819116420314,	0.0685233266090506,	6.9351606256707221,	0.0359943794816919,	
  -0.1227731539021479,	0.0760871706051345,	-0.4477639723975870,	-0.1993549552192973,	0.1267922995139497,	0.1516129474312099,	-0.1490781297150185,	0.0680746991340265,	0.1828215077299907,	-0.3389401619141567,	0.0359943794816918,	5.9609221370024033,	
};

const PROGMEM tinytype Quu_inv_data[4*4] = {
  0.0091974021235136,	-0.0003765286270995,	0.0000327543629452,	-0.0003749152253291,	
  -0.0003765286270995,	0.0090705137423794,	-0.0004603280080893,	-0.0012411172367958,	
  0.0000327543629452,	-0.0004603280080893,	0.0083956874762683,	-0.0000922279357519,	
  -0.0003749152253291,	-0.0012411172367958,	-0.0000922279357519,	0.0087329125798926,	
};

const PROGMEM tinytype AmBKt_data[12*12] = {
  -0.0357141483951413,	-0.0777269888252867,	0.0597677057183675,	0.0018986786648352,	0.0704055910845337,	-0.1069788193759304,	0.0747971823690631,	-0.1600241548576302,	0.0557450765395422,	-0.1332989409900485,	-0.0636139516462176,	0.0158633778974324,	
  0.0546148056821542,	0.0077236176590197,	0.0286893816247956,	-0.0404179224964831,	0.0323762779523150,	0.1123100173705939,	0.0736442129230293,	0.1023601452904547,	0.1271327110365475,	-0.0419044698441755,	-0.0539310894643768,	0.0879409408671504,	
  0.1253684202749747,	-0.1041527049660948,	0.0274416484295026,	-0.0159090799626763,	-0.1136819770606422,	0.1035700495488174,	0.0689653668394845,	0.0418380987318287,	-0.1321203858275112,	0.1336573450028082,	-0.1123316598229513,	0.0214102625119848,	
  0.0230602079645131,	-0.0247486532206561,	0.0588633657643219,	0.0780043792992903,	0.0729193717688862,	-0.0996469944972320,	-0.0950397889226323,	0.0882980916172319,	-0.0533909513678402,	0.0185818834519800,	-0.0343658434582874,	0.1247946687184271,	
  -0.0520239172247971,	0.1437804901595581,	0.0086383209983865,	-0.0547983885743868,	0.0581504924525502,	-0.0431058158784733,	-0.0225920506289608,	0.1233918436673037,	-0.0499019290690582,	-0.0848295670181194,	-0.1207579177247714,	0.0200887488756024,	
  -0.1296556185948662,	-0.0184327389162218,	-0.1485519010580664,	-0.0600666178473889,	0.0492323847291183,	0.0461555193480939,	-0.0087516818307156,	0.0846657038807977,	0.0192175859210551,	-0.1270553202979958,	0.1184833787168855,	0.1280088868546503,	
  -0.0451255861722799,	-0.1263748721885109,	0.0886571930678013,	-0.0019883486619154,	0.1235664205873873,	0.1197543949242919,	-0.1359776363300372,	0.0766407447580193,	-0.1014023828866630,	0.0297482242768295,	0.0133148643834929,	-0.0465692605699851,	
  0.0306354196719288,	-0.1206344026776537,	0.1270521673617352,	-0.0369450051078468,	-0.0469887280468586,	-0.0136574876878309,	0.0427379243322838,	0.0467233559133263,	0.0786248317790360,	0.0864739948353321,	-0.1405358458569630,	-0.1311539806068957,	
  -0.0086435609004472,	0.0062873038468934,	-0.0880078541204312,	0.0298431772575260,	-0.0759674378722905,	0.0560933415446240,	-0.0885924263389095,	-0.0275466055869957,	0.0887882870285684,	-0.0576530282190048,	-0.0281956239304297,	0.0824406221512175,	
  0.1215190247667272,	-0.0914542273145208,	0.0585456474211188,	-0.1279177361069516,	0.0436156285984147,	0.0991998435501346,	-0.1020891839367267,	-0.1285211921571684,	-0.0917091222046494,	0.0052863463197947,	-0.0635936854869295,	0.0694328416381562,	
  -0.0251493511239794,	0.0108974243653268,	0.0609993968580127,	0.0728245538350921,	-0.0669387039328045,	-0.0057362655993602,	-0.0321006588632503,	0.1515519994558994,	-0.0301621538087725,	0.1225422113907856,	0.1243800842627601,	-0.0728234470097469,	
  -0.0136271705490192,	-0.0602457403477681,	-0.1277287730309118,	-0.1495950753360719,	-0.0348627709079942,	0.0480853215233194,	-0.1010374044462670,	0.0323232108947060,	0.0617737043003386,	0.1268903030730647,	-0.0230745476039127,	0.1258664082187965,	
};

const PROGMEM tinytype coeff_d2p_data[12*4] = {
  0.0107331248380006,	0.0649616987441506,	-0.0698992153600361,	0.0527251108150491,	
  -0.0299699605069095,	0.0002759599398085,	0.0256243531041138,	0.0737386087991000,	
  0.0173689278775349,	0.0114822782738874,	0.0112569428676407,	-0.0046289688622972,	
  -0.0023111260190685,	-0.0283834449746204,	-0.0171196033138325,	0.0342324708937786,	
  0.0735417276229605,	-0.0057794043804676,	-0.0166514506986368,	-0.0067794756167042,	
  0.0519893621503236,	0.0469045810775551,	0.0508946542695620,	0.0498012263691276,	
  0.0575979192258271,	0.0079003216078526,	-0.0208338854869147,	0.0392047789517836,	
  -0.0024678905385309,	0.0333300813216231,	0.0517937015265217,	0.0391263997341280,	
  0.0196071033602257,	-0.0568431490097239,	-0.0483928574677532,	-0.0233535000514722,	
  0.0089245815979301,	0.0241324986736098,	0.0216389097641904,	-0.0256557223504119,	
  -0.0388796506691569,	0.0424877567357405,	-0.0469883291048578,	0.0044828618642673,	
  0.0318732721585353,	-0.0003068004949717,	-0.0357424409029387,	-0.0016675894775543,	
};

const PROGMEM tinytype dKinf_drho_data[4*12] = {
  0.0001350522624525,	0.0000370166842610,	0.0001147910586673,	0.0001703129085104,	-0.0001438022474294,	-0.0000861897703771,	0.0001709253094612,	-0.0000789085594441,	0.0001149019956527,	0.0001315289789361,	0.0001064324345914,	-0.0001498075416823,	
  0.0000497621473084,	0.0001669173495880,	-0.0001107291900378,	0.0000902667613577,	-0.0000594221437441,	0.0000131618017014,	-0.0001137450867619,	0.0000237778707660,	0.0000209531381726,	0.0000163033183769,	-0.0000297663036187,	0.0000839785593076,	
  -0.0000769645500702,	0.0000326434019985,	-0.0000026047256893,	0.0001042832647108,	0.0000122233123530,	-0.0001301559842152,	-0.0001312594479692,	-0.0000711766679997,	0.0000036332980145,	-0.0000101124834921,	0.0000252360554556,	0.0000449080865634,	
  0.0000867529338315,	0.0001528614781432,	-0.0001070693824886,	0.0000134655894840,	-0.0001704580900529,	-0.0000178770519687,	-0.0000772572383385,	-0.0001741109415646,	-0.0001345862372051,	0.0001136098781113,	0.0000398380363024,	-0.0000754085071763,	
};

const PROGMEM tinytype dPinf_drho_data[12*12] = {
  0.0005407164820331,	0.0004345619357409,	-0.0000401967062499,	0.0003502957997331,	-0.0005841365574049,	-0.0000510277762885,	0.0001952916778041,	-0.0003452241937915,	0.0000213763039056,	0.0004389304301290,	0.0002088797094964,	-0.0003134754491216,	
  0.0004345619357409,	0.0010444719942647,	-0.0005789754265027,	0.0005096271705103,	-0.0007998469550917,	-0.0002197361210871,	-0.0004873221092395,	-0.0005353793514869,	-0.0001858229149142,	0.0004865676323724,	0.0001426429476072,	-0.0000618784457557,	
  -0.0000401967062499,	-0.0005789754265027,	0.0005641816170375,	0.0000146549284319,	0.0002705286090380,	-0.0000362022325856,	0.0005403384283718,	0.0001692185496312,	0.0002975049659070,	-0.0000882621617282,	0.0000999435001923,	-0.0001771358388119,	
  0.0003502957997331,	0.0005096271705103,	0.0000146549284319,	0.0007313301706808,	-0.0005172401339197,	-0.0003948494131232,	-0.0001024183010666,	-0.0004150188933174,	0.0001634889678859,	0.0003929633105261,	0.0002672803126975,	-0.0001600604571470,	
  -0.0005841365574049,	-0.0007998469550917,	0.0002705286090380,	-0.0005172401339197,	0.0008865445183825,	0.0002137762986317,	0.0000610314132809,	0.0005843079697725,	0.0001140041482871,	-0.0006293898555685,	-0.0002630060700432,	0.0003873871528747,	
  -0.0000510277762885,	-0.0002197361210871,	-0.0000362022325856,	-0.0003948494131232,	0.0002137762986317,	0.0003527936803135,	0.0001090484076888,	0.0002826863774746,	-0.0000984099678533,	-0.0001681876408631,	-0.0001726755340697,	0.0000685449362011,	
  0.0001952916778041,	-0.0004873221092395,	0.0005403384283718,	-0.0001024183010666,	0.0000610314132809,	0.0001090484076888,	0.0009169862453507,	0.0001879334513579,	0.0003767219441909,	0.0000551459289459,	0.0001561081619372,	-0.0004026608361274,	
  -0.0003452241937915,	-0.0005353793514869,	0.0001692185496312,	-0.0004150188933174,	0.0005843079697725,	0.0002826863774746,	0.0001879334513579,	0.0006355544772584,	0.0001728800341766,	-0.0004117682716153,	-0.0002622994965864,	0.0002386962450205,	
  0.0000213763039056,	-0.0001858229149142,	0.0002975049659070,	0.0001634889678859,	0.0001140041482871,	-0.0000984099678533,	0.0003767219441909,	0.0001728800341766,	0.0004445202520884,	-0.0000526180813219,	0.0000836284976206,	-0.0000278861086328,	
  0.0004389304301290,	0.0004865676323724,	-0.0000882621617282,	0.0003929633105261,	-0.0006293898555685,	-0.0001681876408631,	0.0000551459289459,	-0.0004117682716153,	-0.0000526180813219,	0.0004756481642010,	0.0002145061514589,	-0.0003429316989694,	
  0.0002088797094964,	0.0001426429476072,	0.0000999435001923,	0.0002672803126975,	-0.0002630060700432,	-0.0001726755340697,	0.0001561081619372,	-0.0002622994965864,	0.0000836284976206,	0.0002145061514589,	0.0002030877116043,	-0.0002167933242270,	
  -0.0003134754491216,	-0.0000618784457557,	-0.0001771358388119,	-0.0001600604571470,	0.0003873871528747,	0.0000685449362011,	-0.0004026608361274,	0.0002386962450205,	-0.0000278861086328,	-0.0003429316989694,	-0.0002167933242270,	0.0004696085884942,	
};

const PROGMEM tinytype dC1_drho_data[4*4] = {
  -0.0000852230092943,	0.0000063642698164,	-0.0000008575818380,	0.0000063335483627,	
  0.0000063642698164,	-0.0000842815189818,	0.0000078997030547,	0.0000218936603712,	
  -0.0000008575818380,	0.0000078997030547,	-0.0000708319189814,	0.0000010635103968,	
  0.0000063335483627,	0.0000218936603712,	0.0000010635103968,	-0.0000780435781458,	
};

const PROGMEM tinytype dC2_drho_data[12*12] = {
  -0.0002158124220698,	-0.0002563464098659,	0.0001693294851280,	-0.0000220998103485,	0.0002359423292908,	-0.0001061819532545,	0.0000138936466876,	0.0000734884980234,	0.0000805193866006,	-0.0001442820820565,	-0.0000014850185699,	0.0000577355372945,	
  -0.0000193667921399,	-0.0001479629951635,	0.0001279468426384,	-0.0000201936876000,	0.0001066410992417,	0.0000362050814048,	0.0001607422789348,	0.0001399543151056,	0.0001281581868734,	-0.0000588543420618,	-0.0000113212207387,	-0.0000019728124977,	
  -0.0001059297504337,	-0.0001606063951283,	-0.0000441913966421,	-0.0003032498774039,	0.0001516567233269,	0.0001584695087088,	-0.0000070556794482,	0.0000794622742773,	-0.0001526466186548,	-0.0001172358824274,	-0.0000926870036629,	0.0000421005720901,	
  -0.0000829925701330,	0.0000049055489491,	0.0000096672169051,	0.0001073627994988,	0.0001152005195942,	-0.0000426138531092,	-0.0000882847725178,	0.0001340511396408,	0.0001339783826530,	-0.0000955205251571,	-0.0000451845484277,	0.0001544255905512,	
  -0.0001238465106676,	-0.0000062239197932,	-0.0001075801883146,	-0.0001112622623973,	0.0001105062191727,	0.0000400130494280,	-0.0001839608803080,	0.0000403725173471,	-0.0001009250463044,	-0.0001050239421304,	-0.0000818910250600,	0.0001358112750730,	
  -0.0001436096875572,	-0.0002920714892822,	0.0000883178259926,	-0.0002684631066949,	0.0002702798300629,	0.0001578532120119,	0.0001201157832593,	0.0002282309734801,	0.0000108948571814,	-0.0001865908202275,	-0.0001021856966926,	0.0000712729775909,	
  -0.0001949468371297,	-0.0001573964550977,	0.0000005355227193,	-0.0001407763524764,	0.0002397921016900,	0.0000437855929780,	-0.0000957849824385,	0.0001479079309258,	-0.0000129381750186,	-0.0001834069519300,	-0.0000968345107607,	0.0001588487789552,	
  -0.0000287526997244,	-0.0002337285421769,	0.0001445350967236,	-0.0001460966027998,	0.0001452712321986,	0.0001083300906359,	0.0002284803879913,	0.0001649907242380,	0.0000800119553156,	-0.0000810985225929,	-0.0000298671932954,	-0.0000338603453878,	
  0.0000003648250506,	0.0002027964927593,	-0.0001486348926913,	0.0001107760347520,	-0.0000826077452343,	-0.0000666161314536,	-0.0002310405015685,	-0.0000869713774602,	-0.0000578421337910,	0.0000302557184247,	-0.0000077168703457,	0.0000860273740062,	
  0.0000420181193622,	-0.0000046619382941,	-0.0000623802730026,	-0.0001639107805389,	-0.0000571755230683,	0.0000923703669228,	0.0000244332500321,	-0.0000739730326893,	-0.0001577145214966,	0.0000392202976499,	-0.0000068848595162,	-0.0000788457457640,	
  -0.0000343267165263,	-0.0000864170367372,	0.0001455414984063,	0.0001079040593939,	-0.0000047373792770,	-0.0001541613685925,	0.0000719960861577,	-0.0000926556995105,	0.0000643827509009,	0.0000360046444903,	0.0000907693044995,	-0.0000907162153425,	
  -0.0001419697511190,	-0.0000070205201550,	-0.0000754490596779,	-0.0000476770772988,	0.0001014969220106,	-0.0000322251450253,	-0.0001987745726374,	-0.0000033467679986,	-0.0000801508681718,	-0.0000913556381876,	-0.0000505797683157,	0.0001224898376753,	
};

