#pragma once

typedef float tinytype;

const PROGMEM tinytype Adyn_data[12*12] = {
  -0.0450068270050586,	-0.0811376564146304,	0.1044327460995688,	-0.0566589300619368,	0.0196122437749411,	-0.1080653908157480,	0.0891648730516037,	0.0576449512770232,	-0.0937072015733539,	-0.1313045323695105,	-0.0209498026929256,	-0.0445376229341249,	
  -0.0478157738718524,	-0.0936794868145143,	-0.1324270521744183,	-0.0424547206129509,	-0.0189269886095645,	-0.0621619088168117,	0.1380674838143846,	0.0727720065586586,	0.0593826362214857,	0.0996910118492400,	-0.0640895391269542,	0.0728629584914058,	
  -0.0877592871288552,	-0.0720219105654798,	-0.0551856237001184,	-0.0363961674274667,	0.0838690216550306,	-0.0316013139041769,	0.1259655630422462,	-0.0416018374234223,	0.0537111204548407,	-0.1173573905005138,	0.0539519709654046,	0.0555887811178913,	
  0.1039605600730439,	0.0570276562414065,	0.1270190176982739,	-0.1386751238589090,	0.0719487833236026,	-0.1053704230624504,	-0.0025158508521357,	0.0362055316858281,	0.0884522026053045,	0.1167335811018682,	0.0417962728886157,	-0.0654380182644456,	
  0.1218097208804668,	0.0053524625057772,	0.0528026732157962,	0.1010643566731150,	0.0363941658056454,	-0.0904182291901995,	0.0776936452006548,	-0.0433452729631985,	-0.0739002569537290,	0.1071276618342616,	0.1207344402428922,	-0.0075396481969671,	
  0.0651587701072983,	0.0073067015655761,	-0.0322772579113611,	0.1189650252146159,	0.0690734753143731,	0.0889231840598159,	0.0557164878318973,	0.0597943694633700,	0.1235360113758228,	-0.0813078021663211,	0.0770945578682908,	0.0660555979046308,	
  0.0781999786909015,	-0.0698971596408135,	0.1363605080613949,	0.0434933646651211,	-0.0572100851487180,	0.0095848867063688,	-0.0656712998989144,	0.1127152030999404,	0.0950697505259070,	-0.1057126359579382,	0.0973205455665128,	-0.1304939461219942,	
  0.1270912708182097,	0.0521433344538668,	0.0766532876696956,	0.0000316237934614,	-0.0374603291424889,	-0.0627264003607081,	-0.0244053290208971,	-0.1330757560750384,	0.0341526108923533,	-0.0242824956058186,	-0.0925466610486410,	0.0380616247338559,	
  0.0148961352221523,	-0.0120916935348312,	0.1391985174156475,	-0.0238866896992153,	0.0413202488595987,	-0.1310497221282686,	-0.0462472561709832,	-0.0845026538150054,	-0.1112685281501246,	0.1087754058090162,	0.0392423200958127,	0.1165928531196199,	
  -0.1181766816791227,	-0.0204441631464808,	-0.0707679853605385,	0.0800810533713373,	0.0636847571795795,	-0.0456780322072103,	0.1034705114394136,	0.0179036177891041,	-0.0979464993381496,	0.0174360038777818,	-0.0728421956498268,	-0.0277415517248641,	
  0.1183914912296958,	0.1262045476835724,	0.0373131115103528,	-0.0266475198537110,	0.0126977789869206,	-0.0256806865952515,	0.0381149313331271,	0.0453850056065412,	0.0932988317784870,	0.0216636864963241,	0.1209391115323770,	0.0109558135668796,	
  -0.0946215504195995,	0.1177578668161325,	-0.0321741394820288,	0.0789888898186820,	0.0138505541026803,	0.1338408519836909,	-0.0827814738688885,	-0.0758004547514056,	0.0778556074178912,	-0.1207864639657862,	-0.0771762145539274,	0.1322776239172569,	
};

const PROGMEM tinytype Bdyn_data[12*4] = {
  -0.6406328087639068,	0.8528903208695819,	0.8962947986526995,	-0.5098540016573212,	
  -0.8932918529319032,	0.5147177623185668,	-0.2014673438505341,	-0.7745969268104012,	
  0.3202510064078536,	-0.2467268460802108,	-0.3581038964716172,	0.0503170239349580,	
  0.4095401410501933,	0.0626933931215512,	-0.3163991619488016,	0.6883819335058419,	
  0.5325709645924164,	0.3224047971222272,	-0.6356328619405425,	-0.9493750475264371,	
  0.6803078386752253,	-0.4490321277603453,	0.0747779970232523,	-0.4479799686538934,	
  -0.4905211847333562,	0.7712588953326960,	0.0804767358547505,	-0.2974214993838529,	
  0.9342821560207162,	-0.9666152275474762,	-0.3641936106616579,	0.6903379686635378,	
  -0.9893149041757781,	0.0969653468358158,	-0.3953174794542547,	0.0585345837644908,	
  0.2459027298561158,	0.2266599481225540,	-0.0883632794992304,	-0.3056983185596516,	
  0.0763784178580795,	-0.3697955215587092,	-0.8442313732803011,	-0.9849580486004264,	
  -0.3190333086560442,	-0.4819005177206437,	-0.3874586216664404,	-0.9638128156496382,	
};

const PROGMEM tinytype Q_data[12] = {
  2.7876885999747572,6.2664870020755687,7.3986927045570177,1.8777689551771284,8.8929648426133046,9.3410727979783665,8.6704610917613838,6.4793945001638988,1.8716344560332026,9.7245884083955616,
  8.2001638053021786,6.6618859196235354,
};

const PROGMEM tinytype Qf_data[12] = {
  25.0891973997728144,56.3983830186801214,66.5882343410131625,16.8999205965941570,80.0366835835197463,84.0696551818053024,78.0341498258524524,58.3145505014750896,16.8447101042988230,87.5212956755600544,
  73.8014742477196108,59.9569732766118193,
};

const PROGMEM tinytype R_data[4] = {
  0.1000000000000000,0.1000000000000000,0.1000000000000000,0.1000000000000000,
};

const PROGMEM tinytype umin[4] = {
  -3.0,	
  -3.0,	
  -3.0,	
  -3.0,	
};

const PROGMEM tinytype umax[4] = {
  3.0,	
  3.0,	
  3.0,	
  3.0,	
};

const PROGMEM tinytype xmin[12] = {
  -10000.0,	
  -10000.0,	
  -10000.0,	
  -10000.0,	
  -10000.0,	
  -10000.0,	
  -10000.0,	
  -10000.0,	
  -10000.0,	
  -10000.0,	
  -10000.0,	
  -10000.0,	
};

const PROGMEM tinytype xmax[12] = {
  10000.0,	
  10000.0,	
  10000.0,	
  10000.0,	
  10000.0,	
  10000.0,	
  10000.0,	
  10000.0,	
  10000.0,	
  10000.0,	
  10000.0,	
  10000.0,	
};

const PROGMEM tinytype rho_value = 85.0;

const PROGMEM tinytype Kinf_data[4*12] = {
  0.0147674725018980,	0.0072328423774732,	0.0013431012654471,	0.0120596764033040,	0.0084947835803182,	-0.0009010038550959,	0.0072188426215862,	-0.0088384995354689,	0.0004236818528575,	-0.0000873899516330,	0.0069995370545439,	-0.0002667432003854,	
  -0.0042475404524614,	-0.0178827525659096,	0.0052534315524589,	-0.0005960316543861,	-0.0030496156212863,	-0.0112229089961217,	0.0060705528531839,	0.0153574737433147,	-0.0120043742472057,	0.0066516726474257,	0.0063215895726289,	-0.0187902965605101,	
  -0.0125734942548002,	-0.0110741999241681,	-0.0032516782399292,	-0.0017368934684340,	-0.0035273317347594,	0.0076623221604699,	-0.0054567003608201,	0.0072347472405738,	-0.0059442001423048,	-0.0092402068752468,	-0.0100617008955356,	-0.0069303704418881,	
  -0.0033967841061321,	-0.0063837080742687,	0.0042036458223634,	-0.0163498120687435,	-0.0072496989702644,	-0.0018353643817965,	-0.0142785921843458,	-0.0092327554450916,	-0.0080073792738653,	0.0012750857228142,	-0.0145513663822870,	-0.0083797002662507,	
};

const PROGMEM tinytype Pinf_data[12*12] = {
  3.5515928976514504,	0.1565107961776402,	0.4775878224586494,	0.0284754887142767,	-0.1253395186088475,	-0.1236748557943103,	-0.1670591419117566,	0.0549614902426243,	0.2218850195078844,	0.1497321516641985,	0.4219859935682785,	-0.1604948871576913,	
  0.1565107961776402,	6.6280476879021535,	0.0883924397295050,	0.0306062566384425,	-0.0202832956277830,	0.1313121947984873,	-0.2124358441260264,	-0.1156253333646142,	0.0831663353037957,	0.0355130850493527,	0.0091160217375856,	0.0941131057402230,	
  0.4775878224586493,	0.0883924397295051,	7.9941527622166859,	-0.0281623500479830,	-0.1162076650905085,	-0.1445880832234164,	-0.2812902903837174,	-0.0003027783481677,	0.0467910008160966,	-0.0657166409772857,	0.2860825364381674,	-0.2440149536735552,	
  0.0284754887142767,	0.0306062566384425,	-0.0281623500479830,	2.2820055791553693,	0.0581486746886114,	0.1721097515206797,	-0.0185636262927100,	0.0082566742092854,	-0.0002314247263066,	-0.0906445157846772,	0.0499084051237780,	0.0207012560635809,	
  -0.1253395186088474,	-0.0202832956277830,	-0.1162076650905085,	0.0581486746886114,	9.0946779863342417,	-0.0409466106600802,	0.2267548811454051,	-0.0106705323491173,	-0.0336153935693141,	-0.0261745581558272,	0.0523244609373660,	0.1114566237736345,	
  -0.1236748557943104,	0.1313121947984873,	-0.1445880832234164,	0.1721097515206797,	-0.0409466106600802,	9.8169932031037597,	-0.2707801255344015,	0.0494953105532284,	0.2529609325270665,	-0.2704872819707969,	-0.0508102880728100,	0.1007015161775421,	
  -0.1670591419117566,	-0.2124358441260264,	-0.2812902903837175,	-0.0185636262927100,	0.2267548811454051,	-0.2707801255344015,	9.2479093219582236,	0.0745117436229286,	-0.0985334709114331,	0.1011524958677742,	0.0286814369163149,	0.0944015923339174,	
  0.0549614902426243,	-0.1156253333646142,	-0.0003027783481677,	0.0082566742092854,	-0.0106705323491173,	0.0494953105532284,	0.0745117436229286,	6.8407473098576048,	0.1761219401602903,	-0.0505908678074920,	0.1768615736817758,	-0.1858331644336724,	
  0.2218850195078844,	0.0831663353037957,	0.0467910008160966,	-0.0002314247263067,	-0.0336153935693142,	0.2529609325270665,	-0.0985334709114331,	0.1761219401602903,	2.4579416913057930,	-0.2814279847692274,	0.1926950121183592,	0.0803793100218268,	
  0.1497321516641985,	0.0355130850493526,	-0.0657166409772857,	-0.0906445157846772,	-0.0261745581558272,	-0.2704872819707969,	0.1011524958677741,	-0.0505908678074921,	-0.2814279847692274,	10.3590345276779168,	-0.0190678962751371,	-0.0172692159869595,	
  0.4219859935682785,	0.0091160217375856,	0.2860825364381674,	0.0499084051237779,	0.0523244609373660,	-0.0508102880728100,	0.0286814369163149,	0.1768615736817758,	0.1926950121183592,	-0.0190678962751371,	8.7715101462561318,	-0.1464921802787229,	
  -0.1604948871576912,	0.0941131057402230,	-0.2440149536735553,	0.0207012560635810,	0.1114566237736345,	0.1007015161775421,	0.0944015923339174,	-0.1858331644336724,	0.0803793100218268,	-0.0172692159869595,	-0.1464921802787229,	7.0804800608588403,	
};

const PROGMEM tinytype Quu_inv_data[4*4] = {
  0.0091606994027429,	0.0012204535692959,	0.0005112828721722,	-0.0004362551398510,	
  0.0012204535692959,	0.0095201642135785,	-0.0006147023308333,	0.0004959853672310,	
  0.0005112828721722,	-0.0006147023308333,	0.0100779191894381,	-0.0010821361441396,	
  -0.0004362551398510,	0.0004959853672310,	-0.0010821361441396,	0.0083831935426788,	
};

const PROGMEM tinytype AmBKt_data[12*12] = {
  -0.0223859199462280,	-0.0545810450288393,	0.1058702878506863,	-0.0552040045939693,	0.0271205095417968,	-0.1068741603639416,	0.0862227994934751,	0.0276926541543788,	-0.0819522011702674,	-0.1281016075392736,	-0.0202581143699543,	-0.0267432140507145,	
  -0.0376021135005454,	-0.0851897675603304,	-0.1313302811321604,	-0.0443895633494807,	-0.0160952130144754,	-0.0570680975311603,	0.1292318951821618,	0.0512777837276852,	0.0585399188281073,	0.0953152906031858,	-0.0743892919756088,	0.0744092449639470,	
  -0.0978682685368596,	-0.0823948957070582,	-0.0556955442292977,	-0.0402046623764358,	0.0794977686584626,	-0.0312455019580501,	0.1239158803906220,	-0.0319268420380524,	0.0488879007800997,	-0.1190613701721597,	0.0503991151914867,	0.0489779842086136,	
  0.0965390217907419,	0.0560772091224939,	0.1222170662580095,	-0.1328713145807845,	0.0725355361986357,	-0.1006100395789032,	0.0022497892403431,	0.0475071699022203,	0.0926626781167599,	0.1125510151799673,	0.0453667435900455,	-0.0605750778957241,	
  0.1040974730134153,	-0.0058337126708439,	0.0523176078520802,	0.0782077564669075,	0.0237285301559271,	-0.0831920863832002,	0.0548677266606613,	-0.0477561724921090,	-0.0816359647901245,	0.1003668274423429,	0.0947583273514226,	-0.0137001562997962,	
  0.0526235901582876,	-0.0076754550886455,	-0.0287057175728551,	0.1032985885801396,	0.0589410789500683,	0.0831015177569925,	0.0475428437187894,	0.0680261796889603,	0.1147147774440060,	-0.0769993583508161,	0.0694049879434190,	0.0545639199066221,	
  0.0887212873092818,	-0.0535645018043121,	0.1344795109636489,	0.0451455800340529,	-0.0525635188611116,	0.0166361781197943,	-0.0706198954143581,	0.0932068947915881,	0.1026328589463327,	-0.1097628046832505,	0.0923602282222762,	-0.1180671753705822,	
  0.1069542902577133,	0.0284738411515711,	0.0763903223022437,	-0.0011573194027961,	-0.0446245479784690,	-0.0686752527766558,	-0.0174121171246371,	-0.1009647653372032,	0.0255161197827881,	-0.0220167050566459,	-0.0865947053448146,	0.0234086799860525,	
  0.0251459873855081,	-0.0072062845723036,	0.1384863627984989,	-0.0116276725817474,	0.0490499141208472,	-0.1277163832341310,	-0.0410155184199656,	-0.0913353983634278,	-0.1115665026708240,	0.1043165159784871,	0.0424282832380860,	0.1159017734114135,	
  -0.1229947225586848,	-0.0210994765104521,	-0.0712912816447706,	0.0720990548652532,	0.0597591850409183,	-0.0427966888195669,	0.0954723135763058,	0.0144129529280428,	-0.0983028644169062,	0.0155231221069922,	-0.0813336652081328,	-0.0265910017419226,	
  0.1017322254409236,	0.1034022811565208,	0.0405484690218305,	-0.0453592476420860,	0.0008026931926387,	-0.0251010349918574,	0.0211378988795679,	0.0487531250418760,	0.0759220948799784,	0.0175851533641167,	0.0999153044785615,	-0.0100768699039364,	
  -0.1001026995568934,	0.1010041828390004,	-0.0264223771094131,	0.0661179675655437,	0.0067370137986264,	0.1293449611576226,	-0.0934291557972141,	-0.0773149387817771,	0.0621851155186195,	-0.1199601536377920,	-0.0898200379655541,	0.1123757760238752,	
};

const PROGMEM tinytype coeff_d2p_data[12*4] = {
  -0.0160907712439386,	0.0212418845364521,	0.0254842901116865,	-0.0165016595749505,	
  -0.0492365446395342,	0.0229237453444168,	-0.0121442081728507,	-0.0391838082794143,	
  0.0164259754016489,	-0.0118850700903355,	-0.0239932653926915,	0.0035377031434629,	
  0.0084300039768914,	0.0029662130255234,	-0.0086884513049158,	0.0118853018014364,	
  0.0481455780442655,	0.0333960975243228,	-0.0495837403783427,	-0.0673900300266467,	
  0.0555397477894363,	-0.0395483660314562,	0.0157991132736586,	-0.0402699299881696,	
  -0.0287757677217051,	0.0600728148379080,	0.0017201406184716,	-0.0180841741800493,	
  0.0466797803917246,	-0.0508019651050265,	-0.0235747927273202,	0.0368584558157050,	
  -0.0220504901578146,	-0.0031306698804707,	-0.0111402047217507,	0.0008700504905693,	
  0.0259704238483261,	0.0276317775905671,	-0.0028123538333839,	-0.0261736700687366,	
  0.0009732830354294,	-0.0274566686578324,	-0.0618520083080606,	-0.0656586275047917,	
  -0.0250539787286917,	-0.0347031007598990,	-0.0192210073010369,	-0.0559241203571173,	
};

const PROGMEM tinytype dKinf_drho_data[4*12] = {
  -0.0001240935063878,	-0.0000412396853516,	-0.0000153561026689,	-0.0001156779222046,	-0.0000765090805486,	0.0000182074310650,	-0.0000782028849107,	0.0000539487014479,	0.0000102742110775,	-0.0000024789722218,	-0.0000730937086917,	0.0000233863636563,	
  0.0000164373972384,	0.0001573915311297,	-0.0000546575476429,	-0.0000028731181091,	0.0000207972393477,	0.0001118926143723,	-0.0000615645615087,	-0.0001254657789021,	0.0001140615593787,	-0.0000693608148478,	-0.0000669565755649,	0.0001789832889023,	
  0.0001114856933745,	0.0000894588513470,	0.0000381599693927,	-0.0000063007391985,	0.0000213557064373,	-0.0000845751224040,	0.0000396830932805,	-0.0000691788191061,	0.0000428245427932,	0.0000983243839950,	0.0000853237596074,	0.0000495396911590,	
  0.0000236627927962,	0.0000536623441336,	-0.0000419332617529,	0.0001413973418962,	0.0000609844600988,	0.0000305394565230,	0.0001125966099261,	0.0000728542930583,	0.0000663674439954,	-0.0000246455124804,	0.0001104484883175,	0.0000704271632952,	
};

const PROGMEM tinytype dPinf_drho_data[12*12] = {
  0.0004546694080431,	0.0003580158227193,	0.0000707972174288,	0.0002457578071548,	0.0002048208097787,	-0.0000789316219504,	0.0001894989447048,	-0.0002469824002126,	0.0001823452583103,	0.0000886477606935,	0.0002747486721565,	0.0001677288695747,	
  0.0003580158227193,	0.0005436298836078,	-0.0000641853307382,	0.0002225298984675,	0.0001993737691895,	0.0001210919517794,	0.0000864698141139,	-0.0003606046011377,	0.0003446257483834,	-0.0000219749517573,	0.0001451225269065,	0.0004632907346242,	
  0.0000707972174288,	-0.0000641853307382,	0.0001137117940091,	-0.0000699651705684,	-0.0000194821197573,	-0.0001328231599744,	0.0000036792467671,	0.0000209106197692,	-0.0000555671254319,	0.0000773110708845,	0.0000409283718945,	-0.0001335310766036,	
  0.0002457578071548,	0.0002225298984675,	-0.0000699651705684,	0.0004276556981530,	0.0002250322991101,	0.0000335518344215,	0.0003165705432288,	0.0000142671146235,	0.0001508206083883,	-0.0000107968653885,	0.0003250218214130,	0.0001676572361382,	
  0.0002048208097787,	0.0001993737691895,	-0.0000194821197573,	0.0002250322991101,	0.0001529420401951,	0.0000045126249563,	0.0001737835667558,	-0.0000755160573698,	0.0001202205483473,	0.0000050724912671,	0.0001840313216656,	0.0001471953005116,	
  -0.0000789316219504,	0.0001210919517794,	-0.0001328231599744,	0.0000335518344215,	0.0000045126249563,	0.0002301886470986,	-0.0001082680506960,	-0.0001068398288723,	0.0000968387060546,	-0.0001505829593324,	-0.0001477303182025,	0.0001889250038221,	
  0.0001894989447048,	0.0000864698141139,	0.0000036792467671,	0.0003165705432288,	0.0001737835667558,	-0.0001082680506960,	0.0003415859742843,	0.0001302185591190,	0.0000697181887006,	0.0000711257348447,	0.0003560360455348,	0.0000413117623687,	
  -0.0002469824002126,	-0.0003606046011377,	0.0000209106197692,	0.0000142671146235,	-0.0000755160573698,	-0.0001068398288723,	0.0001302185591190,	0.0004612905720711,	-0.0001533594660890,	0.0000270705204428,	0.0001063254582497,	-0.0002649420700462,	
  0.0001823452583103,	0.0003446257483834,	-0.0000555671254319,	0.0001508206083883,	0.0001202205483473,	0.0000968387060546,	0.0000697181887006,	-0.0001533594660890,	0.0002601733426357,	-0.0000282923519934,	0.0001130238631574,	0.0003330230920589,	
  0.0000886477606935,	-0.0000219749517573,	0.0000773110708845,	-0.0000107968653885,	0.0000050724912671,	-0.0001505829593324,	0.0000711257348447,	0.0000270705204428,	-0.0000282923519934,	0.0001354521722828,	0.0001192230804290,	-0.0000670317827506,	
  0.0002747486721565,	0.0001451225269065,	0.0000409283718945,	0.0003250218214130,	0.0001840313216656,	-0.0001477303182025,	0.0003560360455348,	0.0001063254582497,	0.0001130238631574,	0.0001192230804290,	0.0004168164183338,	0.0000582629182432,	
  0.0001677288695747,	0.0004632907346242,	-0.0001335310766036,	0.0001676572361382,	0.0001471953005116,	0.0001889250038221,	0.0000413117623687,	-0.0002649420700462,	0.0003330230920589,	-0.0000670317827506,	0.0000582629182432,	0.0005077021088157,	
};

const PROGMEM tinytype dC1_drho_data[4*4] = {
  -0.0000860749932986,	-0.0000221615567851,	-0.0000095831893722,	0.0000073749099432,	
  -0.0000221615567851,	-0.0000928636383603,	0.0000119776843666,	-0.0000088776769971,	
  -0.0000095831893722,	0.0000119776843666,	-0.0001034456875888,	0.0000204500333866,	
  0.0000073749099432,	-0.0000088776769971,	0.0000204500333866,	-0.0000721465259883,	
};

const PROGMEM tinytype dC2_drho_data[12*12] = {
  -0.0001813771460497,	-0.0002134787512076,	-0.0000188031532281,	0.0000060827027728,	-0.0000547998288892,	0.0000076070563514,	0.0000242485668477,	0.0002407195251591,	-0.0000952457113363,	-0.0000431241904225,	-0.0000098822508762,	-0.0001461656393475,	
  -0.0000785224854817,	-0.0000582615676369,	-0.0000103776588004,	0.0000064012527558,	-0.0000275087940012,	-0.0000347119223539,	0.0000570422087884,	0.0001552668390156,	0.0000105041234882,	0.0000342056119739,	0.0000719127351094,	-0.0000067017355869,	
  0.0000825294373745,	0.0000813752006002,	0.0000072075136539,	0.0000269660829416,	0.0000342123524651,	-0.0000100473717212,	0.0000184000665164,	-0.0000766719177354,	0.0000368479457377,	0.0000201311521281,	0.0000318856806039,	0.0000508671470476,	
  0.0000687756967983,	-0.0000016135851954,	0.0000506554897140,	-0.0000517740461100,	-0.0000051939827998,	-0.0000622539095266,	-0.0000290668628158,	-0.0000862679829099,	-0.0000434951080049,	0.0000534389816945,	-0.0000149018352252,	-0.0000536051944384,	
  0.0001541179380553,	0.0000790279505644,	0.0000102454081568,	0.0001927671609653,	0.0001055128986014,	-0.0000705367938758,	0.0001936175858663,	0.0000369129741847,	0.0000479825415793,	0.0000627828630815,	0.0002196063324610,	0.0000281908779740,	
  0.0000940664849089,	0.0001160796368469,	-0.0000357349052624,	0.0001412208083470,	0.0000871112354339,	0.0000578621436639,	0.0000730311731169,	-0.0000552295726932,	0.0000707566303184,	-0.0000478519664421,	0.0000627589398798,	0.0000923048000632,	
  -0.0000754821639915,	-0.0001328575792475,	0.0000190797827809,	-0.0000119648811885,	-0.0000371499286631,	-0.0000614776227647,	0.0000394171306788,	0.0001504652976170,	-0.0000666385488115,	0.0000370362262939,	0.0000417700192575,	-0.0001096111870096,	
  0.0001560940400633,	0.0001862017412556,	0.0000043598546314,	0.0000053919761090,	0.0000572617205055,	0.0000392619613707,	-0.0000497230686609,	-0.0002471690101160,	0.0000704350864879,	-0.0000119063148693,	-0.0000416035147578,	0.0001205820044175,	
  -0.0000816742617322,	-0.0000238370151152,	0.0000076477157630,	-0.0001249307265191,	-0.0000728356011653,	-0.0000280584618309,	-0.0000623010258149,	0.0000339259950503,	0.0000121489110879,	0.0000445850737670,	-0.0000385553105431,	0.0000212427825862,	
  0.0000438741498269,	-0.0000012240392176,	0.0000067177969110,	0.0000717649133434,	0.0000346297977413,	-0.0000279763058423,	0.0000711116457928,	0.0000313305015385,	-0.0000043071106019,	0.0000174850780310,	0.0000744537208308,	-0.0000204121586654,	
  0.0001329831198048,	0.0001897316319490,	-0.0000281259018143,	0.0001417239987146,	0.0000916306606824,	-0.0000013341553178,	0.0001276113630168,	-0.0000371617067420,	0.0001429176965541,	0.0000332737551215,	0.0001616426623133,	0.0001755917680411,	
  0.0000343338243550,	0.0001490722853031,	-0.0000568690146847,	0.0000955496271294,	0.0000526653120787,	0.0000563948449959,	0.0000692802930876,	0.0000001633803367,	0.0001388026714594,	-0.0000198729177726,	0.0000839253586470,	0.0001807863515681,	
};

