#pragma once

typedef float tinytype;

const PROGMEM tinytype Adyn_data[12*12] = {
  -0.0985714665759953,	-0.0332723314104400,	-0.0092714821117792,	0.0689248216152274,	-0.0702522545275889,	0.0910960861884292,	-0.0046970242574158,	-0.0775270082244076,	0.1142463536072876,	-0.0509709717889974,	0.1349283184002259,	-0.1246312216803807,	
  -0.0422505102916309,	-0.0098953698980733,	0.1045422703143765,	0.0153075135939901,	-0.0913605952912740,	0.1264288347498577,	-0.0586795272767974,	-0.1093080836758580,	-0.0720621583468646,	0.0870305174377515,	0.0717732902181974,	-0.0660682035060210,	
  0.0955310262122833,	0.0631905470601413,	0.0397027906344842,	0.1147662018475215,	-0.0522491086527430,	0.1285154019140758,	-0.0389807806026591,	0.0092746446383711,	-0.0625611216120849,	0.0401208073042039,	0.0198422097457248,	-0.0541553619106232,	
  0.0004858415808665,	-0.0884642905337691,	-0.0010273853714817,	-0.1039011176342343,	-0.1026910667399884,	-0.0860507789297268,	0.1254634518050645,	0.0124716439862762,	-0.1373597539286313,	-0.1278172992961300,	0.0857639755390535,	0.1376371688632963,	
  0.0751192758032476,	0.0446239578043138,	-0.1077133641900369,	0.0361186264605211,	-0.0365072322133359,	-0.0021512160823431,	-0.0621472744975341,	-0.1325569157940766,	0.0739943030639601,	0.0988244226230896,	-0.0598993541046758,	0.0868291458414358,	
  -0.0557707920132177,	-0.0572187566883277,	-0.1133053787458228,	-0.1142380910408254,	0.0713212281836691,	-0.0954724416400321,	-0.1198354893900472,	-0.1009283897461510,	-0.0007393431841314,	-0.0960411483877290,	-0.1100858725748911,	-0.0911718838003314,	
  0.0034983774368686,	0.0103378352357112,	-0.0144076145573874,	-0.1003394451223754,	-0.0524941991274794,	-0.1370656914876992,	0.0203431126279065,	0.0041678918632018,	-0.0289342206236390,	0.0591818444132929,	0.0508828720298638,	-0.0307772524133494,	
  -0.0232026034191309,	-0.0785762397869650,	0.0998193951979032,	-0.0825420640119517,	-0.1033123093141787,	0.0984635895811602,	0.0912658577489556,	-0.0038136229765055,	-0.0429740864393791,	0.1239874381589664,	0.0031472235768145,	-0.0329581662512369,	
  -0.0622649824429936,	-0.1023375145735415,	0.0584619990540964,	-0.0833240047832920,	0.1101445022928208,	0.0035505925893876,	0.0445735415478265,	-0.1362372484095467,	-0.1164838537750458,	-0.0757984399965359,	-0.0311542561193009,	0.1169887140080353,	
  0.0398398840010129,	0.0321525056608708,	0.0143661254007630,	0.0337557465503193,	-0.0848409961701848,	-0.0609138848094986,	0.0803147820849218,	0.0086402121634602,	-0.0464186151704474,	0.1076174260820419,	-0.0252866408708277,	-0.0177962475956726,	
  -0.0976451441971417,	0.1290040774255159,	0.0213112860983243,	-0.0561704132880562,	-0.0946148209006738,	0.1033079879541483,	0.0703096381232738,	0.1102443046691023,	0.0881993855983432,	-0.0009413174588209,	0.0806511716323128,	0.0174029122412507,	
  0.0445714089544576,	-0.0620508505865166,	0.0663608966686872,	0.1222184583226674,	-0.1339962411082455,	0.0245320323326881,	-0.0806091811009028,	-0.0263357273899279,	-0.1216674284721317,	0.1203452168315839,	0.0418570252161825,	0.0925634635359586,	
};

const PROGMEM tinytype Bdyn_data[12*4] = {
  -0.9663923283766014,	-0.6766085635079024,	-0.1908749745954748,	-0.3603241452387160,	
  -0.9235470272013255,	-0.9788260295504663,	0.9078158641320677,	0.4947892760870456,	
  0.2140390933437941,	-0.3768241179438350,	0.2825566236450687,	0.1116395891363973,	
  0.7079771793311769,	0.5316624543505570,	-0.4402734192140347,	0.3759239038915718,	
  -0.4553781814117428,	-0.1399466170861188,	0.3497803210829646,	0.8898052694017613,	
  0.1267742822948013,	-0.0562909465186272,	0.9571410913275307,	0.0562870226704679,	
  -0.6324672676610603,	-0.0518753503741429,	-0.1598373800101394,	0.9091559231617947,	
  -0.1851296625182937,	0.2258445869221732,	-0.8578067118690307,	0.5827383797798813,	
  0.7906995410410094,	-0.4010387792115215,	-0.6964529234966814,	0.3255144339720506,	
  -0.5710214955774433,	-0.2356356494496601,	-0.6951822115027946,	0.7300549710973017,	
  -0.3240314408154070,	0.1192545919166157,	-0.3343529609898535,	0.9553294735714950,	
  -0.2043878523347264,	-0.9883235708623772,	-0.9976351924003362,	0.2373301328878803,	
};

const PROGMEM tinytype Q_data[12] = {
  2.0325320255619768,2.3607013807433268,5.2445313149488921,7.9695656171347773,2.9555181941717361,8.1451593285756516,6.4078269242900028,9.4852915407120850,3.1222381608551890,2.0080045421895099,
  3.2839446670512458,4.2431452020995950,
};

const PROGMEM tinytype Qf_data[12] = {
  18.2927882300577913,21.2463124266899399,47.2007818345400310,71.7260905542130018,26.5996637475456268,73.3064339571808716,57.6704423186100286,85.3676238664087634,28.1001434476967020,18.0720408797055896,
  29.5555020034612106,38.1883068188963577,
};

const PROGMEM tinytype R_data[4] = {
  0.1000000000000000,0.1000000000000000,0.1000000000000000,0.1000000000000000,
};

const PROGMEM tinytype umin[4] = {
  -3.0,	
  -3.0,	
  -3.0,	
  -3.0,	
};

const PROGMEM tinytype umax[4] = {
  3.0,	
  3.0,	
  3.0,	
  3.0,	
};

const PROGMEM tinytype xmin[12] = {
  -10000.0,	
  -10000.0,	
  -10000.0,	
  -10000.0,	
  -10000.0,	
  -10000.0,	
  -10000.0,	
  -10000.0,	
  -10000.0,	
  -10000.0,	
  -10000.0,	
  -10000.0,	
};

const PROGMEM tinytype xmax[12] = {
  10000.0,	
  10000.0,	
  10000.0,	
  10000.0,	
  10000.0,	
  10000.0,	
  10000.0,	
  10000.0,	
  10000.0,	
  10000.0,	
  10000.0,	
  10000.0,	
};

const PROGMEM tinytype rho_value = 85.0;

const PROGMEM tinytype Kinf_data[4*12] = {
  0.0013540567878024,	-0.0075867209717598,	-0.0023793863252062,	-0.0056029654172861,	0.0082927259686112,	-0.0057153099813926,	0.0046502586558514,	-0.0003631718494873,	-0.0109082438037592,	-0.0185001021265471,	-0.0038814337069147,	0.0133995003481912,	
  -0.0017332291890600,	-0.0006934839247161,	-0.0040872603633226,	-0.0136210512871280,	0.0024280074184552,	-0.0079234572369220,	0.0127357969115042,	0.0087699897216320,	0.0030903323773552,	-0.0092682804804172,	-0.0009600594179844,	0.0034490789156457,	
  -0.0007204776456072,	0.0081330587525265,	-0.0181506021834884,	-0.0003008309246473,	0.0188404859236307,	-0.0080588572587603,	-0.0206243837281463,	-0.0085053747972786,	0.0120742594376353,	-0.0135328158470029,	-0.0126921982542742,	-0.0141414595708353,	
  -0.0018552368947114,	-0.0023922174861500,	0.0041164003652846,	-0.0148325019018103,	-0.0166647485870052,	-0.0018911108320847,	0.0089365269441891,	-0.0034345490508347,	-0.0093451616659882,	0.0100894895975623,	0.0050727156971360,	0.0036043108337640,	
};

const PROGMEM tinytype Pinf_data[12*12] = {
  2.2185422013312461,	0.0710791681669201,	0.0019922979284695,	0.1886584946378904,	-0.0400830620839296,	0.0101122139825750,	-0.0392730289556565,	0.0405696389984161,	-0.0431078061688720,	0.1152020233915271,	-0.0080561124816153,	0.0610131045254438,	
  0.0710791681669201,	2.6492636009739350,	-0.0393703246400284,	0.1940939050760821,	0.0416341074036930,	0.0881824114195790,	-0.0554482558107672,	0.1638076374387637,	0.2082394692186020,	0.0818452229927535,	0.0187288779455021,	-0.0685553851374725,	
  0.0019922979284695,	-0.0393703246400284,	5.5216160860587582,	0.0630474812179606,	-0.1739805579848442,	0.2571612569038457,	0.1550951890846023,	0.0753162266061462,	-0.1256771792206962,	0.1921070659516920,	0.1339738426091407,	0.0204756692590670,	
  0.1886584946378904,	0.1940939050760822,	0.0630474812179606,	8.4589675537673212,	-0.0189112597673094,	0.2366730500699851,	-0.1456673272653063,	0.0839850237702205,	0.0980733820032640,	0.1850152940165408,	0.0430200795850287,	0.0104311918695985,	
  -0.0400830620839296,	0.0416341074036930,	-0.1739805579848441,	-0.0189112597673094,	3.3729035684526871,	-0.1366805888517102,	-0.1710732467964883,	-0.0886241536294645,	0.1661953315288537,	-0.1815788406978332,	-0.2329381617889781,	-0.0637023731686778,	
  0.0101122139825750,	0.0881824114195790,	0.2571612569038456,	0.2366730500699850,	-0.1366805888517102,	8.6742515215798335,	0.0393417857288157,	0.0559784957924090,	0.0621296352452649,	0.2463823475540646,	0.0778290401069232,	-0.0883631161698550,	
  -0.0392730289556565,	-0.0554482558107672,	0.1550951890846023,	-0.1456673272653063,	-0.1710732467964883,	0.0393417857288157,	6.7617730913440237,	0.1369896996705316,	-0.1010181234006182,	-0.0148998879732177,	0.1732354510146828,	0.1324757241001195,	
  0.0405696389984161,	0.1638076374387637,	0.0753162266061462,	0.0839850237702205,	-0.0886241536294645,	0.0559784957924090,	0.1369896996705316,	9.7915890238319605,	0.0715071690887232,	0.0425243858863676,	0.1243677715170122,	0.0021629086014023,	
  -0.0431078061688720,	0.2082394692186020,	-0.1256771792206962,	0.0980733820032641,	0.1661953315288538,	0.0621296352452649,	-0.1010181234006182,	0.0715071690887232,	3.4938489326702618,	0.0319041043716624,	-0.0778054750780574,	-0.1579048447229307,	
  0.1152020233915271,	0.0818452229927535,	0.1921070659516920,	0.1850152940165408,	-0.1815788406978332,	0.2463823475540647,	-0.0148998879732177,	0.0425243858863676,	0.0319041043716624,	2.4917302746929755,	0.0044695606601792,	-0.0917611467327368,	
  -0.0080561124816153,	0.0187288779455022,	0.1339738426091407,	0.0430200795850287,	-0.2329381617889781,	0.0778290401069232,	0.1732354510146827,	0.1243677715170121,	-0.0778054750780574,	0.0044695606601792,	3.5549757222390777,	0.0881859437460691,	
  0.0610131045254438,	-0.0685553851374725,	0.0204756692590670,	0.0104311918695984,	-0.0637023731686778,	-0.0883631161698551,	0.1324757241001195,	0.0021629086014023,	-0.1579048447229307,	-0.0917611467327368,	0.0881859437460691,	4.6220908024287466,	
};

const PROGMEM tinytype Quu_inv_data[4*4] = {
  0.0099943184897577,	-0.0006512670534171,	0.0000583485709614,	0.0005414376338680,	
  -0.0006512670534171,	0.0103307822203804,	0.0000917383509708,	0.0000302461856669,	
  0.0000583485709614,	0.0000917383509708,	0.0089570344040871,	0.0007355012700639,	
  0.0005414376338680,	0.0000302461856669,	0.0007355012700639,	0.0096925517599864,	
};

const PROGMEM tinytype AmBKt_data[12*12] = {
  -0.0992416419965208,	-0.0403828738553507,	-0.0163176354533976,	0.0488921092103306,	-0.0630039511767975,	0.0779921283803701,	0.0076974669983975,	-0.0748051387154799,	0.1047330424038803,	-0.0740679156661849,	0.1299329451473407,	-0.1107489015252441,	
  -0.0411244926594838,	-0.0237805398155817,	0.1127847321628960,	0.0044123339540337,	-0.0901834291343343,	0.1216464508453653,	-0.0276172201565091,	-0.0916385035294851,	-0.0854488552023968,	0.0681659025906725,	0.0762611261070171,	-0.0392626195807025,	
  0.0949987761803548,	0.0625220970264075,	0.0433409136696202,	0.1125736110372736,	-0.0565722028516915,	0.1292411582300812,	-0.0303470762770526,	0.0154438028834527,	-0.0614301911970137,	0.0432854410541201,	0.0233311635429987,	-0.0521303034071558,	
  0.0008289138997964,	-0.0782443045323480,	-0.0067084722555058,	-0.0872491002644568,	-0.0952933653600401,	-0.0806290520421568,	0.1029602077153888,	0.0056125257514588,	-0.1224509348024315,	-0.1195430718497533,	0.0815273769621728,	0.1187358272833999,	
  0.0773961326262778,	0.0403559036989338,	-0.1066829543450903,	0.0449642012975517,	-0.0241527644280848,	-0.0013611545208652,	-0.0589850816765985,	-0.1254638733660390,	0.0735514441509634,	0.0848586469239675,	-0.0618754793720095,	0.0951529423649522,	
  -0.0552459921811183,	-0.0639458263790282,	-0.0960928222451878,	-0.1131717059805287,	0.0533116044598995,	-0.0873739977968344,	-0.1004706778759975,	-0.0920545136172891,	-0.0102132591987919,	-0.0818326247002749,	-0.0977851528307787,	-0.0793439478023211,	
  0.0058364025147122,	0.0089783733301188,	-0.0227681210614374,	-0.0911527612261119,	-0.0289610988630776,	-0.1406602621115772,	0.0125236790777330,	0.0061562076348073,	-0.0252468886267234,	0.0356643710141299,	0.0417376116018565,	-0.0276607992536427,	
  -0.0220973997307512,	-0.0714535179616701,	0.0823334929820629,	-0.0721176850673257,	-0.0764527482155231,	0.0933840671154999,	0.0663510557494504,	-0.0111560356033402,	-0.0298882956181818,	0.1051676383873674,	-0.0111980396900801,	-0.0454874862678062,	
  -0.0639285990166579,	-0.0901738178636263,	0.0447232411341460,	-0.0797376334951342,	0.1231073005116711,	-0.0001049588746697,	0.0287312517558997,	-0.1372385804759452,	-0.0951682289873976,	-0.0775966012803246,	-0.0389609900842644,	0.0967548335687461,	
  0.0410582306220070,	0.0350573234076376,	-0.0035788339031218,	0.0379661370315845,	-0.0542697930620515,	-0.0702662580021418,	0.0651093269029441,	0.0070939798013451,	-0.0367029722765636,	0.0780958779222065,	-0.0402559989384976,	-0.0217943550964666,	
  -0.0954682230337656,	0.1316331105879388,	0.0110264885080212,	-0.0422922348091450,	-0.0699975702407572,	0.1015130876145485,	0.0548645145230330,	0.1095180927149740,	0.0972610080848392,	-0.0199941710344774,	0.0704181676856295,	0.0131619098950732,	
  0.0428567002161660,	-0.0556052997737439,	0.0427504179032613,	0.1108313543373546,	-0.1071506728995985,	0.0079419708234081,	-0.0897681545960647,	-0.0254125069858388,	-0.1065790980683818,	0.0915086073816025,	0.0262487660267343,	0.0837475353156627,	
};

const PROGMEM tinytype coeff_d2p_data[12*4] = {
  -0.0208721381892307,	-0.0144388894081486,	-0.0059711050395540,	-0.0080678016927121,	
  -0.0200034808730898,	-0.0243890858324696,	0.0198013894286396,	0.0154763091831172,	
  0.0119027788391311,	-0.0210518455705372,	0.0138002955079628,	0.0102638036257519,	
  0.0560216179511004,	0.0382368121659711,	-0.0292324621770146,	0.0329153811666681,	
  -0.0098541186802310,	-0.0034149991456307,	0.0134403942144189,	0.0243497453317478,	
  0.0128487907875480,	-0.0052467188993679,	0.0731463038306513,	0.0147673321130660,	
  -0.0399741346602102,	-0.0014258874801103,	-0.0070755717211481,	0.0565972488978267,	
  -0.0182771062196359,	0.0215255627830750,	-0.0706989084213592,	0.0513088044741058,	
  0.0282025994691636,	-0.0157633915393600,	-0.0176562722112397,	0.0123949859194699,	
  -0.0115177377821745,	-0.0056444021072414,	-0.0122776730299278,	0.0152965771143551,	
  -0.0104483382321290,	0.0046263538531855,	-0.0093945902076436,	0.0319719910268288,	
  -0.0077525079337202,	-0.0455662875670253,	-0.0415065875168055,	0.0062395590882291,	
};

const PROGMEM tinytype dKinf_drho_data[4*12] = {
  -0.0000138775239361,	0.0000752503055833,	0.0000193585919944,	0.0000546941387422,	-0.0000723660168492,	0.0000535219532966,	-0.0000416939666157,	0.0000098833632818,	0.0001153391701919,	0.0001727931653776,	0.0000356435577946,	-0.0001313124270472,	
  0.0000187956255398,	0.0000012795440600,	0.0000420821859882,	0.0001373547442124,	-0.0000206001379885,	0.0000790222686081,	-0.0001268177267792,	-0.0000904672605313,	-0.0000398343256913,	0.0000842092193407,	0.0000082673866889,	-0.0000253368292627,	
  0.0000077082690784,	-0.0000712677843857,	0.0001594751368212,	0.0000150128350356,	-0.0001557881505901,	0.0000748077552280,	0.0001765704931449,	0.0000762530184741,	-0.0001004753189263,	0.0001146346223586,	0.0001096241523590,	0.0001242589200883,	
  0.0000177149836707,	0.0000215901613647,	-0.0000245865300937,	0.0001469605045130,	0.0001420449754835,	0.0000274678145550,	-0.0000737186276965,	0.0000403513984715,	0.0000867163932333,	-0.0000771618002054,	-0.0000372885994279,	-0.0000328412251265,	
};

const PROGMEM tinytype dPinf_drho_data[12*12] = {
  0.0000135544412582,	-0.0000074800153819,	0.0000072341766263,	0.0000502238666333,	0.0000194899010335,	0.0000137771147111,	-0.0000240093980170,	0.0000026939800464,	-0.0000087994066870,	-0.0000118977693213,	-0.0000017310517448,	0.0000145470725285,	
  -0.0000074800153819,	0.0001435618337558,	-0.0001300676688881,	0.0000917503028090,	0.0001156882378114,	-0.0000147922428406,	-0.0002331892729519,	-0.0000390838842053,	0.0002001852296393,	0.0000259367001862,	-0.0000791129436166,	-0.0002483687854656,	
  0.0000072341766263,	-0.0001300676688881,	0.0003773023719424,	0.0000109419039186,	-0.0004483132098055,	0.0001849516745921,	0.0003544532957641,	0.0001189819565618,	-0.0002484732734995,	0.0003770461539075,	0.0002685429413328,	0.0002105625855896,	
  0.0000502238666333,	0.0000917503028090,	0.0000109419039186,	0.0004491636493700,	0.0001577803344227,	0.0001685906109748,	-0.0003358549272371,	-0.0000530016917562,	0.0001606226552589,	0.0000933886786414,	-0.0000341931476202,	-0.0001750009915249,	
  0.0000194899010335,	0.0001156882378114,	-0.0004483132098055,	0.0001577803344227,	0.0007387194420901,	-0.0001825777382819,	-0.0004718086346348,	-0.0001179896347758,	0.0003110979181059,	-0.0006135749867120,	-0.0003720011660350,	-0.0001820765254459,	
  0.0000137771147111,	-0.0000147922428406,	0.0001849516745921,	0.0001685906109748,	-0.0001825777382819,	0.0001669269194275,	0.0000223195103305,	0.0000022015384289,	-0.0000392807581563,	0.0002687340920521,	0.0001211706928188,	0.0000064275227207,	
  -0.0000240093980170,	-0.0002331892729519,	0.0003544532957641,	-0.0003358549272371,	-0.0004718086346348,	0.0000223195103305,	0.0007028764614999,	0.0002574861773034,	-0.0003537805735625,	0.0001586588049183,	0.0002781700125253,	0.0004218888398218,	
  0.0000026939800464,	-0.0000390838842053,	0.0001189819565618,	-0.0000530016917562,	-0.0001179896347758,	0.0000022015384289,	0.0002574861773034,	0.0002129768712848,	-0.0000463637252157,	0.0000313479662986,	0.0000991781167823,	0.0000917419599249,	
  -0.0000087994066870,	0.0002001852296393,	-0.0002484732734995,	0.0001606226552589,	0.0003110979181059,	-0.0000392807581563,	-0.0003537805735625,	-0.0000463637252157,	0.0003733476237346,	-0.0000806462289503,	-0.0001650291934188,	-0.0003319006731816,	
  -0.0000118977693213,	0.0000259367001862,	0.0003770461539075,	0.0000933886786414,	-0.0006135749867120,	0.0002687340920521,	0.0001586588049183,	0.0000313479662986,	-0.0000806462289503,	0.0007392771759157,	0.0003112738743254,	-0.0000715985338317,	
  -0.0000017310517448,	-0.0000791129436166,	0.0002685429413328,	-0.0000341931476202,	-0.0003720011660350,	0.0001211706928188,	0.0002781700125253,	0.0000991781167823,	-0.0001650291934188,	0.0003112738743254,	0.0002093071519004,	0.0001307188447543,	
  0.0000145470725285,	-0.0002483687854656,	0.0002105625855896,	-0.0001750009915249,	-0.0001820765254459,	0.0000064275227207,	0.0004218888398218,	0.0000917419599249,	-0.0003319006731816,	-0.0000715985338317,	0.0001307188447543,	0.0004419045048092,	
};

const PROGMEM tinytype dC1_drho_data[4*4] = {
  -0.0001006909228220,	0.0000131914522679,	-0.0000015101759085,	-0.0000106551625153,	
  0.0000131914522679,	-0.0001071702196982,	-0.0000017777803222,	-0.0000003105822727,	
  -0.0000015101759085,	-0.0000017777803222,	-0.0000808659275240,	-0.0000136915183847,	
  -0.0000106551625153,	-0.0000003105822727,	-0.0000136915183847,	-0.0000948589077909,	
};

const PROGMEM tinytype dC2_drho_data[12*12] = {
  0.0000071606005415,	0.0000677632883973,	0.0000687618544513,	0.0002016103849387,	-0.0000624260182003,	0.0001293665938934,	-0.0001189584025400,	-0.0000225653406110,	0.0000965784296728,	0.0002180402892755,	0.0000475279700209,	-0.0001321580059274,	
  -0.0000101817713567,	0.0001247650920039,	-0.0000735391986015,	0.0000986156367058,	-0.0000158527470488,	0.0000452766472494,	-0.0002864571392826,	-0.0001686130977501,	0.0001158370199366,	0.0001761204925333,	-0.0000400577103587,	-0.0002426282825326,	
  0.0000058972616729,	0.0000021025236674,	-0.0000306018389603,	0.0000194033101435,	0.0000358876589410,	-0.0000058822159625,	-0.0000805250842915,	-0.0000622562807578,	-0.0000209886416939,	-0.0000290288878272,	-0.0000313259105381,	-0.0000128853355465,	
  -0.0000034336979886,	-0.0000934493534832,	0.0000433763685009,	-0.0001603847768585,	-0.0000598016750340,	-0.0000572954367047,	0.0002023944898167,	0.0000595039720420,	-0.0001373144623003,	-0.0000876269557548,	0.0000326519916483,	0.0001734905437166,	
  -0.0000221482240530,	0.0000401634443255,	-0.0000191993005426,	-0.0000918885763412,	-0.0001077375631148,	-0.0000151756578492,	-0.0000328998949512,	-0.0000707366113440,	0.0000049318481156,	0.0001190330741877,	0.0000122235123758,	-0.0000775836475633,	
  -0.0000055576880763,	0.0000575303022847,	-0.0001513416294454,	-0.0000218433521833,	0.0001491305002992,	-0.0000754846268994,	-0.0001667064396185,	-0.0000816016014108,	0.0000744236963981,	-0.0001225438124147,	-0.0001068802240193,	-0.0001018639790030,	
  -0.0000226756627844,	0.0000166396529373,	0.0000622697814381,	-0.0000894928229613,	-0.0002008795769672,	0.0000249347407338,	0.0000622955088752,	-0.0000229397473047,	-0.0000240166040527,	0.0002021294093297,	0.0000743954455245,	-0.0000346461542624,	
  -0.0000105250275386,	-0.0000600733138616,	0.0001452061731441,	-0.0000936567336552,	-0.0002251558466975,	0.0000402257943242,	0.0002153443349514,	0.0000641572872738,	-0.0001063723049614,	0.0001562704349392,	0.0001204973669852,	0.0001071403384166,	
  0.0000181126901805,	-0.0001156498012427,	0.0001206399543810,	-0.0000255440840555,	-0.0001057784805986,	0.0000325301199473,	0.0001290780874591,	-0.0000041239755247,	-0.0002053775055456,	0.0000020985835574,	0.0000636182366084,	0.0001908984056967,	
  -0.0000110697053890,	-0.0000220350523569,	0.0001497840321905,	-0.0000332553877524,	-0.0002581784695882,	0.0000811346555580,	0.0001228763879380,	0.0000078773041650,	-0.0000766816301112,	0.0002545356119133,	0.0001257328167600,	0.0000294060118278,	
  -0.0000210845821635,	-0.0000202234387882,	0.0000780635195909,	-0.0001340336789533,	-0.0002087801847456,	0.0000066904088932,	0.0001310758851751,	0.0000009376989324,	-0.0000743130029326,	0.0001579914496398,	0.0000828397675611,	0.0000333927064736,	
  0.0000192255035135,	-0.0000595783937532,	0.0002104806106276,	0.0001270289253315,	-0.0002242816311981,	0.0001571507169769,	0.0000597899007373,	-0.0000208947945844,	-0.0001366134049827,	0.0002512191341571,	0.0001336705839492,	0.0000798796334530,	
};

