#pragma once

typedef float tinytype;

const PROGMEM tinytype Adyn_data[12*12] = {
  0.0772632313555566,	0.0608801825167984,	0.1205360309955392,	-0.1004247925881152,	-0.0693251576467206,	0.1082165674802337,	0.1122170140666979,	-0.0677367504571282,	-0.0951786063789010,	-0.0374213031482165,	-0.1174156719862149,	-0.1083330206197695,	
  -0.0754003066370759,	-0.0342332591263995,	0.1060815993178237,	0.1052996385093399,	-0.1026965392335988,	-0.0869729604266131,	0.1072578901258935,	0.0684057900758319,	-0.1171039744993615,	0.0646757899703107,	0.1006574897395263,	-0.0823111851829375,	
  0.1183980918179964,	-0.0828428897225273,	0.0860886471585529,	-0.0367637650291222,	0.0881476803692117,	0.1066946885065267,	0.0118246462251882,	0.0599310602208077,	-0.0550434160909902,	-0.1143343681954975,	-0.0947634031731941,	0.1138732273415177,	
  0.1276544447885929,	0.0904143402759487,	-0.0394511580005882,	0.0936367724411239,	0.1109033642598198,	0.1164052378922457,	0.1307822896719788,	0.0260397416027394,	0.0978438968196681,	-0.0382745427174749,	0.0250450821262904,	-0.0472475814286343,	
  -0.0677700619506722,	0.0053437825360927,	-0.0341096364487187,	0.0626596402634234,	0.0618962985573739,	0.0230358154925875,	-0.0189571923250027,	-0.0870246763388179,	-0.0899173649247250,	0.0575450197829746,	0.0633012220128615,	-0.0696369752074982,	
  0.0530316941983958,	0.1254963181297597,	-0.0985316533419392,	0.1067075323909616,	-0.0327562310662431,	0.0283309068463487,	-0.0304070913404411,	0.1267737827049468,	0.0438942163367102,	0.0468517411879906,	-0.1133440754242009,	0.1134098505035250,	
  0.0036385064632736,	0.0314024780996410,	0.0654300647615368,	0.0125226486063290,	0.0497997051141120,	0.1086945218231604,	0.0296828657529209,	0.0623968902716199,	-0.0888026223121503,	-0.0490097587246502,	-0.0262889959026038,	-0.0255263644686080,	
  -0.1009354120376443,	-0.1132602158429631,	-0.0209995995506948,	0.0929681460005338,	0.1103130054561700,	0.0392450656615190,	-0.0518039690049758,	-0.0952854346367630,	0.0582816646609902,	-0.1114989331503928,	-0.0916749137491178,	0.0740649743835587,	
  0.0686588587273672,	-0.0824281328299629,	0.1279698647825172,	0.0373663576058497,	0.1181572623494613,	0.0314213996156497,	0.1083726495862746,	-0.0903135342486920,	0.0970455794418405,	-0.1042399816372704,	0.0518563496884326,	0.0509291318417037,	
  0.1242921758245286,	-0.1191236401523152,	-0.0995703405786571,	0.1079864247965148,	0.0936564132194564,	0.0557220487349249,	0.1145643902903688,	0.0692124350817437,	0.0909003453827923,	0.1092717937303189,	-0.1063383834356564,	-0.0380992579260774,	
  -0.0829107517468797,	0.0937296413177993,	-0.0193425541858348,	0.1187154238236892,	0.0377127421799633,	-0.0459337570371314,	-0.1102676549379443,	-0.1178283582153049,	-0.1141939608474460,	0.1168359339510868,	-0.0965135513073825,	0.0446161507076093,	
  -0.1004710549761568,	-0.0548188585187629,	0.0950649394415815,	0.0810459515680911,	0.0083130781101904,	0.0863572452541536,	0.0179228605872956,	0.0662620953568589,	-0.0109958657713114,	0.0248145464919156,	0.0815942362486400,	0.1205566736503931,	
};

const PROGMEM tinytype Bdyn_data[12*4] = {
  -0.4173130091884176,	-0.1147848658748427,	0.5700630947200771,	0.6638929211128546,	
  0.4065276545409453,	-0.9953838748350736,	0.2968700412367382,	0.9753950647953840,	
  0.5139445075319400,	-0.1341285382477344,	0.9587705542799319,	0.3058626948160392,	
  0.4765282552533956,	0.8974674595688588,	-0.1723312006107389,	-0.4066133990408258,	
  0.2744684746116706,	-0.9806003254824815,	-0.3911525707391803,	-0.3153568528781223,	
  0.9867583179116599,	0.6185171618477907,	-0.7993199600760545,	-0.7134526239025911,	
  -0.9489019991966026,	0.8206171931922213,	-0.1025840851903668,	-0.9853098069853929,	
  0.2351419423714605,	0.7323958859393909,	-0.7512479884489611,	-0.3085000000312486,	
  -0.8889192609409919,	-0.0137422666065856,	-0.8027325936493672,	-0.1137456114618036,	
  0.0566009145613522,	0.6292130685836095,	0.0171504059126120,	-0.7115129499579855,	
  0.3288916873306542,	0.9319764948873668,	0.0734120557611799,	0.0668337463376749,	
  -0.7346120654690469,	-0.7530975314180923,	-0.5522255338208313,	0.2776710482686306,	
};

const PROGMEM tinytype Q_data[12] = {
  1.9820463755158053,9.4965832926410645,7.8549998175580775,3.9412152722203899,5.5325518640678863,6.8980270012298854,7.5421340764949720,6.9695026562951039,4.7454867755799510,9.7896248241906090,
  6.2996223703420320,6.8319647602160627,
};

const PROGMEM tinytype Qf_data[12] = {
  17.8384173796422481,85.4692496337695786,70.6949983580227013,35.4709374499835093,49.7929667766109745,62.0822430110689680,67.8792066884547438,62.7255239066559369,42.7093809802195565,88.1066234177154826,
  56.6966013330782914,61.4876828419445616,
};

const PROGMEM tinytype R_data[4] = {
  0.1000000000000000,0.1000000000000000,0.1000000000000000,0.1000000000000000,
};

const PROGMEM tinytype umin[4] = {
  -3.0,	
  -3.0,	
  -3.0,	
  -3.0,	
};

const PROGMEM tinytype umax[4] = {
  3.0,	
  3.0,	
  3.0,	
  3.0,	
};

const PROGMEM tinytype xmin[12] = {
  -10000.0,	
  -10000.0,	
  -10000.0,	
  -10000.0,	
  -10000.0,	
  -10000.0,	
  -10000.0,	
  -10000.0,	
  -10000.0,	
  -10000.0,	
  -10000.0,	
  -10000.0,	
};

const PROGMEM tinytype xmax[12] = {
  10000.0,	
  10000.0,	
  10000.0,	
  10000.0,	
  10000.0,	
  10000.0,	
  10000.0,	
  10000.0,	
  10000.0,	
  10000.0,	
  10000.0,	
  10000.0,	
};

const PROGMEM tinytype rho_value = 85.0;

const PROGMEM tinytype Kinf_data[4*12] = {
  0.0040989703018060,	0.0078870488748557,	-0.0173193267762412,	0.0116027864737002,	-0.0042790842472904,	-0.0082028307857354,	-0.0064438857976605,	0.0065821459836324,	-0.0001745327340080,	0.0095076531810669,	-0.0119006994552826,	0.0038910375978199,	
  0.0137510185360098,	0.0064245554710495,	-0.0152768385635983,	0.0068202563095379,	0.0172960855810878,	0.0104456587237412,	-0.0049286812472799,	-0.0036112217994429,	0.0117951025776412,	-0.0036867083677450,	-0.0288284038759657,	0.0063261313754025,	
  0.0125905656520995,	-0.0025309841215439,	0.0056244171713317,	-0.0162815337386525,	-0.0052823022306006,	-0.0022192975750066,	0.0023096364202079,	0.0056473428147780,	-0.0134532055680157,	-0.0002135237839635,	-0.0046626290722406,	-0.0086699268626092,	
  -0.0139194444626011,	-0.0024848796697182,	0.0171410460760323,	-0.0055111951825272,	-0.0170914335841715,	-0.0162266172146713,	-0.0007995517554298,	-0.0052134930729199,	-0.0121068975886586,	-0.0001377740194892,	0.0143126401167242,	-0.0014712295013933,	
};

const PROGMEM tinytype Pinf_data[12*12] = {
  2.5832042461453626,	-0.0680854851736803,	-0.0831962061078858,	-0.1102077090565610,	0.1802538892584530,	0.2388787133812008,	0.3006039990780438,	0.2178342568874413,	0.2627590797432524,	-0.0882608044990807,	-0.2012994580779023,	-0.0214005423441107,	
  -0.0680854851736804,	10.0607797017762870,	-0.0852856602337281,	-0.0949833019812911,	-0.2499713512610636,	-0.1016656250675181,	-0.2036620965355117,	-0.0065604066273037,	-0.1756523419465614,	0.1172417594378836,	0.0478580711749548,	-0.0521679662024497,	
  -0.0831962061078858,	-0.0852856602337281,	8.3214205551551501,	-0.0412552990621632,	-0.0060329277712065,	0.1036396783582559,	0.1242092822856762,	-0.0018474903246916,	-0.2288238458372560,	-0.2456831694039146,	0.1429451035077149,	0.0738178331818376,	
  -0.1102077090565609,	-0.0949833019812911,	-0.0412552990621632,	4.5093940532268615,	0.1329830137779895,	0.0344236265220127,	0.1699950688470675,	0.0968370761717557,	-0.0281190290838393,	0.2680443608154973,	-0.0421104541078407,	0.0346248396189816,	
  0.1802538892584530,	-0.2499713512610635,	-0.0060329277712066,	0.1329830137779895,	5.9962836205330712,	0.2950099877850107,	0.0803195455056077,	-0.1270052481658867,	0.1575537944907912,	-0.1809848298456650,	-0.1724958392034253,	0.1417170106634344,	
  0.2388787133812009,	-0.1016656250675181,	0.1036396783582558,	0.0344236265220128,	0.2950099877850106,	7.3478761167969413,	0.1510862981767369,	0.1298372226486164,	0.0589575463165884,	-0.2270220676467188,	-0.1714952641203469,	0.1715059460154043,	
  0.3006039990780438,	-0.2036620965355117,	0.1242092822856761,	0.1699950688470675,	0.0803195455056077,	0.1510862981767368,	8.0764464467203254,	0.2277035152966238,	0.1257252247406457,	0.0341094928153107,	0.0829756142694380,	-0.2220750555748722,	
  0.2178342568874413,	-0.0065604066273037,	-0.0018474903246916,	0.0968370761717557,	-0.1270052481658867,	0.1298372226486164,	0.2277035152966238,	7.5186067235994267,	0.0304612769266717,	0.0982394195640414,	-0.0145563711975141,	0.0630280409127213,	
  0.2627590797432524,	-0.1756523419465613,	-0.2288238458372560,	-0.0281190290838393,	0.1575537944907911,	0.0589575463165883,	0.1257252247406458,	0.0304612769266717,	5.2745978729434668,	-0.0844072565184103,	-0.0462672176286640,	0.0727327276146485,	
  -0.0882608044990807,	0.1172417594378836,	-0.2456831694039146,	0.2680443608154973,	-0.1809848298456650,	-0.2270220676467188,	0.0341094928153107,	0.0982394195640413,	-0.0844072565184104,	10.3642389014759999,	0.0384483534259746,	-0.2013892342583180,	
  -0.2012994580779023,	0.0478580711749549,	0.1429451035077149,	-0.0421104541078407,	-0.1724958392034253,	-0.1714952641203469,	0.0829756142694380,	-0.0145563711975142,	-0.0462672176286639,	0.0384483534259746,	6.7758742303925503,	-0.1749430601364943,	
  -0.0214005423441108,	-0.0521679662024497,	0.0738178331818376,	0.0346248396189816,	0.1417170106634345,	0.1715059460154043,	-0.2220750555748722,	0.0630280409127214,	0.0727327276146485,	-0.2013892342583181,	-0.1749430601364944,	7.3548814377256226,	
};

const PROGMEM tinytype Quu_inv_data[4*4] = {
  0.0087777182828447,	-0.0001829464525603,	-0.0003653196618448,	-0.0003083308992931,	
  -0.0001829464525603,	0.0079644282947341,	0.0002842307170069,	0.0019026264849922,	
  -0.0003653196618448,	0.0002842307170069,	0.0091914916201820,	-0.0009878270576104,	
  -0.0003083308992931,	0.0019026264849922,	-0.0009878270576103,	0.0091515835190005,	
};

const PROGMEM tinytype AmBKt_data[12*12] = {
  0.0826157976297078,	0.0680015070179883,	0.0969688089468809,	-0.0818595916656857,	-0.0547674189819183,	0.1180302989628954,	0.1081763369428120,	-0.0651625894962296,	-0.0781906822862201,	-0.0336636248890822,	-0.1325351208571102,	-0.1000639516799227,	
  -0.0535399136174179,	-0.0278695509608926,	0.0795270531401547,	0.1175806502653557,	-0.0655016712164802,	-0.0567546372989265,	0.1050657950445874,	0.0655441022790112,	-0.0894895053588511,	0.0573387488751670,	0.0642238411720123,	-0.0735871988700834,	
  0.1103218277452112,	-0.0828480138970121,	0.0823054278901304,	-0.0245162382627529,	0.1029589386636031,	0.1194024633058483,	0.0125055107906450,	0.0522439415834533,	-0.0367700704021239,	-0.1194684068821575,	-0.0924211269403014,	0.1214844294972830,	
  0.1098699926198372,	0.0794435562579495,	-0.0095485023618642,	0.0769400166800933,	0.0895598834337902,	0.1039590655401864,	0.1383492283264955,	0.0249974543438969,	0.0801001120052169,	-0.0395893248788452,	0.0616048508450868,	-0.0568715883744015,	
  -0.0548756069024191,	0.0077053326701496,	-0.0367309485338981,	0.0580564297699394,	0.0725752326306496,	0.0295449914008498,	-0.0213703391568974,	-0.0918075712866719,	-0.0873834288290068,	0.0511933129336548,	0.0409882364108296,	-0.0683567623617150,	
  0.0406147864600687,	0.1099440991852046,	-0.0552676435462689,	0.0740938091896652,	-0.0556479126018327,	0.0166134476892346,	-0.0197243632998733,	0.1233068515847545,	0.0173798510042445,	0.0394813086657486,	-0.0772856405393923,	0.0976778178229639,	
  -0.0161796681345892,	0.0309063988681007,	0.0789983738326862,	0.0108352753922593,	0.0141635710464139,	0.0761230424612734,	0.0270619359616803,	0.0670485540945579,	-0.1119566304554000,	-0.0371202055752055,	-0.0003004364017496,	-0.0293644966580528,	
  -0.1068059527769569,	-0.1224880919392532,	0.0037749391033286,	0.0713130434060204,	0.0894105895288356,	0.0268503834999997,	-0.0451905473153250,	-0.0915541369226753,	0.0358423484973330,	-0.1112373637437936,	-0.0668500970016148,	0.0615496562349495,	
  0.0810150642413168,	-0.0776432428248221,	0.1188290649868610,	0.0340774316908982,	0.1084068376283610,	0.0206460833675286,	0.1043398990643749,	-0.0805718700907565,	0.0848760923095514,	-0.0960261830185606,	0.0387665767853809,	0.0473479067149913,	
  0.1052880514845293,	-0.1253370852530957,	-0.0768780491512635,	0.0993962502399758,	0.0709455075173002,	0.0381064050524496,	0.1174218081412498,	0.0673057854915574,	0.0751051049261936,	0.1109590109705127,	-0.0772619897250573,	-0.0431980848253618,	
  -0.0970685057494224,	0.0855000003811576,	-0.0009672174739173,	0.1101066399165660,	0.0245306214057625,	-0.0517236137670941,	-0.1036710175101908,	-0.1166937432512651,	-0.1233325400395084,	0.1171697545698591,	-0.0663463895591382,	0.0381754199747345,	
  -0.0762861852489131,	-0.0448943153035434,	0.0691833781583518,	0.0872450373783801,	0.0200240246579198,	0.0914780556106230,	0.0109747792305130,	0.0729440599778092,	-0.0063086856711632,	0.0289428748330484,	0.0445922104344259,	0.1238000335871911,	
};

const PROGMEM tinytype coeff_d2p_data[12*4] = {
  -0.0131981220886203,	0.0011900579771238,	0.0060202186167490,	0.0093912078578997,	
  0.0349907206275417,	-0.0596404484306343,	0.0156756417747478,	0.0686698426280623,	
  0.0353184522500074,	-0.0015233305455670,	0.0689373509484304,	0.0114517442041262,	
  0.0185016183468059,	0.0294059962238038,	-0.0069455273575355,	-0.0137553709640723,	
  0.0150345862307660,	-0.0510552179501455,	-0.0249460898876670,	-0.0286858104046642,	
  0.0636424627521961,	0.0199290533610743,	-0.0518617936388867,	-0.0363799556275819,	
  -0.0636049348245819,	0.0440883010653350,	0.0045127144643715,	-0.0585941019753168,	
  0.0151498844405128,	0.0407718615549026,	-0.0485506398157974,	-0.0068869537869774,	
  -0.0427153154619992,	-0.0024134895370905,	-0.0391019274142443,	-0.0014234689343183,	
  0.0063973514270851,	0.0417520182586351,	0.0112470753107797,	-0.0547242368050265,	
  0.0181703358862150,	0.0525571780137282,	0.0086876132525809,	0.0149879939197111,	
  -0.0424215119412183,	-0.0434010743974592,	-0.0416223167911642,	0.0141507388717671,	
};

const PROGMEM tinytype dKinf_drho_data[4*12] = {
  -0.0000335142220738,	-0.0000697668821435,	0.0001564914705065,	-0.0001083330293828,	0.0000336919746661,	0.0000677789573853,	0.0000551191604692,	-0.0000580584555593,	-0.0000055567599692,	-0.0000841178680456,	0.0001013731639467,	-0.0000357863125862,	
  -0.0000870601640650,	-0.0000447298588599,	0.0000840121643445,	-0.0000371024881459,	-0.0001037990253742,	-0.0000544689132205,	0.0000356701018845,	0.0000377601449236,	-0.0000687878540995,	0.0000319265662862,	0.0001997005697894,	-0.0000423008406634,	
  -0.0001333429130320,	0.0000209303347147,	-0.0000370557897253,	0.0001447256258000,	0.0000250521322011,	-0.0000032534123083,	-0.0000277133551442,	-0.0000538238316752,	0.0001057452034308,	0.0000065291309554,	0.0000579909796605,	0.0000805434174590,	
  0.0001145924167778,	0.0000099370300256,	-0.0001277604907623,	0.0000244331137918,	0.0001167614785508,	0.0001234534781038,	0.0000161964212076,	0.0000622809274810,	0.0000747756357624,	0.0000110744398670,	-0.0000848368957305,	-0.0000056102786581,	
};

const PROGMEM tinytype dPinf_drho_data[12*12] = {
  0.0005677691390817,	0.0001283317490682,	-0.0004454615575389,	0.0000161431377833,	0.0003889623350241,	0.0003176190665811,	-0.0000287559787756,	0.0001234369331292,	0.0001717431506318,	-0.0000162841871397,	-0.0006903003291460,	-0.0000017838438495,	
  0.0001283317490682,	0.0001257334228548,	-0.0002872216784650,	0.0001936428482550,	0.0001345563678558,	0.0000555827849120,	-0.0000796293409609,	0.0000264222551930,	0.0001364066470274,	0.0000491181067070,	-0.0003008943227989,	0.0000952998350684,	
  -0.0004454615575389,	-0.0002872216784650,	0.0008621651959709,	-0.0004919972002190,	-0.0005134103078867,	-0.0003042671339772,	0.0001902573073095,	-0.0001161504424379,	-0.0004620544738040,	-0.0001147598731372,	0.0008662834190281,	-0.0002398329361337,	
  0.0000161431377833,	0.0001936428482550,	-0.0004919972002190,	0.0005037501374546,	0.0002627593294717,	0.0001048270756703,	-0.0001210362946823,	-0.0000123856693806,	0.0003804142027928,	0.0000964060296597,	-0.0003151964532463,	0.0002330524196183,	
  0.0003889623350241,	0.0001345563678558,	-0.0005134103078867,	0.0002627593294717,	0.0006497877343242,	0.0005015611698626,	-0.0000614240246050,	-0.0000333174784395,	0.0004832153552138,	-0.0000955498197073,	-0.0006614471083150,	0.0001742372932915,	
  0.0003176190665811,	0.0000555827849120,	-0.0003042671339772,	0.0001048270756703,	0.0005015611698626,	0.0004563293242735,	0.0000345709125482,	-0.0000184572068074,	0.0003601292207541,	-0.0001181158339731,	-0.0004149047544663,	0.0000607293436200,	
  -0.0000287559787756,	-0.0000796293409609,	0.0001902573073095,	-0.0001210362946823,	-0.0000614240246050,	0.0000345709125482,	0.0001570882416615,	-0.0000009882303240,	-0.0000320199291657,	-0.0000479821568899,	0.0002430553396874,	-0.0001306858840998,	
  0.0001234369331292,	0.0000264222551930,	-0.0001161504424379,	-0.0000123856693806,	-0.0000333174784395,	-0.0000184572068074,	-0.0000009882303240,	0.0001187158610195,	-0.0000518506065305,	0.0000747296662676,	-0.0000690843189817,	-0.0000419944812449,	
  0.0001717431506318,	0.0001364066470274,	-0.0004620544738040,	0.0003804142027928,	0.0004832153552138,	0.0003601292207541,	-0.0000320199291657,	-0.0000518506065305,	0.0004994321969601,	-0.0000387667075963,	-0.0004160065204348,	0.0001801859436712,	
  -0.0000162841871397,	0.0000491181067070,	-0.0001147598731372,	0.0000964060296597,	-0.0000955498197073,	-0.0001181158339731,	-0.0000479821568899,	0.0000747296662676,	-0.0000387667075963,	0.0001087677952288,	-0.0000052940747451,	0.0000209594642694,	
  -0.0006903003291460,	-0.0003008943227989,	0.0008662834190281,	-0.0003151964532463,	-0.0006614471083150,	-0.0004149047544663,	0.0002430553396874,	-0.0000690843189817,	-0.0004160065204348,	-0.0000052940747451,	0.0012386674943532,	-0.0002314780132642,	
  -0.0000017838438495,	0.0000952998350684,	-0.0002398329361337,	0.0002330524196183,	0.0001742372932915,	0.0000607293436200,	-0.0001306858840998,	-0.0000419944812449,	0.0001801859436712,	0.0000209594642694,	-0.0002314780132642,	0.0001752260727411,	
};

const PROGMEM tinytype dC1_drho_data[4*4] = {
  -0.0000773304721388,	0.0000037113955009,	0.0000062590893436,	0.0000055092142519,	
  0.0000037113955009,	-0.0000673794595254,	-0.0000032584835417,	-0.0000323692889810,	
  0.0000062590893436,	-0.0000032584835417,	-0.0000860056412718,	0.0000173850852751,	
  0.0000055092142519,	-0.0000323692889810,	0.0000173850852751,	-0.0000884772242035,	
};

const PROGMEM tinytype dC2_drho_data[12*12] = {
  -0.0000240423307694,	-0.0000527776736507,	0.0001808926750686,	-0.0001481912960277,	-0.0000896528729525,	-0.0000580724061433,	0.0000321420021914,	-0.0000305591424483,	-0.0001201391660046,	-0.0000425130528429,	0.0000884910404095,	-0.0000619797956445,	
  -0.0001452211870550,	-0.0000320673326459,	0.0001556239492070,	-0.0000596874871817,	-0.0002383423929752,	-0.0002012215711007,	0.0000055273367751,	0.0000164183809663,	-0.0001705397131507,	0.0000532351714941,	0.0002231014372760,	-0.0000459961385151,	
  0.0000983429110492,	0.0000067499999026,	0.0000054456651060,	-0.0000955311835587,	-0.0000909704440291,	-0.0000767809961597,	-0.0000019269433223,	0.0000674588300068,	-0.0001306270128204,	0.0000378669834082,	-0.0000549662374728,	-0.0000627882531781,	
  0.0001177198058387,	0.0000810369626858,	-0.0002083057872545,	0.0001197975975594,	0.0001288951153953,	0.0000662226627738,	-0.0000564687869758,	0.0000098267272772,	0.0001130107870897,	0.0000170596751710,	-0.0002520341033759,	0.0000666157464637,	
  -0.0000921925471119,	-0.0000133926396905,	-0.0000153542331998,	0.0000576662398276,	-0.0000644120046339,	-0.0000343561013334,	0.0000141171439336,	0.0000515502132960,	-0.0000009847193554,	0.0000604411910836,	0.0001639321303878,	-0.0000019224785213,	
  0.0000620912514954,	0.0001203288710758,	-0.0003271527153848,	0.0002629609940949,	0.0001342840948820,	0.0000522861981215,	-0.0000870483189688,	0.0000353463944237,	0.0001859027727307,	0.0000763768296881,	-0.0002377228006986,	0.0001218535307210,	
  0.0001388715264538,	-0.0000175576703383,	-0.0000501317560608,	-0.0000334297559171,	0.0002347658269343,	0.0002303198892063,	0.0000361467261427,	-0.0000302338685909,	0.0001357006173105,	-0.0000944375632367,	-0.0001453261968853,	0.0000034897037943,	
  0.0000068212706563,	0.0000679545304032,	-0.0001655800707699,	0.0001689097994930,	0.0001229408628423,	0.0000595964108095,	-0.0000549084686881,	-0.0000352247759300,	0.0001541957236781,	0.0000047182142761,	-0.0001527035339257,	0.0000981731341082,	
  -0.0001249921594099,	-0.0000447000595311,	0.0000959847145284,	0.0000221459477358,	0.0000619142801708,	0.0000709321656325,	0.0000290825298180,	-0.0000872123312505,	0.0000875057098328,	-0.0000678344345489,	0.0001297583213780,	0.0000316242298558,	
  0.0001404972021914,	0.0000388048428970,	-0.0001519868339124,	0.0000443794926008,	0.0001460523565011,	0.0001183307467838,	-0.0000135646304338,	0.0000247637720242,	0.0000949869944796,	-0.0000075598343472,	-0.0001927491408934,	0.0000232686415575,	
  0.0000942909124488,	0.0000624322568218,	-0.0001185070523082,	0.0000579509174404,	0.0000760145058780,	0.0000204597924093,	-0.0000504199033510,	-0.0000163077736764,	0.0000531757266733,	-0.0000033086050157,	-0.0002180442974629,	0.0000456553080291,	
  -0.0001956391043631,	-0.0000761384999639,	0.0001932421120890,	-0.0000343877250596,	-0.0000720071137422,	-0.0000273052382315,	0.0000475529664005,	-0.0000612298746283,	-0.0000182538537857,	-0.0000372196810306,	0.0002804448049503,	-0.0000121097720268,	
};

