#pragma once

typedef float tinytype;

const PROGMEM tinytype Adyn_data[12*12] = {
  0.0335590895860120,	-0.0362316620135275,	0.0470906028555707,	0.0312249448366563,	-0.1210650155097044,	0.0624981729198194,	0.0645676233654469,	0.0275875801818384,	0.1143028894683707,	0.0683340644514800,	0.0227247005598833,	-0.0526896256659642,	
  0.0493816165722920,	-0.0922060462313386,	0.0258988661327039,	0.0591711436840874,	-0.0366720205052446,	0.0582798160590228,	0.0820630223000827,	0.0592760260798579,	0.0136986350150301,	-0.1446623498189374,	-0.0595336518777389,	-0.0693805834320134,	
  0.0583042699803696,	-0.0672560171984065,	-0.1291825917553121,	0.0972490354452424,	-0.0938286766518948,	-0.1463500364377624,	0.0281129945862830,	-0.0513642584766941,	0.0945034688706104,	0.0574806540061251,	0.1425628690689655,	-0.0810821955776250,	
  -0.0992412606704978,	-0.0477063699508326,	0.0427018215755510,	0.1093714142972826,	0.1383370770921958,	-0.1047822393310068,	0.1018684656060300,	0.0856782634785253,	0.0507878123478392,	-0.0300134031847587,	-0.0247629010712242,	-0.1010594880729370,	
  0.1241127904440027,	0.1085961519936612,	0.1068904211285986,	0.0795608938507213,	0.0737025591045953,	-0.0446768363424004,	-0.0419048326561379,	0.0282441999292285,	-0.0621371606965745,	-0.1162796687100952,	0.0602154238752862,	-0.1005026561097838,	
  -0.0690583551706878,	0.1092871617883417,	-0.0311144629192232,	-0.0471149870734541,	0.1158871602531971,	-0.0718385394591930,	-0.0228108460720915,	0.0898200198728672,	0.0774389929620131,	0.0154001401006642,	0.0837662474587826,	0.1084009983989946,	
  -0.0503032081398894,	0.1333666567698017,	-0.1191246227216486,	0.0657978798048076,	-0.0822075894962934,	-0.0488925731145787,	0.0975556683008567,	-0.1181698082242063,	-0.1178751319482546,	0.1172497600250167,	-0.0299623545359332,	0.0289690395850241,	
  -0.1054610681477696,	0.0446037922225878,	0.0452663765723848,	-0.0945956894788706,	-0.0141660585068807,	-0.0758157645440096,	0.0885992825511727,	0.0413484462047835,	-0.0261113057256619,	-0.0896374942772080,	0.0736853878977817,	-0.0929447571864528,	
  -0.1011957794490112,	0.0797280159825279,	-0.0135366990833668,	0.0324022999830260,	-0.0352881425999103,	0.1201921548649222,	-0.0212715581161150,	0.0007854076553347,	0.1377690593983989,	-0.1159914517922166,	-0.0950810116722449,	0.0811912383693082,	
  -0.0142550396237745,	-0.0688419230453517,	0.0080247612172800,	-0.0401082400179184,	-0.0994938429285302,	-0.0985428466149710,	0.1250814159020436,	0.1238756619025307,	0.0335794204156005,	0.1414454578035076,	0.0421142639822259,	-0.0049655510144992,	
  -0.0736747345961462,	-0.1398620609255558,	0.0686287336496240,	-0.1442603151758066,	0.1332094263803633,	0.0218058494137530,	0.0272930008750938,	0.0058412819490441,	0.0448019579821218,	-0.0645431276881213,	0.0930719270622543,	-0.0096325187629609,	
  -0.0366820508342828,	-0.0391392263384012,	0.1374952317983837,	0.0425322858307618,	0.0970236686501571,	0.0177889165762234,	-0.1240814034081986,	0.1118340651544577,	0.1436443693650537,	-0.0089222508186843,	-0.1057117703324012,	0.0820611835185450,	
};

const PROGMEM tinytype Bdyn_data[12*4] = {
  0.4966563534948540,	-0.8449729162670694,	0.1249318363673819,	-0.8261988755869738,	
  -0.8078880397808865,	0.9123111320113493,	-0.8950392761807702,	-0.8593566946802911,	
  -0.6830395892179633,	-0.1719658780341229,	0.2564028019298539,	-0.5377563453887182,	
  -0.4964926470483066,	0.1957290564410945,	-0.8621344571342318,	-0.6324540849943818,	
  -0.9371690621768358,	0.3918589303093514,	-0.5716002379892362,	0.9530564015413452,	
  0.1614086867210303,	0.4863928406960614,	0.0356193350251881,	-0.9006316549894402,	
  -0.9685827607510695,	0.3019071407394109,	0.8765078832981630,	-0.9159867075080255,	
  0.9622933449203133,	-0.5891841520937098,	0.1979081001790171,	-0.1910923144057195,	
  -0.2810857185228997,	-0.3261966666766083,	-0.4392946001154583,	-0.9408521685417097,	
  -0.3351549469430788,	-0.7350950885149128,	-0.4854354626128867,	-0.7558301960509133,	
  0.0452976533868255,	0.6647049376334686,	0.2325718949257689,	0.8813833626526635,	
  0.4861819094873285,	0.9582740033880428,	0.3770958270645044,	0.1659873882501666,	
};

const PROGMEM tinytype Q_data[12] = {
  3.7835913305216211,5.7823554655671110,8.4684850981480757,3.3049183275620484,9.7827881289168630,3.0218806873522017,1.7870502237627348,2.5533028235643753,1.0650482341025880,4.7895016360479232,
  4.6680911211361078,1.9793090829611861,
};

const PROGMEM tinytype Qf_data[12] = {
  34.0523219746945927,52.0411991901039954,76.2163658833326849,29.7442649480584365,88.0450931602517670,27.1969261861698151,16.0834520138646120,22.9797254120793788,9.5854341069232909,43.1055147244313090,
  42.0128200902249702,17.8137817466506760,
};

const PROGMEM tinytype R_data[4] = {
  0.1000000000000000,0.1000000000000000,0.1000000000000000,0.1000000000000000,
};

const PROGMEM tinytype umin[4] = {
  -3.0,	
  -3.0,	
  -3.0,	
  -3.0,	
};

const PROGMEM tinytype umax[4] = {
  3.0,	
  3.0,	
  3.0,	
  3.0,	
};

const PROGMEM tinytype xmin[12] = {
  -10000.0,	
  -10000.0,	
  -10000.0,	
  -10000.0,	
  -10000.0,	
  -10000.0,	
  -10000.0,	
  -10000.0,	
  -10000.0,	
  -10000.0,	
  -10000.0,	
  -10000.0,	
};

const PROGMEM tinytype xmax[12] = {
  10000.0,	
  10000.0,	
  10000.0,	
  10000.0,	
  10000.0,	
  10000.0,	
  10000.0,	
  10000.0,	
  10000.0,	
  10000.0,	
  10000.0,	
  10000.0,	
};

const PROGMEM tinytype rho_value = 85.0;

const PROGMEM tinytype Kinf_data[4*12] = {
  -0.0152969162618532,	-0.0020230053123397,	0.0026849670289502,	-0.0179398193830893,	0.0020423199180401,	0.0124912062607170,	-0.0047333233448818,	0.0010912644085442,	0.0033251700255655,	0.0067946667127835,	-0.0089831803282021,	0.0149320472995466,	
  0.0019774813605802,	-0.0008756893364332,	0.0077507189538486,	0.0022195945794141,	0.0168889574792551,	0.0052595545729769,	-0.0064640907151282,	0.0029012166757559,	-0.0017149576541916,	-0.0180425765292711,	-0.0048381471962432,	0.0008489246684023,	
  -0.0058436815284726,	0.0015777704928404,	-0.0122549437183040,	-0.0070725422827379,	-0.0053747848757557,	-0.0009778908154871,	-0.0053633085724600,	-0.0124950970748635,	0.0012129389822829,	0.0140155828521087,	0.0044007572557542,	0.0100007038591968,	
  0.0085132957294339,	0.0088873134681855,	0.0154659591474670,	-0.0065092922929538,	0.0182541721102699,	0.0053725642292462,	-0.0160894307133378,	-0.0049817273245074,	-0.0140286060580736,	-0.0138839198664015,	0.0028395921571839,	-0.0022796745934235,	
};

const PROGMEM tinytype Pinf_data[12*12] = {
  4.0860659798453618,	0.0698311955615243,	0.0215906965658794,	0.1853430018833702,	-0.1014252711322241,	-0.0346938505642296,	-0.0769524986744365,	-0.0370273719797979,	-0.0504061270564265,	-0.0717203525837336,	0.0826516459498650,	-0.1456125497641118,	
  0.0698311955615243,	6.2224506317516939,	0.0384817551458326,	0.0799664929076930,	0.0849623680708576,	-0.0211834936950245,	-0.1571570429332684,	-0.0400900839509311,	-0.1873735037584109,	-0.0577382895731892,	-0.0281859652583394,	0.0590276479522824,	
  0.0215906965658794,	0.0384817551458325,	8.8036118857474843,	-0.0461479609525954,	0.1954173155428230,	0.1256195570975785,	-0.0402120493297631,	0.1774213981625234,	-0.0332944421402948,	-0.2072687999549674,	-0.0932459959966579,	-0.0500821511266837,	
  0.1853430018833703,	0.0799664929076931,	-0.0461479609525953,	3.6261429325483512,	-0.0711690045177203,	-0.1148631106970765,	-0.0227127720238595,	-0.0306211652573447,	0.0277158839495394,	-0.0410891119020149,	0.0155727570298228,	-0.1609918148314961,	
  -0.1014252711322241,	0.0849623680708575,	0.1954173155428231,	-0.0711690045177204,	10.1776864739627086,	0.0214360151937435,	-0.1132007796290185,	0.0918111325190147,	-0.0335441063399234,	-0.1982594898030748,	-0.0245565414906218,	0.0415651971373015,	
  -0.0346938505642296,	-0.0211834936950244,	0.1256195570975786,	-0.1148631106970766,	0.0214360151937435,	3.3875387461136168,	-0.0722974951531655,	-0.0186921960519787,	-0.0559808622819819,	-0.1206892423935408,	-0.2647558807290382,	0.1374152663804579,	
  -0.0769524986744365,	-0.1571570429332684,	-0.0402120493297631,	-0.0227127720238595,	-0.1132007796290185,	-0.0722974951531655,	2.0384060856105810,	0.0495821849703224,	0.0242356751024813,	0.0598464899115847,	0.0489530478387617,	-0.1155258518873606,	
  -0.0370273719797979,	-0.0400900839509311,	0.1774213981625234,	-0.0306211652573448,	0.0918111325190146,	-0.0186921960519787,	0.0495821849703224,	2.7883371721835810,	0.0799222522199948,	-0.0460714106703557,	-0.0329871038553651,	-0.0049767729496203,	
  -0.0504061270564265,	-0.1873735037584110,	-0.0332944421402948,	0.0277158839495395,	-0.0335441063399235,	-0.0559808622819819,	0.0242356751024814,	0.0799222522199948,	1.3568054580479847,	0.0660005375784122,	0.0843685484208814,	0.0023520604228975,	
  -0.0717203525837336,	-0.0577382895731892,	-0.2072687999549674,	-0.0410891119020148,	-0.1982594898030748,	-0.1206892423935408,	0.0598464899115847,	-0.0460714106703557,	0.0660005375784122,	5.2166428894574874,	0.0445530623453667,	0.1394916823199343,	
  0.0826516459498649,	-0.0281859652583394,	-0.0932459959966578,	0.0155727570298228,	-0.0245565414906217,	-0.2647558807290382,	0.0489530478387616,	-0.0329871038553651,	0.0843685484208814,	0.0445530623453667,	5.0267551612445933,	-0.1556275911374299,	
  -0.1456125497641117,	0.0590276479522824,	-0.0500821511266837,	-0.1609918148314960,	0.0415651971373015,	0.1374152663804578,	-0.1155258518873606,	-0.0049767729496203,	0.0023520604228976,	0.1394916823199342,	-0.1556275911374299,	2.2875485453411422,	
};

const PROGMEM tinytype Quu_inv_data[4*4] = {
  0.0093054948728952,	0.0007201834707444,	-0.0009134837499050,	-0.0000406374648976,	
  0.0007201834707444,	0.0097246795287732,	0.0004300772046992,	-0.0006068436695620,	
  -0.0009134837499050,	0.0004300772046992,	0.0100649123988074,	-0.0001208783118793,	
  -0.0000406374648976,	-0.0006068436695620,	-0.0001208783118793,	0.0085200285037297,	
};

const PROGMEM tinytype AmBKt_data[12*12] = {
  0.0505910556521493,	-0.0288212827149831,	0.0666152352001362,	0.0375159831403789,	-0.0920555768020274,	0.0652994933539813,	0.0488334553200193,	0.0269421842043907,	0.0994603766326950,	0.0364920900659523,	0.0248944239607584,	-0.0625212743591053,	
  0.0373049758136159,	-0.0839919680112807,	0.0233190712776722,	0.0307288102902284,	-0.0395538371424615,	0.0673146603634694,	0.0655093570793495,	0.0420461499050088,	0.0069796265634854,	-0.1220993187839554,	-0.0559980871593710,	-0.0510996753146071,	
  0.0542723450152000,	-0.0644137341657488,	-0.1145566742125610,	0.0836901295374370,	-0.0783349601079946,	-0.1337737196740371,	0.0164913182034435,	-0.0495951489897100,	0.0886248045618432,	0.0479591721306572,	0.1359936472469123,	-0.0745271480167766,	
  -0.1068768882192272,	-0.0415583113508865,	0.0417339468467962,	0.0898156758289054,	0.1429565526809924,	-0.0970550680973312,	0.0859838964411700,	0.0717290483006863,	0.0449476691420311,	-0.0198060695644951,	-0.0226860619384436,	-0.0866318337241303,	
  0.0975481993004606,	0.0994751436848162,	0.0846246406053145,	0.0640395380235414,	0.0485289854363358,	-0.0407107870686922,	-0.0315392787011130,	0.0257356981640781,	-0.0442855237309513,	-0.0815983033393027,	0.0535017187882899,	-0.0789523988874907,	
  -0.0596756411100189,	0.1179876181444356,	-0.0209520888016552,	-0.0509094947370563,	0.1239745755739446,	-0.0715394051129450,	-0.0332023722480254,	0.0841911150213276,	0.0650586139889054,	0.0100756784531945,	0.0899701254935846,	0.1031685598501565,	
  -0.0527964546147749,	0.1384293182904053,	-0.0939558395658430,	0.0479882824164371,	-0.0638967101701700,	-0.0326033767241508,	0.0848858856327612,	-0.1115998712828968,	-0.1280498388770521,	0.1042758848549700,	-0.0384589067084794,	0.0323218193666080,	
  -0.0867925094589613,	0.0474206182309349,	0.0526300300011195,	-0.0758687330499788,	-0.0016287178203037,	-0.0835169347509189,	0.0873324639560260,	0.0435285917334986,	-0.0332423298324936,	-0.1122332647453123,	0.0791509616197558,	-0.1092284425632736,	
  -0.0994078213112001,	0.0879284853449230,	-0.0010860839074294,	0.0188524859113453,	-0.0143915905627390,	0.1300441102728123,	-0.0422044408257625,	-0.0081375839246053,	0.1254782968477875,	-0.1268727425889971,	-0.0945793775199915,	0.0879137584285186,	
  -0.0143303642120354,	-0.0626804525836379,	0.0203628112962009,	-0.0528424286624105,	-0.0752064163093759,	-0.0869040409147474,	0.1039788800827022,	0.1165431715272590,	0.0234187701792793,	0.1267694896453300,	0.0398295415456396,	0.0037946882696576,	
  -0.0804406629407308,	-0.1473884238091731,	0.0525738861876905,	-0.1375410024417586,	0.1070518409590510,	0.0132361163813092,	0.0472324337140518,	0.0111602171676684,	0.0578737608666805,	-0.0438804951228747,	0.0931685226432730,	-0.0111898052728766,	
  -0.0303494076613048,	-0.0393866800466571,	0.1308166708917090,	0.0528748082993984,	0.0788433273506883,	0.0061528042891295,	-0.1108926532738407,	0.1140621044952498,	0.1455423086412447,	0.0020833749765960,	-0.0988388835673776,	0.0705951633481432,	
};

const PROGMEM tinytype coeff_d2p_data[12*4] = {
  0.0156886948123412,	-0.0297457993941290,	0.0001293826785910,	-0.0270220064398154,	
  -0.0363063058230037,	0.0531364164698378,	-0.0496666023231829,	-0.0453801109781472,	
  -0.0579133983838613,	-0.0144420438314539,	0.0278112285757120,	-0.0382028058544926,	
  -0.0131308638846174,	0.0030810394763463,	-0.0303589499654126,	-0.0205603443871553,	
  -0.0801362111028685,	0.0256193278948210,	-0.0486603725452011,	0.0827404293670613,	
  0.0072377259207655,	0.0186711809549018,	0.0030990509268075,	-0.0264245283242733,	
  -0.0180890592419652,	0.0035164387684508,	0.0213651238644989,	-0.0150726830821119,	
  0.0209918562347177,	-0.0137949131286179,	0.0033911081663528,	-0.0038963876945627,	
  -0.0017663974820748,	-0.0057971970861780,	-0.0042418211307427,	-0.0086552808177025,	
  -0.0140109033126767,	-0.0361842328627218,	-0.0231771563302891,	-0.0299532674271246,	
  0.0021971364535465,	0.0265566942634885,	0.0115868597538950,	0.0361081163803352,	
  0.0115598768197321,	0.0222060995512335,	0.0068156752370487,	0.0015725253065789,	
};

const PROGMEM tinytype dKinf_drho_data[4*12] = {
  0.0001355686375624,	0.0000214032734237,	-0.0000409730793494,	0.0001581809594032,	-0.0000353546447546,	-0.0001205184474329,	0.0000426731482775,	-0.0000233464934403,	-0.0000288514706439,	-0.0000376741642663,	0.0000906760393943,	-0.0001294972631587,	
  0.0000008473273921,	0.0000147252628815,	-0.0000621752370112,	-0.0000093619739498,	-0.0001518275303929,	-0.0000565727626305,	0.0000572181136222,	-0.0000260407090773,	0.0000058648279401,	0.0001555463466714,	0.0000538433778936,	-0.0000243668137933,	
  0.0000443922952126,	-0.0000156063055309,	0.0001239818403549,	0.0000527855153129,	0.0000507027065131,	0.0000194538124320,	0.0000504601235614,	0.0001249260456512,	-0.0000103240295619,	-0.0001283146972830,	-0.0000504349406795,	-0.0000868975459675,	
  -0.0000703406839614,	-0.0000765898478737,	-0.0001277915149353,	0.0000559811329541,	-0.0001451487743074,	-0.0000424226106724,	0.0001308574158813,	0.0000429855941652,	0.0001195024313794,	0.0001080483936946,	-0.0000254727288856,	0.0000206998992004,	
};

const PROGMEM tinytype dPinf_drho_data[12*12] = {
  0.0003932150293342,	0.0000885308914010,	0.0001859894827551,	0.0002830031178576,	0.0001994874858505,	-0.0001394653449885,	-0.0000705766136420,	0.0000201998701424,	-0.0001690045232519,	-0.0003661040154563,	0.0001630936768006,	-0.0003337118121385,	
  0.0000885308914010,	0.0001170208092410,	0.0000986555866968,	-0.0000286957272173,	0.0001382249838116,	0.0000051830671206,	-0.0001469629753662,	-0.0000717516499811,	-0.0001315749277825,	-0.0001042606031374,	0.0000544763299948,	-0.0000274857021552,	
  0.0001859894827551,	0.0000986555866968,	0.0004645796178748,	-0.0000449708240324,	0.0004888975413971,	0.0001736351237473,	-0.0002547354479873,	0.0001080376105208,	-0.0002288735337866,	-0.0005124086351259,	-0.0000712543402162,	-0.0001100307828403,	
  0.0002830031178576,	-0.0000286957272173,	-0.0000449708240324,	0.0004366985934864,	-0.0000736041351058,	-0.0002500618605771,	0.0002104665135598,	0.0000982603252724,	0.0000184203593190,	-0.0001905320792775,	0.0001216620650816,	-0.0003498023399961,	
  0.0001994874858505,	0.0001382249838116,	0.0004888975413971,	-0.0000736041351058,	0.0006583483468152,	0.0002162675943762,	-0.0003944089585374,	0.0000285728423739,	-0.0002807285572396,	-0.0006297475808380,	-0.0000658186101918,	-0.0000552619408607,	
  -0.0001394653449885,	0.0000051830671206,	0.0001736351237473,	-0.0002500618605771,	0.0002162675943762,	0.0002243986975274,	-0.0001694119312872,	0.0000198109731811,	-0.0000426401748579,	-0.0000890141214611,	-0.0001411844264025,	0.0001808001434517,	
  -0.0000705766136420,	-0.0001469629753662,	-0.0002547354479873,	0.0002104665135598,	-0.0003944089585374,	-0.0001694119312872,	0.0003915742338889,	0.0001079629689617,	0.0001990239260723,	0.0002438707600644,	-0.0000043150272920,	-0.0001085095162070,	
  0.0000201998701424,	-0.0000717516499811,	0.0001080376105208,	0.0000982603252724,	0.0000285728423739,	0.0000198109731811,	0.0001079629689617,	0.0002048379967909,	0.0000624115937549,	-0.0001445107228391,	-0.0001029506250858,	-0.0000723773666697,	
  -0.0001690045232519,	-0.0001315749277825,	-0.0002288735337866,	0.0000184203593190,	-0.0002807285572396,	-0.0000426401748579,	0.0001990239260723,	0.0000624115937549,	0.0002228397446519,	0.0002602794956012,	-0.0000521401246079,	0.0000972388716342,	
  -0.0003661040154563,	-0.0001042606031374,	-0.0005124086351259,	-0.0001905320792775,	-0.0006297475808380,	-0.0000890141214611,	0.0002438707600644,	-0.0001445107228391,	0.0002602794956012,	0.0007882731235035,	0.0000228647709906,	0.0002880684464020,	
  0.0001630936768006,	0.0000544763299948,	-0.0000712543402162,	0.0001216620650816,	-0.0000658186101918,	-0.0001411844264025,	-0.0000043150272920,	-0.0001029506250858,	-0.0000521401246079,	0.0000228647709906,	0.0001700304119383,	-0.0001395179681579,	
  -0.0003337118121385,	-0.0000274857021552,	-0.0001100307828403,	-0.0003498023399961,	-0.0000552619408607,	0.0001808001434517,	-0.0001085095162070,	-0.0000723773666697,	0.0000972388716342,	0.0002880684464020,	-0.0001395179681579,	0.0003914699711474,	
};

const PROGMEM tinytype dC1_drho_data[4*4] = {
  -0.0000879742702431,	-0.0000133452318404,	0.0000173699502123,	0.0000010611827695,	
  -0.0000133452318404,	-0.0000957200877154,	-0.0000079135163878,	0.0000110732384046,	
  0.0000173699502123,	-0.0000079135163878,	-0.0001023674646765,	0.0000025080817538,	
  0.0000010611827695,	0.0000110732384046,	0.0000025080817538,	-0.0000731014270866,	
};

const PROGMEM tinytype dC2_drho_data[12*12] = {
  -0.0001302764614409,	-0.0000595163451974,	-0.0001532573360967,	-0.0000468152351808,	-0.0002369871785419,	-0.0000254261133388,	0.0001289640400785,	0.0000094988996806,	0.0001193074613783,	0.0002554436153511,	-0.0000142832452417,	0.0000716848442346,	
  0.0000880363647483,	-0.0000759288275586,	0.0000247716228692,	0.0002316864090733,	0.0000305976942875,	-0.0000647976794266,	0.0001398913929575,	0.0001536495515518,	0.0000647954966098,	-0.0001943377536403,	-0.0000428972382157,	-0.0001423772943026,	
  0.0000435359998946,	-0.0000200336503726,	-0.0001391882438112,	0.0001230037729030,	-0.0001413127670285,	-0.0001198484957191,	0.0000964183014831,	-0.0000293403048066,	0.0000482121544999,	0.0000920196756262,	0.0000704280869684,	-0.0000592297415508,	
  0.0000609278595505,	-0.0000541498898356,	0.0000178934188307,	0.0001612818013826,	-0.0000359236467818,	-0.0000588221409298,	0.0001362523754150,	0.0001283950242643,	0.0000512066390008,	-0.0000914387591240,	-0.0000251107583710,	-0.0001213507783097,	
  0.0002191319857661,	0.0000783621367742,	0.0001786257903435,	0.0001287299104634,	0.0001936783420222,	-0.0000392266736193,	-0.0000783009537052,	0.0000187647347730,	-0.0001491306658693,	-0.0002725802110053,	0.0000593280935691,	-0.0001812113044808,	
  -0.0000872263603717,	-0.0000790402919185,	-0.0000826542332189,	0.0000275600116487,	-0.0000529772069311,	0.0000080692331263,	0.0000813386773406,	0.0000506987454479,	0.0001097996752809,	0.0000323065957834,	-0.0000619700208863,	0.0000544920442377,	
  0.0000277123028340,	-0.0000401910531068,	-0.0002466410597519,	0.0001610488505054,	-0.0001658017536753,	-0.0001555623369570,	0.0000996928761187,	-0.0000848755660228,	0.0000887960614346,	0.0001279886372933,	0.0000924454903390,	-0.0000229450849845,	
  -0.0001521847247383,	-0.0000234674530616,	-0.0000461615295526,	-0.0001574815280036,	-0.0000932041269352,	0.0000706856228066,	0.0000076672984338,	-0.0000093862575153,	0.0000560982471350,	0.0001739407755071,	-0.0000504194437272,	0.0001314111338778,	
  -0.0000082960861989,	-0.0000680960040508,	-0.0000975666734797,	0.0001172669261131,	-0.0001737534339338,	-0.0000836973114800,	0.0001759435137857,	0.0000802656683721,	0.0001017021822397,	0.0000854386421485,	-0.0000030705992308,	-0.0000630462823541,	
  0.0000144433471477,	-0.0000474668924890,	-0.0000958405453486,	0.0001140693817279,	-0.0002085518907295,	-0.0001045994335124,	0.0001797639907694,	0.0000661662527138,	0.0000799533891725,	0.0001210924071023,	0.0000262345593827,	-0.0000878511150613,	
  0.0000449685444878,	0.0000603771327079,	0.0001269827949909,	-0.0000625595424901,	0.0002186616818170,	0.0000759295707407,	-0.0001670373119187,	-0.0000485741454228,	-0.0001055178518691,	-0.0001670755376986,	-0.0000057163817823,	0.0000240280437502,	
  -0.0000717874737489,	-0.0000059186994482,	0.0000539600284131,	-0.0000971307442349,	0.0001676542509782,	0.0001125117634897,	-0.0001163265262439,	-0.0000179393797153,	-0.0000075357970681,	-0.0001002872569934,	-0.0000724348018597,	0.0001156420906406,	
};

