#pragma once

typedef float tinytype;

const PROGMEM tinytype Adyn_data[12*12] = {
  -0.0175051278312097,	0.0625066191589449,	0.0884049412134596,	-0.1237846377531469,	0.1167872895389388,	0.0319083751531349,	0.1135950451372725,	0.0093622956261840,	-0.1300358670353814,	0.0933164069541284,	-0.0751786864234980,	-0.1282801598687806,	
  -0.1409589932703263,	-0.0546774288103606,	0.1205283956554315,	-0.1380515744950278,	-0.1405990929205699,	-0.0695143728875636,	-0.1016466434622954,	-0.0230224037396383,	0.0467082307824675,	0.0406679441370844,	0.1270040415889657,	0.0917793451866972,	
  0.1133320958795871,	-0.0328112578552320,	-0.0964783709684668,	-0.0913422132627290,	-0.1028822055806206,	0.0633064678309664,	0.1141789376456064,	0.0866710116054531,	0.1145367672147962,	0.0007405100039282,	0.0303943743127063,	0.0860694798220299,	
  -0.0744639374942180,	-0.0610244490723320,	0.0172009930635853,	0.0327589861560846,	0.0895031917243296,	-0.0291105055827234,	-0.1227125872853834,	-0.1211494420403941,	0.0236210397691997,	0.0252861414304467,	-0.0452645068848153,	-0.1162624958160723,	
  -0.0686888689833739,	0.1041419668615220,	0.0650750780989807,	-0.0654491599353284,	0.0838644808049107,	-0.1351073850715695,	-0.0601137763363158,	0.0645774458676286,	-0.0608303068136372,	0.0301710823313442,	-0.0123765268024384,	0.1355516031367396,	
  -0.0315388684470301,	-0.1018321374868983,	-0.1080227346754059,	0.0509374178995466,	-0.0085535197292431,	-0.0820631817519816,	0.1393672112838452,	0.0444390690836788,	-0.1137135173691697,	-0.0766186020957416,	-0.0119911002427220,	0.1188960492647597,	
  0.1047696123137424,	-0.0826667118024533,	0.0664218898144769,	-0.0567334503621985,	-0.0844902076193987,	0.0938415197621479,	0.0196098731570276,	-0.1225435885630872,	-0.0765760176019949,	-0.0929371139734683,	0.0234105946934422,	0.1043356679698360,	
  0.0863375243194679,	0.0669308994344587,	0.0750832795953799,	-0.0298055319724173,	0.0015124564828822,	-0.0082752695008026,	-0.0233581396654285,	0.0451627178676490,	-0.0374648539904623,	-0.0898802752351220,	-0.1395054720489646,	0.0988077794760621,	
  0.1202415421495883,	0.0531997336720970,	0.0079708624663803,	-0.0115829642915392,	0.1299900371600407,	-0.0011657322028371,	0.0448826807441936,	-0.0251901063457296,	0.0499205478424155,	0.1026329360171367,	0.0187878749020162,	0.1162764168391291,	
  0.0052888465519318,	-0.0847268622339641,	0.0721085814553244,	-0.1176960156790104,	-0.0563115295157004,	0.1154718673595674,	-0.0572366666411711,	0.0199395412810902,	-0.1317447900745406,	-0.0104878502020421,	-0.1011813750322930,	-0.0158686602077887,	
  -0.0031965066394250,	0.1175203217625499,	-0.0880898640445646,	-0.0967013019272479,	0.0092365885878954,	0.0611271785112833,	-0.0550921375429620,	-0.1066212441287962,	0.0865974887905825,	0.0715491179323407,	0.0742450432718654,	-0.0936499466989956,	
  -0.1064146673077395,	-0.1132958872385022,	-0.1303421513742305,	0.0709566366186963,	0.0771065375939446,	0.1394770016935889,	-0.1337261439068630,	-0.0656814468328986,	0.0106254856479234,	-0.1196550080165137,	0.0342133851262083,	-0.1389541924009079,	
};

const PROGMEM tinytype Bdyn_data[12*4] = {
  -0.5891092303194374,	0.5607586262923361,	-0.0568245223953214,	0.6663010367952737,	
  -0.5516614929373163,	-0.4278474589686534,	-0.4738539703265394,	0.8004900038827558,	
  -0.1524017888888125,	0.7177516718240144,	-0.8545075903050183,	0.2421731003116943,	
  -0.2812009738480332,	-0.8198946037280574,	-0.1381573994086203,	-0.7243400874422494,	
  0.1386164738845546,	-0.0383963632514381,	-0.2947318312223108,	0.0541990822894918,	
  -0.7203688259589989,	0.2820189197467875,	0.0068896109762315,	0.8662616369057750,	
  0.5578491430660364,	-0.5226365409429710,	0.2192677309865241,	-0.6041170195530703,	
  0.9232023264645208,	-0.6843499896349505,	0.3164172598251769,	0.5559463946376559,	
  0.9921090381116509,	-0.7066813969327168,	0.7011897096518334,	0.3276788822757786,	
  -0.3104166030335989,	-0.0049389437252210,	-0.7713716789827065,	0.5394316389801275,	
  0.6322591547343210,	0.2729065352745172,	0.9641276490272468,	-0.4233003331198968,	
  -0.1954642735645973,	-0.2496267032767403,	0.9196848193156755,	0.4367578747509779,	
};

const PROGMEM tinytype Q_data[12] = {
  7.0545500088688300,7.9976890809831707,7.1320936098206698,2.8726929019528917,0.7731294012543479,9.4730736844555548,8.8827018242607796,1.7639052081197790,2.7200953143399866,9.3474240714209760,
  9.1698722769758607,9.3843279122983532,
};

const PROGMEM tinytype Qf_data[12] = {
  63.4909500798194699,71.9792017288485368,64.1888424883860296,25.8542361175760256,6.9581646112891313,85.2576631600999946,79.9443164183470145,15.8751468730780108,24.4808578290598788,84.1268166427887820,
  82.5288504927827518,84.4589512106851714,
};

const PROGMEM tinytype R_data[4] = {
  0.1000000000000000,0.1000000000000000,0.1000000000000000,0.1000000000000000,
};

const PROGMEM tinytype umin[4] = {
  -3.0,	
  -3.0,	
  -3.0,	
  -3.0,	
};

const PROGMEM tinytype umax[4] = {
  3.0,	
  3.0,	
  3.0,	
  3.0,	
};

const PROGMEM tinytype xmin[12] = {
  -10000.0,	
  -10000.0,	
  -10000.0,	
  -10000.0,	
  -10000.0,	
  -10000.0,	
  -10000.0,	
  -10000.0,	
  -10000.0,	
  -10000.0,	
  -10000.0,	
  -10000.0,	
};

const PROGMEM tinytype xmax[12] = {
  10000.0,	
  10000.0,	
  10000.0,	
  10000.0,	
  10000.0,	
  10000.0,	
  10000.0,	
  10000.0,	
  10000.0,	
  10000.0,	
  10000.0,	
  10000.0,	
};

const PROGMEM tinytype rho_value = 85.0;

const PROGMEM tinytype Kinf_data[4*12] = {
  0.0181447985419628,	0.0145245756079458,	0.0014866795540281,	-0.0026274541702687,	0.0003268993840350,	0.0079515734406922,	-0.0051477978384464,	-0.0091407425607283,	0.0122050272175303,	0.0036611514667449,	0.0024458805191908,	0.0035842755349413,	
  0.0069157383588888,	0.0099989709265162,	-0.0157208624100680,	-0.0032673887988902,	0.0009568392665815,	0.0007036195120816,	0.0223316680904525,	0.0138808937434821,	0.0027260215780739,	0.0070581930739632,	-0.0019763529899083,	-0.0059422126823307,	
  -0.0075848073974530,	0.0064933619237114,	-0.0210158962879172,	0.0147777103786372,	0.0219132788282781,	0.0095147359537204,	-0.0106173819209117,	-0.0196795829713799,	0.0059490619943083,	-0.0055784178050952,	0.0085708528787742,	-0.0222819807001191,	
  -0.0118189310755271,	-0.0120975993376747,	-0.0003483052691917,	-0.0094529217218227,	-0.0016815128393175,	-0.0006727044592599,	0.0058110457427519,	0.0116591583683008,	-0.0127374983716086,	-0.0025097400615247,	-0.0020324920475249,	0.0068869821993919,	
};

const PROGMEM tinytype Pinf_data[12*12] = {
  7.5467190666670669,	0.0658738384042652,	-0.0046763629780631,	-0.0614587867263135,	-0.0792279150349424,	0.1238145523173121,	0.3551790830977771,	0.0805600043226411,	-0.0310362916732360,	-0.0168411979946501,	-0.1320112723979390,	0.2509258652352227,	
  0.0658738384042652,	8.5227061114754807,	0.1005255327497213,	-0.1016834068887738,	0.1771741556143535,	-0.1960791766932807,	0.0700489746279092,	0.0529889551802318,	0.1993725357701557,	0.3931620687982094,	0.0033835466707021,	-0.1439431714111721,	
  -0.0046763629780631,	0.1005255327497213,	7.8221953160174289,	-0.3465174901324942,	-0.1162631841249775,	-0.1037823250018467,	-0.1036272887855695,	-0.0444819512401772,	-0.2358081306815404,	0.2049014267067414,	-0.1080341871447246,	0.1232614443921689,	
  -0.0614587867263135,	-0.1016834068887739,	-0.3465174901324943,	3.5505150181268754,	0.2611317619392088,	-0.1985592022653964,	0.0585269932338812,	0.1051175573683142,	0.0372617583996928,	-0.2508734240342206,	-0.0662409865953938,	-0.0537833316612818,	
  -0.0792279150349425,	0.1771741556143535,	-0.1162631841249775,	0.2611317619392089,	1.3303623786375205,	-0.0194862847895931,	0.0230424998786759,	-0.0192172856710842,	-0.0987136640204306,	0.0969574774384461,	-0.1978210336284859,	-0.4153342042479033,	
  0.1238145523173121,	-0.1960791766932806,	-0.1037823250018466,	-0.1985592022653964,	-0.0194862847895931,	10.1240240810354774,	-0.2024677524640163,	-0.1952753460153626,	-0.0632175246482392,	-0.1820691829541828,	-0.0655196483049378,	-0.3271455616290443,	
  0.3551790830977770,	0.0700489746279091,	-0.1036272887855695,	0.0585269932338812,	0.0230424998786759,	-0.2024677524640163,	9.6107273036658434,	0.2522718076247021,	-0.1903417382489380,	0.0246866591239439,	-0.1303442930949605,	0.3408232494351382,	
  0.0805600043226411,	0.0529889551802318,	-0.0444819512401772,	0.1051175573683142,	-0.0192172856710842,	-0.1952753460153627,	0.2522718076247021,	2.1165595776903796,	0.0059817977461693,	0.0374173770902287,	-0.1159322817329720,	0.1720026168883439,	
  -0.0310362916732360,	0.1993725357701558,	-0.2358081306815404,	0.0372617583996927,	-0.0987136640204306,	-0.0632175246482391,	-0.1903417382489380,	0.0059817977461693,	3.3764769900663945,	0.1636619570549377,	0.3385227422741330,	-0.0437480397028382,	
  -0.0168411979946501,	0.3931620687982094,	0.2049014267067413,	-0.2508734240342207,	0.0969574774384460,	-0.1820691829541828,	0.0246866591239440,	0.0374173770902287,	0.1636619570549376,	9.8156619766308459,	0.0434965052854277,	-0.1061367109409967,	
  -0.1320112723979389,	0.0033835466707021,	-0.1080341871447246,	-0.0662409865953939,	-0.1978210336284859,	-0.0655196483049378,	-0.1303442930949605,	-0.1159322817329720,	0.3385227422741329,	0.0434965052854277,	9.5564627985071215,	0.1087405208617456,	
  0.2509258652352226,	-0.1439431714111720,	0.1232614443921689,	-0.0537833316612819,	-0.4153342042479032,	-0.3271455616290443,	0.3408232494351381,	0.1720026168883439,	-0.0437480397028382,	-0.1061367109409966,	0.1087405208617458,	10.2301946904883962,	
};

const PROGMEM tinytype Quu_inv_data[4*4] = {
  0.0095926534614669,	0.0005807586376149,	-0.0010263004308303,	0.0014429439232890,	
  0.0005807586376149,	0.0097085927648576,	0.0004243909451232,	-0.0003520880540385,	
  -0.0010263004308303,	0.0004243909451232,	0.0084947393060400,	0.0005211709354448,	
  0.0014429439232890,	-0.0003520880540385,	0.0005211709354448,	0.0089825124075729,	
};

const PROGMEM tinytype AmBKt_data[12*12] = {
  -0.0032499564981656,	0.0738857966864494,	0.0971342249631784,	-0.1163620509243074,	0.1188089184625030,	0.0371870537565316,	0.0935645209336018,	-0.0126932233078666,	-0.1155493519828907,	0.0928705339021082,	-0.0707882524657936,	-0.1286914493374093,	
  -0.1221234804507841,	-0.0296258327738838,	0.1049427574730699,	-0.1263295376992322,	-0.1282796454745583,	-0.0597796655882618,	-0.1046147104630364,	-0.0407843825637524,	0.0676228224905708,	0.0450731567992139,	0.1331960843156781,	0.0751429259535926,	
  0.1075145645562248,	-0.0292961244604146,	-0.1028420157957802,	-0.0744805591593465,	-0.0843868782482173,	0.0723066027833788,	0.0868858995354864,	0.0556750238444723,	0.1226084267512928,	-0.0079265626667113,	0.0400017352826684,	0.0701727994462022,	
  -0.0733002487464622,	-0.0566076921264576,	0.0015738054994891,	0.0245357489287289,	0.0921891179591402,	-0.0254703571779605,	-0.1031082353844047,	-0.1066126420877355,	0.0208837819398877,	0.0295140301693249,	-0.0464852127753751,	-0.1182164853762352,	
  -0.0725334067302102,	0.1050820247584866,	0.0580902001059130,	-0.0603426060267125,	0.0904055835629262,	-0.1333418321977949,	-0.0619869856744046,	0.0599453639978367,	-0.0599737166774106,	0.0284264836829344,	-0.0101551885350305,	0.1278861270540299,	
  -0.0101277473330582,	-0.0837540355206232,	-0.1020716815937447,	0.0580530380517649,	-0.0072822222817669,	-0.0760163649059238,	0.1244002089214466,	0.0239753914959360,	-0.0946971664356746,	-0.0737592420356235,	-0.0079701751834066,	0.1173414517307730,	
  0.0927850556623175,	-0.0942755566718297,	0.0617739405011913,	-0.0659263300051924,	-0.0899931944481072,	0.0872808118236891,	0.0399915144115763,	-0.0988311773584566,	-0.0909592399660998,	-0.0915836242395463,	0.0179060735500776,	0.1082768279623280,	
  0.0832896456594354,	0.0650355780408121,	0.0697956329198447,	-0.0290365025348594,	-0.0041334334868847,	-0.0177712976541573,	-0.0031941109343986,	0.0628459548137424,	-0.0416680302719198,	-0.0852695958150212,	-0.1446980409390098,	0.0946538251288763,	
  0.1163183501869809,	0.0452669069461959,	0.0102365357326165,	-0.0185497017683817,	0.1155275284647342,	-0.0150085291563403,	0.0713118738806350,	0.0036665374325093,	0.0397406469432755,	0.1087224862776469,	0.0096208537218764,	0.1218883504748451,	
  0.0114802494647607,	-0.0686341851307423,	0.0564692466948184,	-0.1020294462027346,	-0.0383949848354185,	0.1256459188296796,	-0.0700489433552318,	-0.0042989318868151,	-0.1164827357565490,	-0.0122657082957305,	-0.0927241905144738,	-0.0356881347850933,	
  -0.0142463067597412,	0.0942268937585495,	-0.0646249357671023,	-0.1123974022971157,	-0.0130702071736099,	0.0464495250177982,	-0.0452355243294338,	-0.0807211568965209,	0.0670093570362558,	0.0716240274231387,	0.0641142217722242,	-0.0698965335167835,	
  -0.0890040110352585,	-0.1086489660811630,	-0.1144957798418247,	0.0601652378057244,	0.0579903914705240,	0.1327501431925596,	-0.1219311488028682,	-0.0509963092147350,	0.0137835609195246,	-0.1109509353299170,	0.0272033405296644,	-0.1222524738639445,	
};

const PROGMEM tinytype coeff_d2p_data[12*4] = {
  -0.0326401266942932,	0.0340434496147634,	0.0070508798673637,	0.0388074664625973,	
  -0.0293889702262520,	-0.0427541259885274,	-0.0310514776823846,	0.0556068772895125,	
  -0.0011380354124218,	0.0537305488557138,	-0.0541019446242938,	0.0125904216200876,	
  -0.0106698221123264,	-0.0317437204207677,	-0.0031115150448847,	-0.0267511203798418,	
  -0.0001197312603891,	-0.0039051552083364,	-0.0097207393420678,	-0.0021601613059901,	
  -0.0571166958762939,	0.0260569945085319,	0.0127823087867414,	0.0651493898622302,	
  0.0362003418218147,	-0.0445525105486238,	0.0087055370910176,	-0.0386151184542133,	
  0.0190252600974128,	-0.0164310266910907,	0.0040122341254864,	0.0130098262445642,	
  0.0299953202232409,	-0.0216422552082555,	0.0183137076767430,	0.0174216280823728,	
  -0.0107496368855792,	-0.0073909925027582,	-0.0608681465319968,	0.0428166003985212,	
  0.0461474268014444,	0.0322380466997245,	0.0741732259258302,	-0.0224934188648118,	
  -0.0199034465734657,	-0.0227064992183198,	0.0855584582006734,	0.0402627300088175,	
};

const PROGMEM tinytype dKinf_drho_data[4*12] = {
  -0.0001672693675250,	-0.0001217495007346,	-0.0000256475235356,	0.0000560624762016,	0.0000198072011506,	-0.0000643166985351,	0.0000169506337825,	0.0000426925828253,	-0.0000951047512014,	-0.0000437307785760,	-0.0000118921089484,	-0.0000630780403054,	
  -0.0000784715642609,	-0.0001129843053117,	0.0001581754720347,	0.0000245716972576,	-0.0000193542702202,	-0.0000146198547320,	-0.0002067653523014,	-0.0001162569717340,	-0.0000389322232452,	-0.0000694559291612,	0.0000139218743126,	0.0000661157315864,	
  0.0000867403358484,	-0.0000384733260903,	0.0001868730660946,	-0.0001217885538995,	-0.0001855247066625,	-0.0000721114600897,	0.0000727759622378,	0.0001458776097609,	-0.0000328942794429,	0.0000487942084552,	-0.0000687615583388,	0.0001919563112139,	
  0.0000874049772792,	0.0000870093264674,	0.0000071532337863,	0.0000779405710149,	0.0000030938564660,	-0.0000078262877389,	-0.0000302846854077,	-0.0000766070194680,	0.0000938225378522,	0.0000224179251559,	0.0000093437914339,	-0.0000577221623964,	
};

const PROGMEM tinytype dPinf_drho_data[12*12] = {
  0.0006185034624102,	0.0003986230241661,	0.0000725004099598,	-0.0000670732897576,	-0.0001658099899246,	0.0001477073264051,	0.0000858669958707,	-0.0000505762421679,	0.0003370182087575,	0.0001291409701102,	-0.0000367718910703,	0.0001078323686057,	
  0.0003986230241661,	0.0005194355465123,	-0.0002558170551895,	0.0001367414532435,	0.0001977009105148,	0.0001473689751421,	-0.0000002254338874,	-0.0002693424345963,	0.0003981860816289,	0.0001554579414273,	0.0001104640936558,	-0.0002278580435823,	
  0.0000725004099598,	-0.0002558170551895,	0.0007518955955943,	-0.0002973340201004,	-0.0004699202176737,	-0.0002247829369485,	-0.0001436235252126,	0.0001578290852518,	-0.0001846341478803,	0.0000358589471051,	-0.0001480199211333,	0.0005950199927121,	
  -0.0000670732897576,	0.0001367414532435,	-0.0002973340201004,	0.0003686727586544,	0.0003333193980403,	0.0001202295921369,	-0.0002725906867698,	-0.0004091179426278,	0.0001867768270949,	-0.0001161869949477,	0.0001411247701010,	-0.0003938429704536,	
  -0.0001658099899246,	0.0001977009105148,	-0.0004699202176737,	0.0003333193980403,	0.0005146976869759,	0.0001658472119527,	-0.0002249741790323,	-0.0004471143623533,	0.0001659450658820,	-0.0000608512264421,	0.0002102235385751,	-0.0005059828556728,	
  0.0001477073264051,	0.0001473689751421,	-0.0002247829369485,	0.0001202295921369,	0.0001658472119527,	0.0002640361941302,	-0.0001120020694476,	-0.0002440631206978,	0.0001667827468492,	-0.0000952686526035,	0.0000715466816123,	-0.0002130893527960,	
  0.0000858669958707,	-0.0000002254338874,	-0.0001436235252126,	-0.0002725906867698,	-0.0002249741790323,	-0.0001120020694476,	0.0006901340859669,	0.0006360170959264,	-0.0001442613461698,	0.0001733066895182,	-0.0001645933616301,	0.0001209825357094,	
  -0.0000505762421679,	-0.0002693424345963,	0.0001578290852518,	-0.0004091179426278,	-0.0004471143623533,	-0.0002440631206978,	0.0006360170959264,	0.0008072694138741,	-0.0003291020729333,	0.0001291162013839,	-0.0002446121391393,	0.0003958667880644,	
  0.0003370182087575,	0.0003981860816289,	-0.0001846341478803,	0.0001867768270949,	0.0001659450658820,	0.0001667827468492,	-0.0001442613461698,	-0.0003291020729333,	0.0003919825475689,	0.0000719365980957,	0.0001151633383518,	-0.0002184700738905,	
  0.0001291409701102,	0.0001554579414273,	0.0000358589471051,	-0.0001161869949477,	-0.0000608512264421,	-0.0000952686526035,	0.0001733066895182,	0.0001291162013839,	0.0000719365980957,	0.0001962278943572,	-0.0000086929877527,	0.0000798048260223,	
  -0.0000367718910703,	0.0001104640936558,	-0.0001480199211333,	0.0001411247701010,	0.0002102235385751,	0.0000715466816123,	-0.0001645933616301,	-0.0002446121391393,	0.0001151633383518,	-0.0000086929877527,	0.0001082002018870,	-0.0001904569805688,	
  0.0001078323686057,	-0.0002278580435823,	0.0005950199927121,	-0.0003938429704536,	-0.0005059828556728,	-0.0002130893527960,	0.0001209825357094,	0.0003958667880644,	-0.0002184700738905,	0.0000798048260223,	-0.0001904569805688,	0.0006163240903170,	
};

const PROGMEM tinytype dC1_drho_data[4*4] = {
  -0.0000955929988621,	-0.0000102132871457,	0.0000175501879785,	-0.0000260587950568,	
  -0.0000102132871457,	-0.0000950143512167,	-0.0000069426448889,	0.0000055119909100,	
  0.0000175501879785,	-0.0000069426448889,	-0.0000736852532861,	-0.0000075013877098,	
  -0.0000260587950568,	0.0000055119909100,	-0.0000075013877098,	-0.0000833335561771,	
};

const PROGMEM tinytype dC2_drho_data[12*12] = {
  -0.0001078453706059,	-0.0000685274636465,	-0.0000979546876199,	-0.0000396043286791,	0.0000099178863865,	-0.0000285743867587,	0.0001502454063246,	0.0001496754563752,	-0.0000985787627190,	0.0000010214269330,	-0.0000249456828962,	-0.0000248666602388,	
  -0.0001547144864542,	-0.0002033853936719,	0.0001363506748320,	-0.0000786601902466,	-0.0000877420251964,	-0.0000696415501993,	-0.0000203852520560,	0.0001042594419133,	-0.0001598137704253,	-0.0000486651249881,	-0.0000406665290938,	0.0001306549960694,	
  0.0000837840866395,	0.0000085927648039,	0.0000405126946363,	-0.0001320367085657,	-0.0001423713061489,	-0.0000590330283654,	0.0002205112324819,	0.0002331557460246,	-0.0000373801722252,	0.0000794534634394,	-0.0000728249157021,	0.0001209389969013,	
  -0.0000360799730166,	-0.0000691623319406,	0.0001534743781858,	0.0000755405150299,	-0.0000336892641953,	-0.0000457042840036,	-0.0001766411358570,	-0.0001186487318875,	0.0000047509687634,	-0.0000462641962248,	0.0000053385616301,	0.0000211800337867,	
  0.0000410011356983,	-0.0000035168394364,	0.0000643182744277,	-0.0000469469898895,	-0.0000583364586837,	-0.0000124753603613,	0.0000128021201160,	0.0000367650650018,	-0.0000030918571913,	0.0000165611266812,	-0.0000185896533750,	0.0000709863825217,	
  -0.0001746783579807,	-0.0001309486084949,	-0.0000705682069080,	-0.0000332218742263,	0.0000183248645071,	-0.0000349322362404,	0.0000962555125405,	0.0001288977534499,	-0.0001385791108529,	-0.0000316703651648,	-0.0000201133641912,	-0.0000154053504644,	
  0.0000860824441688,	0.0000698679020387,	0.0000603218876825,	0.0000553571878900,	0.0000213839537903,	0.0000393218674654,	-0.0001517719390405,	-0.0001628420190838,	0.0000965991474211,	-0.0000090609744541,	0.0000346320173287,	-0.0000072182375286,	
  0.0000246828336795,	-0.0000011202827764,	0.0000688185580013,	-0.0000397361466419,	0.0000254520521567,	0.0000765405353393,	-0.0001633396401347,	-0.0001225431464615,	0.0000194056771031,	-0.0000350623022825,	0.0000370689539003,	0.0000748322318591,	
  0.0000210328605005,	0.0000394108548615,	0.0000038473688345,	0.0000216016735581,	0.0000957460177722,	0.0001066059215348,	-0.0002040402089457,	-0.0002016977127887,	0.0000591630712417,	-0.0000472573898934,	0.0000667897323506,	-0.0000063804050192,	
  -0.0000325507271485,	-0.0001149639072901,	0.0001331097127476,	-0.0001184637696178,	-0.0001387245340900,	-0.0000714401685386,	0.0000767143893851,	0.0001665284067306,	-0.0001056989387897,	0.0000116277337323,	-0.0000617038041416,	0.0001599528936194,	
  0.0000805427915656,	0.0001817356660387,	-0.0002040927621224,	0.0001082601912438,	0.0001729377523151,	0.0001108664576295,	-0.0000372744122756,	-0.0001683379027777,	0.0001421851035949,	0.0000090498317822,	0.0000739696738797,	-0.0001876659444059,	
  -0.0001702323655215,	-0.0000546202519324,	-0.0001405169061456,	0.0000950578889997,	0.0001683132476655,	0.0000535168850469,	-0.0001020047827731,	-0.0001213786740597,	-0.0000390334664362,	-0.0000805523576205,	0.0000603087760192,	-0.0001471539476365,	
};

