#pragma once

typedef float tinytype;

const PROGMEM tinytype Adyn_data[12*12] = {
  0.1111885125010394,	-0.0898300836666774,	-0.0110216638833657,	-0.1017363391732765,	-0.0102782616933176,	0.0108860249399683,	-0.0679968696916930,	-0.0970174363229342,	-0.1137486180786366,	0.0094081812320518,	-0.1024819819579872,	-0.1286267134815179,	
  -0.0259278194529765,	0.0756185518955606,	0.0649836825891631,	0.0163245017193819,	-0.0316479722351258,	0.1084081249766282,	-0.0891225480850906,	-0.0375990064641139,	-0.0884092804961107,	-0.0171463634279618,	0.0645121485657142,	0.0107736868742656,	
  -0.0476676392688858,	0.0189560815714414,	-0.0031270361494227,	-0.0294131723508380,	-0.0453725930581683,	-0.0299012680898476,	0.0580108739200836,	0.0616391969568496,	-0.0737256335303662,	-0.1044338599323490,	-0.1403744633868964,	-0.0776077370045752,	
  -0.0712020048039076,	-0.0620824006424557,	0.0234629864927935,	-0.0825680120511613,	-0.0433255223113090,	0.0458592608982561,	-0.0332563723150393,	0.0785918409800606,	-0.0323232894171382,	0.0834094717441093,	-0.1184495402780981,	0.0752037720463649,	
  0.1237625955130562,	0.0948664975001248,	0.0168276733200801,	-0.0333804126818874,	-0.0192944446109617,	-0.1219927107425128,	-0.0180129943775962,	0.0833551660003491,	-0.0477449184289952,	0.0319635589292996,	0.0084265913538681,	-0.0818154652358863,	
  0.1010028495554860,	-0.1074674152596552,	0.0743279197638667,	-0.0101971133481242,	0.1107418575108828,	-0.0440155907022732,	0.1017009293882028,	-0.0382508816221107,	0.1160589257782767,	0.1365755422877715,	0.0571591229173971,	0.0182410228159593,	
  0.1063207223444683,	0.0442823776324191,	0.1419514470607633,	-0.1086338490082945,	-0.1342331119130663,	-0.0916307406161395,	0.1301146577153377,	0.0509711565575915,	0.0285047104265297,	0.0676413228891438,	0.0466213548485093,	-0.1225471685843451,	
  -0.1327745189845005,	-0.0137655100831989,	-0.1328026563568544,	0.0478565071007506,	0.0878996310768868,	0.1420321438945459,	-0.0091207045304073,	-0.0310086302702086,	-0.0295120570105897,	0.0108642665776152,	0.0967671209493985,	0.1205616368271697,	
  -0.1028608903276784,	-0.0437164744522208,	0.0808422481396857,	-0.0349422223682270,	-0.1396457873163346,	-0.1017570431423303,	-0.1400294884907939,	-0.1197053683728696,	0.1346014140852172,	0.0023675784046047,	0.0812246881012089,	-0.1071052918341157,	
  -0.1311011987378826,	-0.1029226055117168,	0.0348657492060727,	-0.0036145620653478,	0.0682490436057056,	-0.0321756958446439,	0.0486977530037498,	0.0412194884885390,	-0.0243626773082950,	0.0304379933303455,	0.0503428045391889,	-0.0391665670149208,	
  -0.0203181564352421,	0.0082758402681649,	0.0887151469830383,	-0.0171953836401335,	0.0069593013953600,	-0.0934382282609534,	0.0062289166527833,	-0.0969078372119882,	-0.1172049491288860,	-0.0659079181490307,	-0.1384772647695506,	-0.0026306048262770,	
  0.0080766111029585,	-0.0153313970484800,	-0.0296568135611322,	0.0795127244382440,	-0.0618163648538852,	-0.0948136479517960,	0.0784886032951009,	-0.1164223470513532,	-0.1309482849236844,	0.0667905347664226,	0.0817429649171536,	0.0671398380572702,	
};

const PROGMEM tinytype Bdyn_data[12*4] = {
  -0.2141897582948233,	-0.4804790870708431,	-0.2264698498530404,	-0.7188694359094077,	
  0.8088609678415530,	0.9424478458182195,	-0.5577794965466423,	0.9168837898796380,	
  0.0394505926653987,	0.9157923425756580,	-0.7865003307143354,	0.2763263611187672,	
  -0.7154002977744243,	-0.5599060480017624,	0.2899500544818692,	0.1360491004850588,	
  0.2368725538418661,	-0.2513718179658908,	-0.6217207727328518,	0.3568679431431085,	
  0.1003406225390913,	0.7051016971049633,	-0.5746973147427412,	0.2623208912650929,	
  -0.2469417014431246,	-0.4329887066951053,	-0.2929949191668926,	-0.2245123689860715,	
  0.3762577827078770,	-0.1303029310878183,	-0.6395313787777002,	-0.9825597297023327,	
  -0.7966386513427015,	-0.3939986185689035,	0.4632211853566737,	0.1586884246755809,	
  -0.1426311382801599,	-0.8115868041368961,	0.8981898472952055,	0.5879622643932907,	
  -0.2603954046797436,	-0.8642494519957900,	-0.1268120609166721,	-0.7430943763580895,	
  0.5951708004523650,	-0.1964328206525920,	0.6274674632171702,	0.2382007026783015,	
};

const PROGMEM tinytype Q_data[12] = {
  8.3201236429274950,4.4358404870214940,1.5452515430078326,9.8804949831967139,8.4076032050852074,4.5537071689204467,5.4179217346037341,2.3242753731912660,5.7995197722096732,8.0907979958092966,
  1.1672584060787057,2.6617405974026926,
};

const PROGMEM tinytype Qf_data[12] = {
  74.8811127863474582,39.9225643831934462,13.9072638870704939,88.9244548487704236,75.6684288457668686,40.9833645202840202,48.7612956114336100,20.9184783587213943,52.1956779498870560,72.8171819622836693,
  10.5053256547083507,23.9556653766242320,
};

const PROGMEM tinytype R_data[4] = {
  0.1000000000000000,0.1000000000000000,0.1000000000000000,0.1000000000000000,
};

const PROGMEM tinytype umin[4] = {
  -3.0,	
  -3.0,	
  -3.0,	
  -3.0,	
};

const PROGMEM tinytype umax[4] = {
  3.0,	
  3.0,	
  3.0,	
  3.0,	
};

const PROGMEM tinytype xmin[12] = {
  -10000.0,	
  -10000.0,	
  -10000.0,	
  -10000.0,	
  -10000.0,	
  -10000.0,	
  -10000.0,	
  -10000.0,	
  -10000.0,	
  -10000.0,	
  -10000.0,	
  -10000.0,	
};

const PROGMEM tinytype xmax[12] = {
  10000.0,	
  10000.0,	
  10000.0,	
  10000.0,	
  10000.0,	
  10000.0,	
  10000.0,	
  10000.0,	
  10000.0,	
  10000.0,	
  10000.0,	
  10000.0,	
};

const PROGMEM tinytype rho_value = 85.0;

const PROGMEM tinytype Kinf_data[4*12] = {
  0.0073724368598268,	0.0102279967031279,	-0.0071837649424842,	0.0119943983558621,	0.0098497835937889,	0.0042501874683724,	0.0063134482672680,	-0.0009908529382460,	-0.0085044653502817,	-0.0039634225164900,	0.0108826800988825,	0.0055414725834848,	
  0.0040909078385272,	0.0083925318940526,	-0.0045426714699204,	0.0116298744972486,	0.0065328424014184,	0.0109045968281960,	0.0008008481945127,	-0.0036388358947268,	0.0076976108552011,	-0.0063218216242327,	0.0061164694137450,	0.0104195082485097,	
  -0.0220335160037458,	-0.0119294207506798,	-0.0006981431300022,	0.0048489925820920,	0.0005012413077439,	-0.0002827695422406,	-0.0000213302884791,	-0.0024480550768481,	0.0038851462762241,	-0.0001003319293160,	0.0030560246995319,	0.0059800188864676,	
  -0.0084952083614651,	0.0031451957629798,	0.0079693648455834,	0.0044079125386378,	0.0001763368778216,	-0.0051738940207321,	0.0011529610858617,	0.0087232026096752,	0.0033207438120758,	0.0044067749604318,	0.0092584679523337,	0.0031428062790822,	
};

const PROGMEM tinytype Pinf_data[12*12] = {
  8.9260382957261939,	0.1203979184351881,	0.0666305711939594,	-0.1361918108498111,	-0.0381227257750300,	-0.2025188179991295,	0.1113339419998861,	0.0056224931150057,	-0.0778007404933175,	0.0932040077621472,	-0.0713927556917168,	-0.2426502664485673,	
  0.1203979184351882,	4.7716412570003346,	-0.0056480378196163,	0.0660027518744018,	-0.1244433756224589,	-0.0592051467634210,	-0.0103772928560265,	0.1152606574850742,	-0.0203216391362021,	-0.1154947107811782,	0.0630936962093092,	-0.0084775160003758,	
  0.0666305711939594,	-0.0056480378196163,	1.8163659290099861,	-0.1375968332226555,	-0.1631539994229537,	-0.1753852266985050,	0.0527298764692435,	0.0022613740525746,	0.0857419235333698,	0.1019953674621186,	0.0514886093439611,	-0.1773622877709211,	
  -0.1361918108498112,	0.0660027518744018,	-0.1375968332226555,	10.1238842128002489,	0.1388997189701922,	0.0627748213414162,	0.0389558174807192,	-0.0398403505087562,	0.0641967329444400,	-0.0923388371874759,	0.1638327373642909,	0.1988230150886026,	
  -0.0381227257750300,	-0.1244433756224589,	-0.1631539994229537,	0.1388997189701921,	8.7837823829899033,	0.1436029372336729,	0.1162528519210746,	0.0477330669247512,	-0.0106002524096569,	0.0096512540032440,	0.0154281066750710,	0.1786108777134274,	
  -0.2025188179991296,	-0.0592051467634210,	-0.1753852266985051,	0.0627748213414162,	0.1436029372336729,	4.9885126009520668,	-0.1048642515466295,	0.0020402972558013,	-0.0978778344434600,	-0.0780538002302732,	-0.1115275862634964,	0.2678513898716388,	
  0.1113339419998860,	-0.0103772928560266,	0.0527298764692434,	0.0389558174807192,	0.1162528519210746,	-0.1048642515466295,	5.8262960904970980,	0.1540805881810126,	0.0461606661051719,	0.1188457176257089,	0.0939924481838048,	0.0603669104195898,	
  0.0056224931150057,	0.1152606574850742,	0.0022613740525746,	-0.0398403505087562,	0.0477330669247511,	0.0020402972558014,	0.1540805881810126,	2.7074874539974254,	-0.0132340867920729,	0.0547616481028255,	-0.0872278875037937,	0.0927478455728560,	
  -0.0778007404933176,	-0.0203216391362021,	0.0857419235333698,	0.0641967329444399,	-0.0106002524096569,	-0.0978778344434600,	0.0461606661051720,	-0.0132340867920729,	6.2325293086986875,	0.0374875345682261,	0.2074411213185761,	0.0216417053339081,	
  0.0932040077621472,	-0.1154947107811781,	0.1019953674621186,	-0.0923388371874758,	0.0096512540032440,	-0.0780538002302732,	0.1188457176257089,	0.0547616481028255,	0.0374875345682261,	8.3526825976677230,	0.0428842493711890,	0.0418531622041327,	
  -0.0713927556917169,	0.0630936962093092,	0.0514886093439611,	0.1638327373642910,	0.0154281066750711,	-0.1115275862634964,	0.0939924481838048,	-0.0872278875037937,	0.2074411213185761,	0.0428842493711890,	1.6041665606594435,	-0.0067266680422146,	
  -0.2426502664485674,	-0.0084775160003758,	-0.1773622877709211,	0.1988230150886027,	0.1786108777134274,	0.2678513898716388,	0.0603669104195897,	0.0927478455728560,	0.0216417053339081,	0.0418531622041328,	-0.0067266680422145,	3.1573322802889656,	
};

const PROGMEM tinytype Quu_inv_data[4*4] = {
  0.0101373769503129,	-0.0010534771849357,	0.0006651389005153,	-0.0003132186197678,	
  -0.0010534771849357,	0.0094549610873717,	0.0009763030478387,	-0.0003827003559033,	
  0.0006651389005153,	0.0009763030478387,	0.0097277701343511,	-0.0004403136814456,	
  -0.0003132186197678,	-0.0003827003559033,	-0.0004403136814456,	0.0098783164224954,	
};

const PROGMEM tinytype AmBKt_data[12*12] = {
  0.1036363359297939,	-0.0840475844846092,	-0.0091721869595001,	-0.0893124861851626,	-0.0047893655375019,	0.0132524092435009,	-0.0654358051057485,	-0.0932616183493269,	-0.1086045966952863,	0.0086669273116061,	-0.0898644606088652,	-0.1188198696409399,	
  -0.0402472877720720,	0.0498982356671963,	0.0673791892282514,	-0.0056747240231726,	-0.0456540392746652,	0.0992794369424578,	-0.0960530365442742,	-0.0427317691441540,	-0.0896626284280112,	-0.0120789821037924,	0.0431607687189492,	-0.0030744933143615,	
  -0.0666868259553764,	0.0006151707304974,	-0.0014347240087233,	-0.0379411966468227,	-0.0513983999785129,	-0.0388480018094757,	0.0566930241797665,	0.0606748577788067,	-0.0783014806319904,	-0.0997846439151623,	-0.1465600017412413,	-0.0835336106405370,	
  -0.0560928526167315,	-0.0470352242476805,	0.0148984514036068,	-0.0694812370264998,	-0.0327905316422012,	0.0557912886655587,	-0.0284420043973325,	0.0753686081023567,	-0.0356757301711863,	0.0764639654127750,	-0.1093851202425121,	0.0828406060990417,	
  0.1123775794451903,	0.0860142235698284,	0.0141093495555269,	-0.0318564570232529,	-0.0197367123803953,	-0.1185877619546522,	-0.0197318826603145,	0.0780401330051702,	-0.0425650724366349,	0.0296782419875475,	0.0059822347851455,	-0.0779125821175041,	
  0.0869444567388636,	-0.1220921439252789,	0.0757600367019728,	-0.0179704675208793,	0.1053890110156929,	-0.0509361932943510,	0.1001880503984735,	-0.0392808784188469,	0.1128463533041122,	0.1402171121009168,	0.0510820146810623,	0.0129504521100873,	
  0.1015496137458859,	0.0476528437544657,	0.1397952190692515,	-0.0982259664769573,	-0.1287856916445116,	-0.0871040780562243,	0.1322730739550180,	0.0503920979828941,	0.0316214580311016,	0.0648852899607854,	0.0549311448523576,	-0.1142095044819196,	
  -0.1574535729489648,	-0.0210591981411854,	-0.1233077397655392,	0.0522910483698575,	0.0855386429146257,	0.1365893788049036,	-0.0102726239655083,	-0.0241045055638243,	-0.0195616623807801,	0.0157975374550422,	0.1045208432163669,	0.1267467117169068,	
  -0.0838214275004822,	-0.0272349567203264,	0.0723883257757987,	-0.0237505073408268,	-0.1294853063307506,	-0.0931227615090845,	-0.1348574994324285,	-0.1221786967427334,	0.1285326306537622,	-0.0039334544515637,	0.0894193051196496,	-0.1018542671472086,	
  -0.1019443905384973,	-0.0857868783815013,	0.0260957276856139,	0.0005878631565598,	0.0744020088543575,	-0.0194234247018036,	0.0495894661811178,	0.0351948350680071,	-0.0247704704799870,	0.0222410785928629,	0.0486705393130640,	-0.0371388888193616,	
  -0.0239697000311097,	0.0190167875521109,	0.0887519835060088,	-0.0001305790036970,	0.0153647436311787,	-0.0867877572812532,	0.0094190961437242,	-0.0941389927981920,	-0.1098065074037429,	-0.0691416796412469,	-0.1230898532827932,	0.0109111636547438,	
  0.0203412195152874,	-0.0130340977856625,	-0.0277338224075595,	0.0705659448804790,	-0.0667519199599286,	-0.0937913608377118,	0.0746270840272078,	-0.1170892051960039,	-0.1276034184487858,	0.0669208929938299,	0.0723444571932972,	0.0613875628343987,	
};

const PROGMEM tinytype coeff_d2p_data[12*4] = {
  -0.0137893828344127,	-0.0370324420566673,	-0.0236128409284398,	-0.0597594654962445,	
  0.0308580072617103,	0.0336073819733901,	-0.0216711870306939,	0.0378878852021910,	
  -0.0037038828540394,	0.0126668530292083,	-0.0112438873817842,	0.0030503345632518,	
  -0.0644790286595213,	-0.0450016099460853,	0.0179458126588353,	0.0177128835556334,	
  0.0184682905697758,	-0.0324116941372558,	-0.0535325671526863,	0.0325057209767224,	
  0.0020046057466388,	0.0292934121426027,	-0.0222483642801384,	0.0145597863814399,	
  -0.0124684388371277,	-0.0268880954179665,	-0.0198032625048073,	-0.0124335179891871,	
  0.0119868122710218,	-0.0047112216654198,	-0.0156546677491347,	-0.0238194252887333,	
  -0.0470106981303338,	-0.0175815623671299,	0.0222483500441959,	0.0102652962688195,	
  -0.0019893960108710,	-0.0590139530994089,	0.0627480091941410,	0.0456212349288423,	
  -0.0052083860999730,	-0.0136860053916137,	-0.0016010681616592,	-0.0085536228109653,	
  0.0204281378798267,	-0.0071825262697111,	0.0190190791252478,	0.0083154743021450,	
};

const PROGMEM tinytype dKinf_drho_data[4*12] = {
  -0.0000581167746299,	-0.0000859241910008,	0.0000710734707724,	-0.0001114138974323,	-0.0000931800181410,	-0.0000327854599179,	-0.0000628685681472,	0.0000105178042146,	0.0000922425032695,	0.0000350203070115,	-0.0001032424312797,	-0.0000483336804944,	
  -0.0000127821564399,	-0.0000559097843172,	0.0000386148889172,	-0.0001002226612885,	-0.0000515086739149,	-0.0000999490561053,	-0.0000005808986123,	0.0000392227914421,	-0.0000836502028956,	0.0000569745454035,	-0.0000456005331848,	-0.0000976401449104,	
  0.0002008542617698,	0.0001025431861908,	0.0000191047375077,	-0.0000639449787471,	-0.0000176955423635,	-0.0000133275376487,	-0.0000038644523238,	0.0000323068096128,	-0.0000370704150850,	0.0000113508091246,	-0.0000384103621618,	-0.0000702853386868,	
  0.0000781297384901,	-0.0000299190127350,	-0.0000827900984919,	-0.0000331369512326,	0.0000038479757527,	0.0000560919451496,	-0.0000090318706799,	-0.0000890894531486,	-0.0000306431683455,	-0.0000469482753863,	-0.0000842522459782,	-0.0000224909364285,	
};

const PROGMEM tinytype dPinf_drho_data[12*12] = {
  0.0006686505124379,	0.0003402614825091,	-0.0001109932899776,	-0.0000237179654281,	0.0000862425393964,	0.0001248126219187,	0.0000342313044121,	-0.0000528595349253,	-0.0001581302698462,	-0.0000700954660828,	-0.0000477499692044,	-0.0000845721581793,	
  0.0003402614825091,	0.0003306902578994,	-0.0000785168542454,	0.0001789986608747,	0.0001496772721906,	0.0001206902375096,	0.0000789111656808,	0.0000196326718880,	-0.0000587100296238,	-0.0000798263129983,	0.0001555242866915,	0.0000879252313496,	
  -0.0001109932899776,	-0.0000785168542454,	0.0001502053111790,	-0.0001143264117350,	-0.0001070786688783,	-0.0001296709165967,	-0.0000420418057908,	0.0000853946237304,	0.0000373639118957,	0.0001069028916602,	-0.0000381476270864,	-0.0000639227323040,	
  -0.0000237179654281,	0.0001789986608747,	-0.0001143264117350,	0.0003309782582200,	0.0001988570314348,	0.0001521525478135,	0.0000954666187043,	-0.0000203118054296,	0.0000337014422014,	-0.0001099017582175,	0.0002627667497674,	0.0002363121574577,	
  0.0000862425393964,	0.0001496772721906,	-0.0001070786688783,	0.0001988570314348,	0.0001465893880281,	0.0001190375118684,	0.0000684367861514,	-0.0000275161682604,	-0.0000265088276924,	-0.0000864392434189,	0.0001503151823579,	0.0001226527909002,	
  0.0001248126219187,	0.0001206902375096,	-0.0001296709165967,	0.0001521525478135,	0.0001190375118684,	0.0001772852010320,	0.0000258370220903,	-0.0000852335008205,	0.0000268513880629,	-0.0001183785141884,	0.0000619523706028,	0.0001112286689021,	
  0.0000342313044121,	0.0000789111656808,	-0.0000420418057908,	0.0000954666187043,	0.0000684367861514,	0.0000258370220903,	0.0000493502754295,	0.0000080181994313,	-0.0000387104850664,	-0.0000268021474694,	0.0000858810074726,	0.0000538693288787,	
  -0.0000528595349253,	0.0000196326718880,	0.0000853946237304,	-0.0000203118054296,	-0.0000275161682604,	-0.0000852335008205,	0.0000080181994313,	0.0001078095995874,	0.0000088171790680,	0.0000560906060403,	0.0000425055782490,	-0.0000266824617050,	
  -0.0001581302698462,	-0.0000587100296238,	0.0000373639118957,	0.0000337014422014,	-0.0000265088276924,	0.0000268513880629,	-0.0000387104850664,	0.0000088171790680,	0.0001896453534555,	-0.0000092480011983,	0.0000099969113295,	0.0000699859503856,	
  -0.0000700954660828,	-0.0000798263129983,	0.0001069028916602,	-0.0001099017582175,	-0.0000864392434189,	-0.0001183785141884,	-0.0000268021474694,	0.0000560906060403,	-0.0000092480011983,	0.0000935306977249,	-0.0000436096861476,	-0.0000728065555902,	
  -0.0000477499692044,	0.0001555242866915,	-0.0000381476270864,	0.0002627667497674,	0.0001503151823579,	0.0000619523706028,	0.0000858810074726,	0.0000425055782490,	0.0000099969113295,	-0.0000436096861476,	0.0002573349037982,	0.0001741438241552,	
  -0.0000845721581793,	0.0000879252313496,	-0.0000639227323040,	0.0002363121574577,	0.0001226527909002,	0.0001112286689021,	0.0000538693288787,	-0.0000266824617050,	0.0000699859503856,	-0.0000728065555902,	0.0001741438241552,	0.0001965655005781,	
};

const PROGMEM tinytype dC1_drho_data[4*4] = {
  -0.0001044311029335,	0.0000198737089467,	-0.0000122988451422,	0.0000061669171996,	
  0.0000198737089467,	-0.0000916403970835,	-0.0000182064492950,	0.0000075028516730,	
  -0.0000122988451422,	-0.0000182064492950,	-0.0000962745500938,	0.0000092023646203,	
  0.0000061669171996,	0.0000075028516730,	0.0000092023646203,	-0.0000980352523223,	
};

const PROGMEM tinytype dC2_drho_data[12*12] = {
  0.0000830629387736,	-0.0000435524876569,	-0.0000214117682668,	-0.0001103213597374,	-0.0000459483608458,	-0.0000177412414480,	-0.0000211128307691,	-0.0000356286296412,	-0.0000508585421220,	0.0000036970044503,	-0.0001132887274482,	-0.0000893521839133,	
  0.0000994514046568,	0.0002068215246376,	-0.0000073159450948,	0.0001792885195205,	0.0001105155611269,	0.0000618520289680,	0.0000575250610712,	0.0000542318748439,	0.0000116436999142,	-0.0000326447357420,	0.0001823099032850,	0.0001125338260234,	
  0.0001503811791675,	0.0001435091743810,	-0.0000002641411036,	0.0000550423562660,	0.0000358664090292,	0.0000668441901939,	0.0000024685357027,	0.0000136922151805,	0.0000522788153218,	-0.0000316579630405,	0.0000389049482143,	0.0000422602858781,	
  -0.0001176007493589,	-0.0001184363658625,	0.0000781907907498,	-0.0001127717071219,	-0.0000908937209416,	-0.0000831837472081,	-0.0000429521649759,	0.0000322386971712,	0.0000340716041516,	0.0000600500335293,	-0.0000767921515221,	-0.0000658081276297,	
  0.0001075464626867,	0.0000807293039259,	0.0000342942846230,	-0.0000267326641219,	-0.0000032509456032,	-0.0000456618244155,	0.0000155663915805,	0.0000592471097833,	-0.0000549889035506,	0.0000298378137891,	0.0000191790151184,	-0.0000487666192548,	
  0.0001097795358035,	0.0001148234464585,	-0.0000016619662435,	0.0000537900153947,	0.0000344896093132,	0.0000513905733990,	0.0000068662218565,	0.0000132252416510,	0.0000364603050481,	-0.0000248480150961,	0.0000425392154279,	0.0000392031105526,	
  0.0000565043862731,	-0.0000220991270017,	0.0000212810044922,	-0.0000970832271905,	-0.0000496334921746,	-0.0000426844751227,	-0.0000189364253033,	0.0000090443571006,	-0.0000311822860536,	0.0000261025698024,	-0.0000754090898234,	-0.0000798554219100,	
  0.0002254210740063,	0.0000612268049970,	-0.0000908384509894,	-0.0000445928147869,	0.0000208119872404,	0.0000459024374202,	0.0000122333043245,	-0.0000657210515119,	-0.0000994232632529,	-0.0000446229989662,	-0.0000744436107663,	-0.0000615852415969,	
  -0.0001567724552835,	-0.0001332312846809,	0.0000761221979461,	-0.0000933650876458,	-0.0000869388294519,	-0.0000682254992307,	-0.0000470890550751,	0.0000230048813406,	0.0000625603967463,	0.0000525386349346,	-0.0000690511086166,	-0.0000408478510840,	
  -0.0002450056878805,	-0.0001321431066121,	0.0000729943968402,	-0.0000203124728103,	-0.0000414626401439,	-0.0001068028505670,	-0.0000006570541059,	0.0000566964545573,	-0.0000034194504814,	0.0000686434082643,	0.0000323025621636,	-0.0000097839414965,	
  0.0000573481994303,	-0.0000799232022805,	-0.0000072180437015,	-0.0001483619236557,	-0.0000681645907898,	-0.0000549265835860,	-0.0000240743190253,	-0.0000254679146246,	-0.0000757468598516,	0.0000249117667379,	-0.0001337723578571,	-0.0001225972270538,	
  -0.0001125615004849,	-0.0000170587301518,	-0.0000269825644851,	0.0000946399171342,	0.0000555268184269,	-0.0000051188710996,	0.0000418796445133,	0.0000023944520723,	-0.0000407719862636,	-0.0000055905447174,	0.0000966596358098,	0.0000590461862633,	
};

