#pragma once

typedef float tinytype;

const PROGMEM tinytype Adyn_data[12*12] = {
  0.0457675578443762,	-0.1260360539571605,	0.0236763642266705,	0.1105070295605168,	-0.1274090448737769,	0.1276745428386087,	0.0168491812159728,	0.0654217476677300,	0.0192396757311109,	-0.1217261177826875,	-0.0473707796041578,	0.0384942477104906,	
  0.1340076168688344,	0.0784364130225926,	-0.0866210193236814,	-0.1160559111870780,	-0.0467979632683571,	-0.0881746293289534,	-0.1328251714112845,	-0.1016160384643473,	-0.0853946349028631,	-0.0002797590704419,	0.0945443290963250,	0.0971635437828447,	
  -0.0028310978689997,	0.0854026147013077,	-0.0532622278748500,	0.1056461513098068,	-0.0900553327692373,	0.0953895198087901,	-0.1214147488043097,	0.0785382578559873,	0.1147586090410508,	-0.0296403806398589,	-0.0964475596829883,	-0.0864774127516624,	
  0.1311011923174519,	0.0377055820708174,	0.0118680101455910,	0.0718560548135282,	0.1009147548812963,	-0.0400429430311603,	-0.1357138340996882,	-0.1195754566732529,	0.0941262531589644,	-0.0261891970559224,	-0.0901963231633463,	-0.0243881508036741,	
  0.0509710292958522,	0.0199442544963807,	-0.0445839401304767,	-0.0163450336629447,	0.0952364377895883,	0.0857050691140495,	0.0427291737691730,	0.1353300181810967,	-0.0852690397870991,	0.0830940330567495,	0.0224807537918803,	0.1051727705667807,	
  0.1161663982294882,	0.1026871057667231,	-0.0545304275728018,	-0.0395897067959481,	-0.0326242046716602,	-0.0656812758250579,	0.0980153131155620,	0.0481092946194452,	0.0217307202089914,	-0.0870422995076988,	0.0285185076737775,	0.0377500047422136,	
  0.0572062128849189,	0.1254997113626780,	0.0596064801811851,	0.0184339930396596,	0.0591657483577673,	-0.0937009396609305,	-0.0771762495703633,	-0.0139055419640415,	-0.0807966168968035,	-0.1033161358669527,	0.0620954346771277,	0.1105381476339693,	
  -0.1088751681484748,	0.1108553465831849,	0.0364491490101248,	-0.0255758858670538,	0.0190187753878116,	-0.0776204613886854,	0.0352230593133843,	-0.0400910519478853,	0.0996215362936910,	0.0262336258048902,	-0.1353881797792095,	-0.1043016573666596,	
  -0.0094841338602882,	0.0404635269964750,	-0.0257910123299271,	0.1325840252400929,	0.1148999762884027,	-0.0924468140306497,	-0.0497266302637271,	0.1131815688056788,	-0.0353766762859054,	-0.0820604412514855,	0.1322241117308288,	-0.0578554339305276,	
  0.0175735588684092,	0.1102271264633146,	0.0538887528775424,	0.0612332475783924,	-0.0848665705677348,	0.0733516845592579,	-0.0252150783539362,	-0.0646315164352842,	0.0714493017154358,	0.0620535382134636,	-0.1073691254264811,	0.0311804503024861,	
  0.0075442361675372,	0.0220191883767988,	0.0390075774870924,	-0.0171981040280034,	-0.1202696951973889,	0.0029952501636425,	-0.0827317109979308,	0.0328515161534946,	0.1349817457870203,	-0.0317816465438315,	-0.1059064307312676,	0.0328169389934006,	
  -0.1237586181325471,	-0.1078818476880032,	-0.0349824649511318,	0.1140548013355062,	0.0668352978541339,	-0.1095971816725391,	-0.0199505803041783,	0.0176828153864690,	0.1213456403418492,	-0.0129991765931001,	-0.0705758656181621,	0.0221364833908172,	
};

const PROGMEM tinytype Bdyn_data[12*4] = {
  0.9491320301768882,	-0.1636417842359519,	-0.7684203336872175,	0.4680178458832607,	
  -0.0056151589880227,	-0.2980392210695957,	0.7766096605328860,	-0.4162905576343212,	
  0.5770086742765577,	0.7864229430011134,	0.8880714689998541,	-0.9875291252464264,	
  -0.0805585690018684,	0.2442208998210935,	0.1284732285605645,	-0.4466456233122560,	
  -0.5982715724545844,	0.0768586159821003,	-0.1741431891284879,	-0.5624007118580856,	
  0.3481352570849734,	0.0344219977744165,	0.7585355143658656,	0.3567759249037989,	
  0.5640769531273546,	0.3229072468975023,	0.1522292784004486,	0.7303624873312178,	
  0.4077952957867639,	-0.8009348652942045,	0.2898718076310693,	-0.8885660619843656,	
  0.9975189361952086,	-0.9744457649129892,	-0.3041358230025628,	0.8041145176169797,	
  -0.8267346111677969,	0.7041089003584262,	-0.2460622856973718,	0.7974369430685546,	
  0.6324527611429500,	0.2347406385833044,	0.5186856125655332,	0.9604895653846608,	
  -0.4860316451461992,	-0.1926435753650835,	0.7611177412231263,	0.7886671735046415,	
};

const PROGMEM tinytype Q_data[12] = {
  5.1017785557636097,7.9558173759729591,6.4059034076203476,0.9047843294874582,2.0837276712698491,9.4950062349479065,7.7129803086043944,7.4309321603063960,1.9667666845149474,2.8645811811875852,
  7.0174274197633135,5.9408101851750672,
};

const PROGMEM tinytype Qf_data[12] = {
  45.9160070018724866,71.6023563837566286,57.6531306685831311,8.1430589653871248,18.7535490414286414,85.4550561145311605,69.4168227774395490,66.8783894427575660,17.7009001606345251,25.7812306306882668,
  63.1568467778698235,53.4672916665756048,
};

const PROGMEM tinytype R_data[4] = {
  0.1000000000000000,0.1000000000000000,0.1000000000000000,0.1000000000000000,
};

const PROGMEM tinytype umin[4] = {
  -3.0,	
  -3.0,	
  -3.0,	
  -3.0,	
};

const PROGMEM tinytype umax[4] = {
  3.0,	
  3.0,	
  3.0,	
  3.0,	
};

const PROGMEM tinytype xmin[12] = {
  -10000.0,	
  -10000.0,	
  -10000.0,	
  -10000.0,	
  -10000.0,	
  -10000.0,	
  -10000.0,	
  -10000.0,	
  -10000.0,	
  -10000.0,	
  -10000.0,	
  -10000.0,	
};

const PROGMEM tinytype xmax[12] = {
  10000.0,	
  10000.0,	
  10000.0,	
  10000.0,	
  10000.0,	
  10000.0,	
  10000.0,	
  10000.0,	
  10000.0,	
  10000.0,	
  10000.0,	
  10000.0,	
};

const PROGMEM tinytype rho_value = 85.0;

const PROGMEM tinytype Kinf_data[4*12] = {
  0.0071303543301113,	0.0103453571227364,	0.0027598357993420,	0.0053789544073427,	-0.0106920660988497,	-0.0003163245719103,	-0.0058646220898849,	0.0082024502517579,	0.0057105561067988,	-0.0185312715787887,	-0.0033857460907071,	-0.0018769932236203,	
  0.0068224762515978,	0.0035522619185038,	0.0012256968197430,	0.0057708046042561,	-0.0092626649462792,	0.0143742255282601,	-0.0074222564086358,	0.0052036909236991,	0.0027767950559015,	-0.0013327958084873,	-0.0037483591642743,	0.0044979827920374,	
  0.0067073491629225,	0.0182066107195756,	-0.0109945090042095,	-0.0050417284485235,	-0.0053822693332827,	-0.0165160963719831,	-0.0112246334387054,	-0.0011153158894259,	0.0127659641495047,	-0.0051063437567493,	-0.0049575382023909,	0.0035136277738620,	
  0.0031611736065535,	-0.0085341400855798,	0.0070065252356199,	0.0069298673732049,	-0.0024989382732473,	-0.0068641770825638,	0.0020234181213552,	0.0046386001996833,	0.0023514093635441,	-0.0126321512717311,	0.0032018881493584,	0.0169246935418722,	
};

const PROGMEM tinytype Pinf_data[12*12] = {
  5.6124863061559580,	0.2213970007152636,	-0.1234847954570378,	-0.2066505075972979,	-0.1194236171146618,	-0.0237666811449126,	-0.0816480693060959,	-0.0487435677284159,	-0.2850522688309965,	-0.1490141850892898,	0.3078676363372947,	0.2765812616528376,	
  0.2213970007152637,	8.5642654261633702,	0.0064984991899249,	-0.1617184798256140,	0.0386935293254086,	-0.2141247580041706,	-0.0932805066788406,	-0.0879796444333875,	-0.0656955270771595,	-0.0617662928618883,	0.0555086662323834,	0.0396503902458003,	
  -0.1234847954570378,	0.0064984991899249,	6.5720650089724808,	0.0423132215543784,	0.0233598655292114,	0.0298639596995359,	0.0268463571013296,	-0.0207220853274041,	0.0498904296125788,	0.0084476609981697,	-0.1160787369228663,	-0.0362512087323697,	
  -0.2066505075972978,	-0.1617184798256139,	0.0423132215543784,	1.2983466749087809,	0.0314676371308796,	0.1329115174764392,	-0.0308317328714857,	0.1759270696608120,	0.2134411234702975,	-0.0825307630817828,	-0.1817651492827627,	-0.1393140085257143,	
  -0.1194236171146618,	0.0386935293254086,	0.0233598655292114,	0.0314676371308796,	2.5160579569671357,	-0.2359586566928445,	0.0755243222509909,	-0.0273202942713883,	-0.1715753085332931,	0.0562822898990906,	0.1764973988084597,	-0.0289088506571209,	
  -0.0237666811449126,	-0.2141247580041706,	0.0298639596995359,	0.1329115174764391,	-0.2359586566928444,	9.9448685445794691,	0.0242021833991432,	0.1503650276357840,	0.0824275428294935,	0.0626530238581511,	-0.1519744027222686,	-0.0845361292770096,	
  -0.0816480693060958,	-0.0932805066788406,	0.0268463571013296,	-0.0308317328714857,	0.0755243222509909,	0.0242021833991432,	8.1661724819617358,	0.1033999835425444,	0.0175253560512153,	0.0135607697790539,	-0.0193388803120024,	-0.0998706097497286,	
  -0.0487435677284158,	-0.0879796444333875,	-0.0207220853274041,	0.1759270696608120,	-0.0273202942713884,	0.1503650276357840,	0.1033999835425444,	7.7007454025852722,	0.1069598949816561,	-0.0782016542332467,	-0.0631805378800405,	-0.0570602255751671,	
  -0.2850522688309964,	-0.0656955270771596,	0.0498904296125788,	0.2134411234702974,	-0.1715753085332931,	0.0824275428294935,	0.0175253560512153,	0.1069598949816561,	2.5028681727431419,	0.0123264078165602,	-0.4870306265456298,	-0.2420170451061738,	
  -0.1490141850892898,	-0.0617662928618883,	0.0084476609981697,	-0.0825307630817828,	0.0562822898990906,	0.0626530238581511,	0.0135607697790539,	-0.0782016542332467,	0.0123264078165602,	3.1143248258799208,	-0.0645850732593145,	-0.0913236809110345,	
  0.3078676363372947,	0.0555086662323834,	-0.1160787369228663,	-0.1817651492827628,	0.1764973988084597,	-0.1519744027222686,	-0.0193388803120025,	-0.0631805378800405,	-0.4870306265456299,	-0.0645850732593145,	7.5470742561520217,	0.2217503776515561,	
  0.2765812616528375,	0.0396503902458003,	-0.0362512087323697,	-0.1393140085257143,	-0.0289088506571209,	-0.0845361292770096,	-0.0998706097497286,	-0.0570602255751670,	-0.2420170451061739,	-0.0913236809110345,	0.2217503776515561,	6.2996346519311812,	
};

const PROGMEM tinytype Quu_inv_data[4*4] = {
  0.0093690978119791,	0.0001736644616380,	-0.0003484021438656,	-0.0002341378345823,	
  0.0001736644616380,	0.0099575651409437,	-0.0002306287319563,	-0.0003148622471369,	
  -0.0003484021438656,	-0.0002306287319563,	0.0090636860973259,	0.0002078403205675,	
  -0.0002341378345823,	-0.0003148622471369,	0.0002078403205675,	0.0082824808290905,	
};

const PROGMEM tinytype AmBKt_data[12*12] = {
  0.0437909301700034,	-0.1172894055437823,	0.0095299077603579,	0.0992285681485254,	-0.1217429189786144,	0.1208482536207684,	0.0116286582416350,	0.0554601015939319,	0.0229831286039171,	-0.1023673415978914,	-0.0500786616791907,	0.0357907044417476,	
  0.1321879950167892,	0.0618611055173113,	-0.0747850244785636,	-0.1075054880216640,	-0.0464790004124769,	-0.0739232546704221,	-0.1255107370928271,	-0.0972219058544632,	-0.0934702769562281,	-0.0020740499367501,	0.0985911474117400,	0.1028104522948359,	
  -0.0151455804382558,	0.0520431902100544,	-0.0391355356716096,	0.1093250158725818,	-0.0742894801508400,	0.0921567202647025,	-0.1002273172242183,	0.0752843039975999,	0.1002648299889387,	-0.0258393540854716,	-0.0839815531370656,	-0.0753384130151410,	
  0.1305596217234423,	0.0315206542560540,	0.0163329316873661,	0.0746229466538506,	0.1018908913801772,	-0.0445228904061979,	-0.1320277937788528,	-0.1179704303877756,	0.0933182980708291,	-0.0323426197944355,	-0.0874866261086458,	-0.0185299269043360,	
  0.0576584369712800,	0.0242315164298434,	-0.0410011582689977,	-0.0105511145334617,	0.0872089039897081,	0.0776744542633657,	0.0389742797726600,	0.1422518898972590,	-0.0785204570211353,	0.0641161710568445,	0.0216806745135294,	0.1138344441891711,	
  0.1072336340447309,	0.0881976611485695,	-0.0496934486301113,	-0.0403090328541831,	-0.0236088766085091,	-0.0510889228638628,	0.1081048599553926,	0.0442656768902936,	0.0091247280243919,	-0.0721648424766009,	0.0324443434547138,	0.0295450880641571,	
  0.0476512597750245,	0.1219785192896859,	0.0542103170002080,	0.0092425977114514,	0.0708323478118783,	-0.0906364789716198,	-0.0712405618713181,	-0.0234307404666490,	-0.0885751919349461,	-0.0824293187834986,	0.0636317718244263,	0.0972484467194775,	
  -0.1054538938474855,	0.0966209586281003,	0.0457181630070967,	-0.0155282596614295,	0.0152998547443447,	-0.0672903714177944,	0.0367215261330908,	-0.0348231537399714,	0.0979057198051672,	0.0229787927335735,	-0.1327275402890862,	-0.0859134304615660,	
  -0.0104506646686731,	0.0460050324206684,	-0.0363274984300103,	0.1257359752775943,	0.1169120416911937,	-0.0776279232095676,	-0.0561500180143054,	0.1060010106609411,	-0.0363754433494433,	-0.0562692100056021,	0.1278664351505225,	-0.0641408290730135,	
  0.0177942923804484,	0.1275642108583739,	0.0470147845329548,	0.0548502289948819,	-0.0865157746436856,	0.0643789079224023,	-0.0292129949402864,	-0.0654876603502443,	0.0754813716076010,	0.0564883934796117,	-0.1113021529343732,	0.0138298007227828,	
  -0.0050821683212142,	0.0133958239362547,	0.0359473901206098,	-0.0259956742456833,	-0.1061412347842550,	0.0149807276595688,	-0.0734017254760244,	0.0225655073287373,	0.1218382360724691,	-0.0049669948028533,	-0.1033891904614729,	0.0148697294688719,	
  -0.1265769303667731,	-0.1092961345960261,	-0.0305626753940993,	0.1161528418815836,	0.0659215937477652,	-0.0889975781231486,	-0.0172833580401841,	0.0198624984032048,	0.1130852018742561,	-0.0084136236901633,	-0.0716954964698354,	0.0060684781205601,	
};

const PROGMEM tinytype coeff_d2p_data[12*4] = {
  0.0488862897225995,	-0.0084906805507373,	-0.0354773277443655,	0.0227850693223825,	
  -0.0018939780105823,	-0.0258670252772467,	0.0574307580863202,	-0.0268723542371051,	
  0.0347146222460955,	0.0527753514648000,	0.0492101592604755,	-0.0561557170472853,	
  0.0005609505026775,	0.0003497330137637,	0.0009982825960468,	-0.0080907925964365,	
  -0.0158407872081734,	0.0054154001206044,	-0.0030710663137504,	-0.0120471467766080,	
  0.0307732574796766,	0.0006339636748152,	0.0659483553445885,	0.0292239843385529,	
  0.0417465162651834,	0.0248262519319542,	0.0098100407065480,	0.0460037363472130,	
  0.0311604494927701,	-0.0598591333066289,	0.0192494742374272,	-0.0548781465589466,	
  0.0204192498099249,	-0.0239895392751655,	-0.0075436130671122,	0.0096522734701201,	
  -0.0254186558171276,	0.0217127796148002,	-0.0062594138296305,	0.0197466246971800,	
  0.0374310629649010,	0.0176086899193551,	0.0336212569657165,	0.0586654203404566,	
  -0.0304342693718381,	-0.0141567221277501,	0.0447783011106644,	0.0441523215284001,	
};

const PROGMEM tinytype dKinf_drho_data[4*12] = {
  -0.0000651759235070,	-0.0000944835298830,	-0.0000288667939746,	-0.0000508600174152,	0.0000996653868625,	-0.0000080693414635,	0.0000521354620102,	-0.0000773424340085,	-0.0000483233111927,	0.0001678776434467,	0.0000315691191576,	0.0000207878653663,	
  -0.0000662406152988,	-0.0000333148835461,	-0.0000119181872874,	-0.0000576933268651,	0.0000916319161024,	-0.0001475219617041,	0.0000741665308578,	-0.0000513245397399,	-0.0000243292985119,	0.0000121953542482,	0.0000360778244707,	-0.0000373128865823,	
  -0.0000574912189812,	-0.0001587132003100,	0.0000994528701294,	0.0000480670244426,	0.0000434512382113,	0.0001540628134555,	0.0000976658594986,	0.0000133207528795,	-0.0001124107398479,	0.0000415045217687,	0.0000412840793485,	-0.0000354925298068,	
  -0.0000238881656712,	0.0000707170772659,	-0.0000544499014858,	-0.0000532980787142,	0.0000161838914910,	0.0000652196431126,	-0.0000178676604853,	-0.0000344701414874,	-0.0000199687461066,	0.0001014360673818,	-0.0000277121134267,	-0.0001393853519522,	
};

const PROGMEM tinytype dPinf_drho_data[12*12] = {
  0.0001700860352695,	0.0002102592930785,	-0.0000248865477891,	0.0000509349567384,	-0.0001940308780791,	-0.0000326306068454,	-0.0001536325338749,	0.0000957071208673,	0.0001421236847468,	-0.0002138026819249,	-0.0000653028767648,	0.0001009861399098,	
  0.0002102592930785,	0.0005584519520813,	-0.0002190392566565,	-0.0000879435372626,	-0.0002300322719182,	-0.0001791513813709,	-0.0002929154687930,	0.0000455568987523,	0.0002784495713262,	-0.0001731836247816,	-0.0001742638023683,	-0.0000709455285995,	
  -0.0000248865477891,	-0.0002190392566565,	0.0001848973496299,	0.0001261421746034,	0.0000009808413897,	0.0001574471080638,	0.0001164657247218,	0.0000782901431197,	-0.0001013424383440,	-0.0000803887533935,	0.0000545620776299,	0.0000844452243832,	
  0.0000509349567384,	-0.0000879435372626,	0.0001261421746034,	0.0001557100015153,	-0.0000904649469785,	0.0001095671132500,	-0.0000090078302389,	0.0001173314045586,	0.0000186723437716,	-0.0001774413161145,	-0.0000067830489465,	0.0001037684189816,	
  -0.0001940308780791,	-0.0002300322719182,	0.0000009808413897,	-0.0000904649469785,	0.0002471487466954,	-0.0000283087168069,	0.0001804038264159,	-0.0001375484500940,	-0.0001562518601186,	0.0002677552584993,	0.0000872835305898,	-0.0000894580958134,	
  -0.0000326306068454,	-0.0001791513813709,	0.0001574471080638,	0.0001095671132500,	-0.0000283087168069,	0.0005391892299386,	0.0000745754664943,	0.0000623185092628,	-0.0001925322599974,	0.0001679389862715,	0.0000018919059144,	-0.0000982243680851,	
  -0.0001536325338749,	-0.0002929154687930,	0.0001164657247218,	-0.0000090078302389,	0.0001804038264159,	0.0000745754664943,	0.0002289662906204,	-0.0000637347470260,	-0.0001906394729885,	0.0001539641791187,	0.0001028550196844,	-0.0000220929508652,	
  0.0000957071208673,	0.0000455568987523,	0.0000782901431197,	0.0001173314045586,	-0.0001375484500940,	0.0000623185092628,	-0.0000637347470260,	0.0001222726891422,	0.0000647447991549,	-0.0002099130039408,	-0.0000361412688098,	0.0000827722653128,	
  0.0001421236847468,	0.0002784495713262,	-0.0001013424383440,	0.0000186723437716,	-0.0001562518601186,	-0.0001925322599974,	-0.0001906394729885,	0.0000647447991549,	0.0002397727421033,	-0.0002154803641629,	-0.0001123773744743,	0.0000740365128934,	
  -0.0002138026819249,	-0.0001731836247816,	-0.0000803887533935,	-0.0001774413161145,	0.0002677552584993,	0.0001679389862715,	0.0001539641791187,	-0.0002099130039408,	-0.0002154803641629,	0.0005435649367556,	0.0000560629993660,	-0.0001916689196180,	
  -0.0000653028767648,	-0.0001742638023683,	0.0000545620776299,	-0.0000067830489465,	0.0000872835305898,	0.0000018919059144,	0.0001028550196844,	-0.0000361412688098,	-0.0001123773744743,	0.0000560629993660,	0.0000897304514624,	0.0000305002232269,	
  0.0001009861399098,	-0.0000709455285995,	0.0000844452243832,	0.0001037684189816,	-0.0000894580958134,	-0.0000982243680851,	-0.0000220929508652,	0.0000827722653128,	0.0000740365128934,	-0.0001916689196180,	0.0000305002232269,	0.0003361891655297,	
};

const PROGMEM tinytype dC1_drho_data[4*4] = {
  -0.0000881275341709,	-0.0000033825133985,	0.0000064656688318,	0.0000043287957528,	
  -0.0000033825133985,	-0.0000995777148791,	0.0000044945715921,	0.0000057787559665,	
  0.0000064656688318,	0.0000044945715921,	-0.0000824268180122,	-0.0000037427127400,	
  0.0000043287957528,	0.0000057787559665,	-0.0000037427127400,	-0.0000688521667143,	
};

const PROGMEM tinytype dC2_drho_data[12*12] = {
  0.0000180234902863,	-0.0000708296669610,	0.0001273532185902,	0.0001007119635884,	-0.0000537863357954,	0.0000713791550636,	0.0000460641228552,	0.0000913779208901,	-0.0000351490560466,	-0.0001729233503012,	0.0000206338670705,	0.0000121252743773,	
  0.0000145955436890,	0.0001422373741600,	-0.0001036172184562,	-0.0000769972637277,	0.0000008620917496,	-0.0001365089888506,	-0.0000608891043435,	-0.0000404256357026,	0.0000714640378087,	0.0000145714180325,	-0.0000326680336735,	-0.0000414649408493,	
  0.0001171662647932,	0.0002915012434842,	-0.0001160629936123,	-0.0000206023309300,	-0.0001521749746199,	0.0000482582433490,	-0.0001927879737320,	0.0000391200016549,	0.0001271251407580,	-0.0000431454735920,	-0.0001106178166148,	-0.0000887782601595,	
  0.0000076434014123,	0.0000525006031887,	-0.0000365116386942,	-0.0000199879734278,	-0.0000127033846135,	0.0000447150127341,	-0.0000344410193334,	-0.0000108033684883,	0.0000075716839971,	0.0000505193779659,	-0.0000239491888287,	-0.0000469087900866,	
  -0.0000573481658278,	-0.0000418337624171,	-0.0000296577902269,	-0.0000475982058210,	0.0000692528347550,	0.0000700192395724,	0.0000324498871895,	-0.0000593933602437,	-0.0000578465489167,	0.0001637745499636,	0.0000077180438227,	-0.0000692665977696,	
  0.0000771020249613,	0.0001291992611991,	-0.0000455523234774,	0.0000022470110264,	-0.0000765845188717,	-0.0001322436910402,	-0.0000884114245055,	0.0000308861738134,	0.0001100524176567,	-0.0001265365155440,	-0.0000336606196724,	0.0000706990774593,	
  0.0000843526779453,	0.0000365652944907,	0.0000447600890662,	0.0000789282658958,	-0.0001042422153928,	-0.0000188992116300,	-0.0000551750572129,	0.0000833480400254,	0.0000668108018309,	-0.0001790371797561,	-0.0000155019610383,	0.0001075274802727,	
  -0.0000310371130161,	0.0001206901643804,	-0.0000749848667195,	-0.0000867602603126,	0.0000345332882304,	-0.0001015713478170,	-0.0000060452117004,	-0.0000440580411631,	0.0000150609898210,	0.0000194096273333,	-0.0000205688850060,	-0.0001519271950043,	
  0.0000021900124543,	-0.0000433494352339,	0.0000912126832636,	0.0000519914753327,	-0.0000099264021073,	-0.0001412908711980,	0.0000643364830402,	0.0000589068214437,	0.0000063648618412,	-0.0002245206195083,	0.0000385047692738,	0.0000441915616319,	
  -0.0000023396999226,	-0.0001501012410767,	0.0000524184875874,	0.0000529039870776,	0.0000156640552032,	0.0000831008175451,	0.0000291610936073,	0.0000029618972864,	-0.0000345563059993,	0.0000595272308129,	0.0000329536840807,	0.0001458760392911,	
  0.0001095342591152,	0.0000819759651115,	0.0000217683557981,	0.0000719701012791,	-0.0001226253746249,	-0.0001028200746538,	-0.0000838792904237,	0.0000871623195246,	0.0001137588923866,	-0.0002279935069477,	-0.0000232311703380,	0.0001478991486564,	
  0.0000181590085397,	0.0000126873113290,	-0.0000490786315451,	-0.0000303840466768,	0.0000202576196372,	-0.0002010376456287,	-0.0000206163910359,	-0.0000304314055661,	0.0000731329614633,	-0.0000276459205396,	0.0000127273409633,	0.0001398581181936,	
};

