#pragma once

typedef float tinytype;

const PROGMEM tinytype Adyn_data[12*12] = {
  0.0112006508857417,	-0.1118806390443733,	0.0383194621465232,	0.1068888073748855,	0.0406535803640494,	-0.0240158883503711,	-0.0097255442759806,	0.1314070796151498,	0.0447600806068018,	-0.1152342529548533,	-0.0762474984279494,	0.0460206948435782,	
  0.1190474041361642,	0.1163662167546243,	-0.0644316243480078,	-0.0100153619559295,	-0.0283507414617307,	0.1099942066344328,	0.0194054655727387,	-0.0052940143466667,	0.0160244947170114,	0.0604435070098442,	-0.0568425520477025,	-0.0388709314809977,	
  0.1384184767767434,	0.0915049548551311,	-0.0155247734046165,	0.0264183633137087,	-0.0223444805736415,	-0.0746915781131380,	-0.1268211473137750,	-0.0488710411447514,	-0.0683383706756208,	0.1056063627407371,	0.0594986513090681,	0.0167108274333463,	
  -0.0817480709542531,	0.0942883972870634,	-0.0106595725281120,	0.1431093384582202,	-0.0129074251769921,	-0.0327786798443725,	-0.0703449274472088,	0.0183453273378708,	-0.0660002287841033,	0.1219321071806372,	-0.0701173425977658,	0.0737492820540568,	
  0.1077983627064343,	-0.1244280268839914,	0.1190969591992265,	0.0910780567708643,	-0.0617269116413561,	-0.0212628217779573,	-0.0898459877395252,	0.0652721607900344,	0.1383233858326475,	0.1209025362148348,	-0.1200317278211208,	-0.0444095654379713,	
  0.0358718995182125,	-0.0391687369023999,	0.1160599403440985,	0.0572152644299398,	0.0652961937388661,	-0.1282799124101596,	0.0941079431929991,	0.0417826816870320,	-0.1104474730300091,	-0.0859935882775217,	-0.0153793598239422,	0.1160005196864196,	
  0.0037166662770382,	0.0498681330126719,	-0.1433490410511893,	-0.0512399414001638,	0.0971422003910855,	-0.0767724578815774,	-0.1007896842313312,	0.0739000828546456,	0.0956640470735588,	0.0650339611832857,	0.0498959741192984,	0.1141187915868029,	
  -0.0516687988876978,	-0.0531864801994867,	-0.0633238203777198,	0.1261620259963839,	0.0663441616668829,	-0.0682672465033798,	-0.1224289422465731,	0.0205675476981701,	0.1043050722767305,	0.0079612207920112,	-0.0604162639134379,	-0.0897918572063531,	
  -0.1228206109482874,	0.0316115267041962,	-0.0679380210475588,	-0.1160931908068901,	-0.0944278691331044,	0.1411753561007391,	0.0304783561237922,	-0.0926742028630127,	-0.0985981553140945,	0.1124623267340561,	0.0727508506475045,	0.0836748318828027,	
  0.0106024394600034,	0.0130580453651902,	-0.0369232620848283,	0.1382183335192580,	0.0227932807154653,	0.0764183366941776,	0.1297389680971473,	0.1425313330634629,	-0.1319831730617345,	0.1030158570216179,	-0.1403741121523807,	0.0853078336556511,	
  -0.1261930437835941,	0.1117095388846480,	0.0628694181390889,	0.0599239162795044,	0.0431926286447882,	0.1380487567913009,	-0.1061779890867899,	-0.0570220293075841,	-0.0511798364327301,	-0.0805681957332011,	-0.0096827266202585,	0.0691200213926420,	
  -0.0743395654423861,	-0.0490973651909527,	-0.0128617022536312,	-0.0504763129226871,	0.0663921201557124,	-0.1124860522368449,	-0.1010606105300968,	-0.0508941119883648,	-0.0251579610736307,	-0.0234378920237764,	-0.0419505978032556,	-0.0685767429126294,	
};

const PROGMEM tinytype Bdyn_data[12*4] = {
  -0.1608026872275814,	0.8210571140367442,	-0.6349666821255449,	0.6999094636832481,	
  0.6723974283472325,	0.6558017578654796,	-0.0750408712040049,	0.6845712302190412,	
  -0.1070883617767677,	0.1907076913964274,	0.4615776198178019,	0.9571428664675190,	
  -0.8542961364796631,	0.9100442590791420,	-0.3452896373685554,	-0.9219375362519642,	
  -0.2525328597704843,	0.2257258298586704,	-0.9068504962668822,	-0.4656967420608333,	
  -0.2639229317773686,	-0.6790983067706982,	0.7402965048042429,	0.1046613664403957,	
  0.9406512949943209,	0.2527986699403710,	0.6874103255279604,	-0.8306891250872708,	
  -0.3830769349813938,	-0.1956779379547249,	-0.5625538660438174,	-0.3668651191386429,	
  0.5568212681294866,	-0.1837787262609607,	-0.1581407675069961,	-0.2402482921927334,	
  0.9161482221330695,	0.9582645945972375,	0.2025847187112986,	-0.1552151845195850,	
  0.2481936212506062,	0.2874392190381387,	-0.5212622090370018,	-0.2597397346954746,	
  -0.1825336661617789,	0.8605854065564977,	0.4355635212032156,	-0.7264827557256475,	
};

const PROGMEM tinytype Q_data[12] = {
  3.2231780739945819,9.4588333480956646,2.5610987921098567,3.5144989853491748,6.1680493933651253,7.4551721944784708,4.7715691173396069,4.4326468541375990,9.0179805813677838,3.1842082703544214,
  6.1231605982803945,3.5878808288339759,
};

const PROGMEM tinytype Qf_data[12] = {
  29.0086026659512370,85.1295001328609828,23.0498891289887098,31.6304908681425729,55.5124445402861255,67.0965497503062380,42.9441220560564645,39.8938216872383933,81.1618252323100506,28.6578744331897930,
  55.1084453845235487,32.2909274595057809,
};

const PROGMEM tinytype R_data[4] = {
  0.1000000000000000,0.1000000000000000,0.1000000000000000,0.1000000000000000,
};

const PROGMEM tinytype umin[4] = {
  -3.0,	
  -3.0,	
  -3.0,	
  -3.0,	
};

const PROGMEM tinytype umax[4] = {
  3.0,	
  3.0,	
  3.0,	
  3.0,	
};

const PROGMEM tinytype xmin[12] = {
  -10000.0,	
  -10000.0,	
  -10000.0,	
  -10000.0,	
  -10000.0,	
  -10000.0,	
  -10000.0,	
  -10000.0,	
  -10000.0,	
  -10000.0,	
  -10000.0,	
  -10000.0,	
};

const PROGMEM tinytype xmax[12] = {
  10000.0,	
  10000.0,	
  10000.0,	
  10000.0,	
  10000.0,	
  10000.0,	
  10000.0,	
  10000.0,	
  10000.0,	
  10000.0,	
  10000.0,	
  10000.0,	
};

const PROGMEM tinytype rho_value = 85.0;

const PROGMEM tinytype Kinf_data[4*12] = {
  0.0000177086460007,	0.0137112730859785,	-0.0154137419209615,	-0.0132634548355776,	-0.0018393810678868,	0.0215412012433026,	0.0071236186241182,	-0.0009705081451159,	-0.0044677649517078,	0.0083216464232994,	0.0039130155550847,	0.0089434570795976,	
  0.0041009959356098,	0.0081182341103543,	-0.0078403674748388,	0.0104036810231898,	0.0013438725981522,	0.0064797462475964,	-0.0095457924175508,	0.0072497121181439,	0.0031698796434346,	0.0102768078799244,	-0.0145733220843333,	-0.0029439126043866,	
  0.0044283767212450,	0.0052586062439909,	-0.0046291571777731,	-0.0095523707561635,	0.0107378946554966,	-0.0166249802469452,	0.0113001449041404,	0.0011212369474113,	-0.0129905816721629,	-0.0075870779374422,	0.0092919470707303,	0.0099499591301151,	
  0.0179853462834131,	0.0049027550758565,	0.0026660933869885,	-0.0018478930363038,	-0.0045483574107553,	0.0075421735599173,	0.0129924931774184,	-0.0003222298995967,	-0.0041782181626249,	-0.0082713426366380,	0.0009781863969497,	-0.0051718211068677,	
};

const PROGMEM tinytype Pinf_data[12*12] = {
  3.7614636989122978,	-0.0635271434088398,	0.0827108882582012,	0.1121697438200462,	-0.0060330785428711,	-0.1867275957032932,	0.0386444444757676,	0.1929825829498104,	0.2204529903272094,	0.0798519888766287,	-0.1614754455743652,	-0.1514493430323074,	
  -0.0635271434088397,	9.8870349336328456,	-0.1743362578129489,	-0.0932981190852369,	-0.0249329587333123,	0.2780595853707123,	-0.0281825626600866,	-0.1705987983104430,	-0.1764255941566082,	0.0822042176627284,	0.1011905580397008,	0.0955969385595683,	
  0.0827108882582011,	-0.1743362578129488,	2.9582721558277898,	0.1808745987391627,	0.0159927844053814,	-0.1138062409314086,	0.0613351438235809,	0.0616625516065111,	-0.0496378039130602,	-0.1897726977920545,	-0.1206934245593226,	0.0249494726755683,	
  0.1121697438200461,	-0.0932981190852368,	0.1808745987391627,	3.9869956203634631,	0.1354026316598984,	-0.1759010090508161,	-0.0689266829785248,	0.2597281900940847,	0.0492091800310821,	-0.0454645116841484,	-0.2950574073823984,	0.0174689058216616,	
  -0.0060330785428712,	-0.0249329587333123,	0.0159927844053814,	0.1354026316598984,	6.4267593903176277,	-0.2431121437993371,	-0.0751388945419455,	0.1299132588453563,	0.0444533458432404,	-0.2240873408009003,	-0.0467076628004012,	0.0465960596158604,	
  -0.1867275957032932,	0.2780595853707123,	-0.1138062409314087,	-0.1759010090508160,	-0.2431121437993372,	8.1021923561037692,	0.1177338038156324,	-0.2120401093192410,	-0.1691785460092680,	0.1437328589769050,	0.0586826626793148,	0.0450058792392705,	
  0.0386444444757676,	-0.0281825626600866,	0.0613351438235809,	-0.0689266829785248,	-0.0751388945419455,	0.1177338038156325,	5.2695666600753697,	0.0605732416737930,	-0.2803600956287688,	-0.0761326235882782,	-0.0003470243330370,	0.1207336195528581,	
  0.1929825829498104,	-0.1705987983104430,	0.0616625516065111,	0.2597281900940847,	0.1299132588453563,	-0.2120401093192411,	0.0605732416737930,	4.7579806247174803,	0.1284030303170229,	-0.0329415170592603,	-0.2017345253329819,	0.0468315054251989,	
  0.2204529903272094,	-0.1764255941566082,	-0.0496378039130602,	0.0492091800310821,	0.0444533458432404,	-0.1691785460092681,	-0.2803600956287688,	0.1284030303170230,	9.5430629132077449,	0.0347275831777794,	-0.0847149627209241,	-0.2730894530832361,	
  0.0798519888766287,	0.0822042176627283,	-0.1897726977920545,	-0.0454645116841483,	-0.2240873408009003,	0.1437328589769050,	-0.0761326235882782,	-0.0329415170592603,	0.0347275831777794,	3.6980605603182051,	-0.0347628931160888,	-0.0073322128471264,	
  -0.1614754455743652,	0.1011905580397009,	-0.1206934245593227,	-0.2950574073823984,	-0.0467076628004012,	0.0586826626793148,	-0.0003470243330370,	-0.2017345253329818,	-0.0847149627209241,	-0.0347628931160888,	6.4257214230371753,	0.0731971157946614,	
  -0.1514493430323074,	0.0955969385595682,	0.0249494726755683,	0.0174689058216616,	0.0465960596158604,	0.0450058792392705,	0.1207336195528581,	0.0468315054251989,	-0.2730894530832361,	-0.0073322128471264,	0.0731971157946614,	3.9742776360715206,	
};

const PROGMEM tinytype Quu_inv_data[4*4] = {
  0.0095135058702507,	-0.0004624760212001,	-0.0004325804439026,	-0.0002574073710675,	
  -0.0004624760212001,	0.0094245711607744,	0.0005489212319060,	0.0001245810986714,	
  -0.0004325804439026,	0.0005489212319060,	0.0095219490529237,	-0.0001459735110886,	
  -0.0002574073710675,	0.0001245810986714,	-0.0001459735110886,	0.0094336719499915,	
};

const PROGMEM tinytype AmBKt_data[12*12] = {
  -0.0019398958014527,	-0.1164338082729204,	0.0374728959504541,	0.0914419125376531,	0.0492560505268415,	-0.0417073942572130,	-0.0026607598992851,	0.1262360714487022,	0.0361147876548839,	-0.1213623067834457,	-0.0584373103535213,	0.0598136462353236,	
  0.1043661151605919,	0.0988611651120381,	-0.0510982439642046,	-0.0073716051511975,	-0.0240758047761466,	0.0848498213013117,	0.0128293958572642,	-0.0090910932006580,	0.0188352591201990,	0.0532014869483106,	-0.0498888058649529,	-0.0386667324217246,	
  0.1183796962165608,	0.0843051709418272,	-0.0160953043097693,	0.0291917978688494,	-0.0234006877266985,	-0.0731657224176347,	-0.1418894007817385,	-0.0505666649651192,	-0.0594260232567196,	0.1159565298942922,	0.0574717154008522,	0.0185874876035983,	
  -0.0673545919007226,	0.1049497087431775,	-0.0158328197249536,	0.1173086334598166,	-0.0161874025332507,	-0.0190599912109151,	-0.0396920639049944,	0.0110087427452178,	-0.0810393232860873,	0.1094435069148030,	-0.0494018606372140,	0.0827362554194494,	
  0.1192687268069780,	-0.1157460082640581,	0.1140178938472064,	0.0758570891308192,	-0.0548752526907979,	-0.0288496126565654,	-0.0695942042831733,	0.0642573611763692,	0.1227533066373938,	0.1099520016859792,	-0.1068720425608199,	-0.0348719063947790,	
  0.0335008699053092,	-0.0344429953409685,	0.1098154320119905,	0.0680448464048654,	0.0582501719199430,	-0.1066762701404329,	0.0797802281718641,	0.0456534867844395,	-0.0994197785265700,	-0.0703359748245924,	-0.0312245179022744,	0.1095370669312330,	
  0.0145594019833406,	0.0353761725374385,	-0.1214712250575141,	-0.0363623185166492,	0.0873730766704545,	-0.0809799033205741,	-0.1020524751852862,	0.0719418522888471,	0.1045243741895061,	0.0529527516721039,	0.0443244958511823,	0.0953144540989688,	
  -0.0417701440337754,	-0.0415885493228984,	-0.0723887099285082,	0.1170652226227805,	0.0702745138922533,	-0.0653328522802762,	-0.1104445164743585,	0.0221269183996202,	0.0943731056391531,	0.0058573890450375,	-0.0561828723059033,	-0.0832418566190190,	
  -0.1170555400669699,	0.0274782355225368,	-0.0608877485584054,	-0.1087504142077163,	-0.0925513236379516,	0.1295545038004391,	0.0296658980814724,	-0.0907015623397388,	-0.0985860026586866,	0.1065303134111546,	0.0695981770465754,	0.0784848692466701,	
  0.0085508538973789,	-0.0075872606473132,	-0.0139372285860143,	0.1420484881922698,	0.0203093333770696,	0.0550127188691590,	0.1320874680097213,	0.1361961594864130,	-0.1289444511448804,	0.0857972823851096,	-0.1317244929187791,	0.0771168937318586,	
  -0.1203963715213585,	0.1099875425027123,	0.0672281253599586,	0.0547661340881194,	0.0476787391441481,	0.1241328630784242,	-0.0959371854458112,	-0.0583642444266558,	-0.0588388619757901,	-0.0916907862728002,	-0.0013673530706026,	0.0715897185672802,	
  -0.0667283857001080,	-0.0523097200833016,	-0.0049747603734940,	-0.0590323942057292,	0.0569185156074335,	-0.1014099388909837,	-0.0870284493150127,	-0.0580327232270970,	-0.0260786107006967,	-0.0334673156912175,	-0.0320313500531050,	-0.0725018507625954,	
};

const PROGMEM tinytype coeff_d2p_data[12*4] = {
  -0.0062559856749866,	0.0285621521182674,	-0.0231676029584403,	0.0247966365377688,	
  0.0593724218949756,	0.0575201398994824,	-0.0043038385315430,	0.0623656134558398,	
  -0.0088540070177020,	0.0068196198654809,	0.0118546186611997,	0.0242920401223340,	
  -0.0357242806793191,	0.0348100345565893,	-0.0116565578968391,	-0.0318112437870613,	
  -0.0163588345050090,	0.0111009612019805,	-0.0566506398749790,	-0.0279428106789399,	
  -0.0145076001168281,	-0.0466160432449695,	0.0600652612849477,	0.0084074879489290,	
  0.0435550949858102,	0.0113650319726145,	0.0359867480579931,	-0.0415259763237383,	
  -0.0182445344062722,	-0.0058111365525132,	-0.0274594631427084,	-0.0184009059436669,	
  0.0489638462953198,	-0.0211481319955528,	-0.0235479452801800,	-0.0199454749190830,	
  0.0310669450352869,	0.0309083767116320,	0.0090522126327866,	-0.0043804978316339,	
  0.0193677962725541,	0.0116480647554728,	-0.0280749716806552,	-0.0138504411598347,	
  -0.0085095638586820,	0.0334549999420910,	0.0205131857976404,	-0.0280234326374065,	
};

const PROGMEM tinytype dKinf_drho_data[4*12] = {
  0.0000085551268482,	-0.0001235569514588,	0.0001420555555178,	0.0001260710064714,	0.0000228750033942,	-0.0002074874473683,	-0.0000637480552256,	0.0000135926679478,	0.0000378813995740,	-0.0000814732148329,	-0.0000401393866412,	-0.0000833511666419,	
  -0.0000429692676046,	-0.0000740631821887,	0.0000687692062485,	-0.0000984418023543,	-0.0000184467506137,	-0.0000432539204073,	0.0000847976303039,	-0.0000688217377425,	-0.0000231105996719,	-0.0000879944873370,	0.0001333910787923,	0.0000264843509367,	
  -0.0000417052186029,	-0.0000478176574520,	0.0000424087146572,	0.0000793147976764,	-0.0001036176167845,	0.0001648058355948,	-0.0000961310840399,	-0.0000145840529341,	0.0001184236935717,	0.0000680587861609,	-0.0000788099838702,	-0.0000889798188978,	
  -0.0001694478152647,	-0.0000427956209242,	-0.0000287844034955,	0.0000115188875912,	0.0000437954090480,	-0.0000689392041372,	-0.0001175782480439,	0.0000022401250058,	0.0000355206474491,	0.0000775779663983,	-0.0000047102520638,	0.0000536794794550,	
};

const PROGMEM tinytype dPinf_drho_data[12*12] = {
  0.0003657310282737,	0.0001401139386990,	-0.0000056556378652,	-0.0000300238142661,	-0.0000200838412552,	0.0000818518294880,	0.0002417725916032,	0.0000383086479781,	-0.0001090643466512,	-0.0001484513678304,	-0.0000056736183206,	-0.0000603301598420,	
  0.0001401139386990,	0.0003155697139587,	-0.0002876061492558,	-0.0001612493400660,	0.0000117456141988,	0.0003020457075996,	0.0001390957823248,	0.0000384831516324,	-0.0001341712035544,	0.0001252840560344,	0.0000007998323043,	0.0001286771465142,	
  -0.0000056556378652,	-0.0002876061492558,	0.0003316003252073,	0.0001612765498180,	-0.0000420928973414,	-0.0002830141627370,	-0.0000428944208494,	-0.0000470295031353,	0.0000868870248148,	-0.0002009392453669,	0.0000104942073050,	-0.0001722717011280,	
  -0.0000300238142661,	-0.0001612493400660,	0.0001612765498180,	0.0003947266336644,	-0.0000574560054034,	-0.0000765365985880,	-0.0003036565454463,	0.0000921573588234,	0.0002116448317304,	0.0000911393794871,	-0.0003073753562384,	-0.0002274093257654,	
  -0.0000200838412552,	0.0000117456141988,	-0.0000420928973414,	-0.0000574560054034,	0.0001666490341624,	-0.0002575502797807,	0.0000299257267252,	0.0000407487686885,	-0.0000880719662831,	-0.0000741214032891,	0.0000624433147537,	0.0001137953315404,	
  0.0000818518294880,	0.0003020457075996,	-0.0002830141627370,	-0.0000765365985880,	-0.0002575502797807,	0.0008534456499660,	0.0000102311682485,	-0.0000069312097218,	0.0000944932794079,	0.0003213430384581,	-0.0001556240339634,	-0.0000354347997239,	
  0.0002417725916032,	0.0001390957823248,	-0.0000428944208494,	-0.0003036565454463,	0.0000299257267252,	0.0000102311682485,	0.0005104040851477,	-0.0000506356386010,	-0.0003182749840963,	-0.0002241049350332,	0.0002598460369437,	0.0001595673804916,	
  0.0000383086479781,	0.0000384831516324,	-0.0000470295031353,	0.0000921573588234,	0.0000407487686885,	-0.0000069312097218,	-0.0000506356386010,	0.0000796522608163,	0.0000175683167539,	0.0000466767215165,	-0.0001170116312377,	-0.0000083365971148,	
  -0.0001090643466512,	-0.0001341712035544,	0.0000868870248148,	0.0002116448317304,	-0.0000880719662831,	0.0000944932794079,	-0.0003182749840963,	0.0000175683167539,	0.0002779291565031,	0.0001066105738293,	-0.0001844367554727,	-0.0001791843639358,	
  -0.0001484513678304,	0.0001252840560344,	-0.0002009392453669,	0.0000911393794871,	-0.0000741214032891,	0.0003213430384581,	-0.0002241049350332,	0.0000466767215165,	0.0001066105738293,	0.0003391456480354,	-0.0001929210441939,	0.0000058388105364,	
  -0.0000056736183206,	0.0000007998323043,	0.0000104942073050,	-0.0003073753562384,	0.0000624433147537,	-0.0001556240339634,	0.0002598460369437,	-0.0001170116312377,	-0.0001844367554727,	-0.0001929210441939,	0.0003386060537859,	0.0001664599982375,	
  -0.0000603301598420,	0.0001286771465142,	-0.0001722717011280,	-0.0002274093257654,	0.0001137953315404,	-0.0000354347997239,	0.0001595673804916,	-0.0000083365971148,	-0.0001791843639358,	0.0000058388105364,	0.0001664599982375,	0.0002369171215712,	
};

const PROGMEM tinytype dC1_drho_data[4*4] = {
  -0.0000910653003699,	0.0000090220594803,	0.0000083937845844,	0.0000048836430203,	
  0.0000090220594803,	-0.0000894062351458,	-0.0000105522607917,	-0.0000023695451281,	
  0.0000083937845844,	-0.0000105522607917,	-0.0000912736664222,	0.0000025778163983,	
  0.0000048836430203,	-0.0000023695451281,	0.0000025778163983,	-0.0000891491522782,	
};

const PROGMEM tinytype dC2_drho_data[12*12] = {
  0.0001287726154590,	0.0000405322535938,	0.0000134540662980,	0.0001433989742516,	-0.0000776223577596,	0.0001550468159745,	-0.0000586204631530,	0.0000478640425115,	0.0000754004156042,	0.0000480648967245,	-0.0001627211794077,	-0.0001292182523846,	
  0.0001352963793533,	0.0001573585136777,	-0.0001177293951508,	-0.0000221451610412,	-0.0000410403152619,	0.0002274409923315,	0.0000605305189940,	0.0000333658164495,	-0.0000257451799512,	0.0000644888663223,	-0.0000631779504018,	-0.0000047479242181,	
  0.0001905466875007,	0.0000639259907704,	0.0000100735530591,	-0.0000153608102009,	0.0000118766934347,	-0.0000240566533892,	0.0001339129032169,	0.0000191680040368,	-0.0000801960347946,	-0.0000976112172265,	0.0000111481430873,	-0.0000242845471305,	
  -0.0001242081340223,	-0.0000941192834250,	0.0000468803585606,	0.0002352946434103,	0.0000409279287086,	-0.0001445446355102,	-0.0002732221813953,	0.0000712725240244,	0.0001270318942603,	0.0001054986581752,	-0.0001872375373300,	-0.0000765431935230,	
  -0.0001048719694680,	-0.0000777774646644,	0.0000454042705349,	0.0001313489013851,	-0.0000636297097773,	0.0000747156196580,	-0.0001771718224808,	0.0000067851024491,	0.0001387173925342,	0.0000971349149534,	-0.0001139087480780,	-0.0000827201447982,	
  0.0000216864047358,	-0.0000430274016457,	0.0000558103619769,	-0.0000935006816685,	0.0000656341530400,	-0.0001989242722820,	0.0001242327591490,	-0.0000325872399256,	-0.0000970828850062,	-0.0001397626545608,	0.0001388276881642,	0.0000562404748684,	
  -0.0001092746769639,	0.0001322675749161,	-0.0002040725854350,	-0.0001386560950317,	0.0000907541021633,	0.0000355515893467,	0.0000069384903227,	0.0000164981591129,	-0.0000816899129033,	0.0001165416350843,	0.0000542981202250,	0.0001774657802475,	
  -0.0000907567908031,	-0.0001044245776632,	0.0000811720160450,	0.0000778767299917,	-0.0000370702188883,	-0.0000205267227174,	-0.0001050416551159,	-0.0000156423497858,	0.0000896402491612,	0.0000183182939036,	-0.0000353376702605,	-0.0000571103187602,	
  -0.0000599653573614,	0.0000373444052218,	-0.0000666700945347,	-0.0000729802306943,	-0.0000219918059457,	0.0001170842684378,	0.0000076300567358,	-0.0000219848050227,	0.0000019209831595,	0.0000585953466191,	0.0000332702053760,	0.0000501040290023,	
  0.0000154861296159,	0.0001872132031518,	-0.0002091021742078,	-0.0000354464943308,	0.0000245090325539,	0.0001874504013885,	-0.0000216311402126,	0.0000567987437203,	-0.0000310363942491,	0.0001572171509743,	-0.0000758157245621,	0.0000773408292091,	
  -0.0000555239601487,	0.0000159134494817,	-0.0000403946427233,	0.0000413417346116,	-0.0000430116502316,	0.0001319307373602,	-0.0000892015481334,	0.0000093881868947,	0.0000681968906410,	0.0001011407525732,	-0.0000706835936972,	-0.0000193645364718,	
  -0.0000663953206189,	0.0000309217370587,	-0.0000726349158297,	0.0000815514221498,	0.0000969991260882,	-0.0001225163048375,	-0.0001281591455719,	0.0000696877963052,	0.0000010273724360,	0.0000875702973257,	-0.0000912163679936,	0.0000397471394513,	
};

