#pragma once

typedef float tinytype;

const PROGMEM tinytype Adyn_data[12*12] = {
  0.0133041765092630,	0.1216963155602312,	0.0844354993147836,	-0.0673448891246380,	0.1142867989374435,	-0.0182254111591839,	-0.1015383445680396,	0.0888666771388168,	-0.1004475087591263,	0.0091420338576369,	-0.0384675412483822,	-0.1287735430426088,	
  -0.0309514064896410,	0.1286629940664261,	0.1190567993748779,	-0.0760349624493616,	-0.0405032456102732,	0.0826989960783125,	-0.0388599744502543,	0.1189282735679572,	-0.0740857675561348,	-0.0638714476006473,	0.0503505636709088,	-0.1108702206730555,	
  -0.0776620168049794,	0.0619357171060681,	-0.0130797780820023,	0.0625698340153928,	0.1244354485959092,	-0.0695940429111382,	-0.1245391964940587,	-0.0662984001679242,	0.0147009212127065,	-0.1089511514625259,	-0.0845240215876457,	-0.1008062728331632,	
  -0.0759449886737338,	0.0397669485265818,	0.0801025002502030,	0.0336731064453966,	0.0613261912403143,	-0.0744504648957284,	-0.1169257691012783,	-0.0475738059227406,	0.0252994008604053,	0.1178606023526124,	-0.0640310344710810,	0.0096227978584037,	
  -0.0434127143976692,	0.0845648109896183,	0.0407012553649738,	-0.1381149594590362,	0.0754536725444939,	-0.1088910475548852,	-0.0894686810031933,	0.0759006875544177,	-0.0803066315551711,	0.0961795647559816,	0.1170875809665209,	0.0499409304975881,	
  -0.0465239365897165,	-0.0779313346991488,	-0.0344742755466754,	-0.0553537258669724,	-0.1242201494820039,	0.0261152130224556,	0.0312962395119766,	0.0769497286248231,	0.1183512851480691,	-0.0296072990457276,	0.0768579396348641,	-0.0113458948445588,	
  0.1303162311854426,	0.0863104610128523,	0.0712868519892630,	0.0476315656949289,	-0.0124390360647393,	0.1195462589368561,	-0.0804998823258832,	-0.0575495962057813,	0.0430889540746739,	0.1140524527191256,	0.0275758222903283,	0.0006770451767236,	
  -0.1167536662699352,	-0.1102321596065746,	0.0913829733640553,	-0.1010004462311370,	-0.0570023416024334,	-0.1111475027965603,	-0.0434251947097565,	0.0745092519236167,	0.1336271191164770,	0.1190868158239041,	-0.1370407133903032,	0.1374202874142344,	
  0.0180335147297913,	0.0249303093812039,	0.0113932988349475,	0.0524479994144830,	0.0391664850489972,	0.1114410694258761,	0.0745269245864264,	0.1123158135112563,	0.1195401965643440,	-0.0328589773265034,	0.0406424172098177,	-0.1065441475541923,	
  -0.1090708381835104,	-0.1250099607774731,	0.0028380747541841,	0.1127698447740181,	0.0248609588833255,	0.0650148444517401,	-0.0078529417870847,	-0.0247137390331130,	0.0796657937165568,	-0.0281673162265531,	-0.0360034134878246,	0.1292152175001710,	
  0.1087735455857222,	0.0250516240925187,	0.1233955699411336,	-0.1034657630495776,	0.1068920036391538,	-0.0907901800930107,	-0.0380427519048645,	-0.1333327793346694,	0.1146014932876596,	-0.0432865696736320,	-0.1238663312568618,	0.0882859302126890,	
  0.0514479297760936,	0.0709230195269064,	0.0494605195742636,	0.0108557450721164,	0.1390349682912884,	-0.0999163468208199,	0.0641629540441724,	-0.0432494826133478,	0.0910068408981868,	0.0115448615360145,	0.0691762400649224,	-0.0645802663009680,	
};

const PROGMEM tinytype Bdyn_data[12*4] = {
  -0.6201700537254524,	-0.7579759628796527,	0.6540921803711846,	-0.1684205529437581,	
  -0.6035856284020169,	-0.8115851568623176,	-0.0778061992993573,	-0.5304947603314696,	
  0.6463357198615913,	-0.4155928780745497,	0.2232436765024335,	0.2950233608031319,	
  -0.1832177971472888,	-0.9684939982884508,	0.3059362104673922,	0.3772512943832105,	
  0.4737025042046494,	-0.0289902481963313,	-0.0391888380553782,	-0.2510154500465682,	
  0.2578439681127274,	-0.1456438862871545,	-0.3548594865447279,	0.1486593179240554,	
  0.5894668587839182,	0.1777844231437298,	-0.7010015294011811,	0.6979294381258647,	
  -0.2464902609001280,	-0.5985906987298324,	0.3877216257657838,	-0.2970609302697516,	
  -0.3890457878945786,	0.5249621956372450,	0.6509070641730974,	-0.1386756104464602,	
  0.9620868611203510,	0.3589487885827889,	0.8038346345909497,	0.1028286462289574,	
  0.4558665739807837,	0.5277140548854189,	0.1148684675270784,	-0.8586632584367342,	
  -0.7735831023866639,	-0.2620765672910181,	0.8246495989989362,	0.6552502016907926,	
};

const PROGMEM tinytype Q_data[12] = {
  8.0354151019192717,2.5113780775276195,7.6509554739664321,2.7484114385355096,9.4774117490569800,6.8685681443657352,5.9857720698246899,6.3769210458703052,5.0540690581463492,5.1669815095553133,
  4.2868858128440284,4.1451435276148878,
};

const PROGMEM tinytype Qf_data[12] = {
  72.3187359172734432,22.6024026977485768,68.8585992656978902,24.7357029468195861,85.2967057415128238,61.8171132992916199,53.8719486284222100,57.3922894128327457,45.4866215233171403,46.5028335859978199,
  38.5819723155962535,37.3062917485339938,
};

const PROGMEM tinytype R_data[4] = {
  0.1000000000000000,0.1000000000000000,0.1000000000000000,0.1000000000000000,
};

const PROGMEM tinytype umin[4] = {
  -3.0,	
  -3.0,	
  -3.0,	
  -3.0,	
};

const PROGMEM tinytype umax[4] = {
  3.0,	
  3.0,	
  3.0,	
  3.0,	
};

const PROGMEM tinytype xmin[12] = {
  -10000.0,	
  -10000.0,	
  -10000.0,	
  -10000.0,	
  -10000.0,	
  -10000.0,	
  -10000.0,	
  -10000.0,	
  -10000.0,	
  -10000.0,	
  -10000.0,	
  -10000.0,	
};

const PROGMEM tinytype xmax[12] = {
  10000.0,	
  10000.0,	
  10000.0,	
  10000.0,	
  10000.0,	
  10000.0,	
  10000.0,	
  10000.0,	
  10000.0,	
  10000.0,	
  10000.0,	
  10000.0,	
};

const PROGMEM tinytype rho_value = 85.0;

const PROGMEM tinytype Kinf_data[4*12] = {
  -0.0067484633114000,	-0.0057707956450665,	-0.0021270518116875,	0.0040327176287531,	0.0018154517837362,	-0.0011878113284042,	-0.0112484080534984,	-0.0107729980392797,	0.0052259663713997,	-0.0015074681012891,	-0.0018620030468045,	0.0145051260919030,	
  0.0120456410936124,	-0.0098056483591126,	-0.0091621322635512,	0.0104582449850099,	-0.0049994254233746,	0.0121966592424903,	0.0171728808339204,	-0.0090822269160235,	0.0091252031144591,	-0.0044704804464693,	0.0063151468513203,	0.0093390731030240,	
  -0.0098645022491486,	-0.0001843600951578,	0.0061144862791137,	0.0041517023845530,	0.0191994127114853,	-0.0075221105066585,	-0.0012815336378990,	0.0039828014730229,	0.0069423762711866,	-0.0050262771874273,	-0.0087019637506034,	-0.0038720684325327,	
  0.0037938216820395,	0.0009319842698317,	-0.0070653157969206,	0.0181041895839014,	0.0003966680438268,	0.0080903691037543,	0.0024552823390631,	-0.0077691469073696,	0.0053408110354322,	0.0021717229315528,	0.0060284301586188,	-0.0077735955340833,	
};

const PROGMEM tinytype Pinf_data[12*12] = {
  8.4546742161541673,	0.2085573916928621,	0.0608078142917006,	0.0367174224728325,	0.0677880450946479,	0.1577582217253712,	0.0771794530041476,	-0.1612443467356455,	-0.0335385263960562,	0.0257556501912058,	0.0692460883966444,	-0.1273666497024178,	
  0.2085573916928621,	3.0775750284809913,	0.1743876126917582,	-0.1227308072064787,	0.3806902193814721,	-0.0476106025648775,	-0.2700112220936762,	0.0307950846662730,	-0.3459872183503749,	0.0217029015587319,	0.1571082178623764,	-0.3781584739009887,	
  0.0608078142917006,	0.1743876126917582,	7.9524587228053374,	-0.2001281365548722,	0.1570707589804315,	-0.1020176755452224,	-0.2048341592435000,	0.0313453639312693,	0.0434834786483864,	0.1637710985564225,	-0.1038386094288590,	0.0430465488236136,	
  0.0367174224728326,	-0.1227308072064786,	-0.2001281365548722,	3.2507517733340396,	-0.0117701642467976,	0.2890682343230965,	0.1579220259405998,	-0.2174372961635957,	0.1103626494142379,	-0.1926592102707761,	-0.0754958395943825,	-0.1161351518147577,	
  0.0677880450946479,	0.3806902193814721,	0.1570707589804315,	-0.0117701642467976,	10.0335953374196425,	-0.2214439353002354,	-0.2491145040575411,	-0.1179463538742926,	-0.1546373907162745,	-0.0564077198149731,	-0.0457842686218653,	-0.2128351680682150,	
  0.1577582217253711,	-0.0476106025648774,	-0.1020176755452224,	0.2890682343230965,	-0.2214439353002354,	7.3758550003535843,	0.1781034242873637,	0.0456385974893529,	0.0429759307451001,	-0.0985361859879007,	0.0983083668693800,	-0.1521559341578466,	
  0.0771794530041476,	-0.2700112220936761,	-0.2048341592435000,	0.1579220259405999,	-0.2491145040575411,	0.1781034242873637,	6.4089607440450127,	-0.0062474369744552,	0.1771057873366302,	-0.1056100361387951,	0.1105667498421428,	0.0554488761420906,	
  -0.1612443467356455,	0.0307950846662729,	0.0313453639312693,	-0.2174372961635958,	-0.1179463538742927,	0.0456385974893529,	-0.0062474369744552,	6.8151137416221195,	-0.0878593666497488,	0.0958220696845438,	0.1959057060439932,	-0.0921735525281895,	
  -0.0335385263960562,	-0.3459872183503748,	0.0434834786483864,	0.1103626494142379,	-0.1546373907162744,	0.0429759307451001,	0.1771057873366302,	-0.0878593666497489,	5.7058514131593601,	0.0043327771751075,	-0.1795521813905328,	0.2068280568312120,	
  0.0257556501912058,	0.0217029015587318,	0.1637710985564224,	-0.1926592102707762,	-0.0564077198149731,	-0.0985361859879006,	-0.1056100361387951,	0.0958220696845438,	0.0043327771751075,	5.6074133570138427,	0.0692811021315631,	0.2420443293454108,	
  0.0692460883966445,	0.1571082178623764,	-0.1038386094288590,	-0.0754958395943825,	-0.0457842686218652,	0.0983083668693801,	0.1105667498421427,	0.1959057060439932,	-0.1795521813905328,	0.0692811021315631,	4.7760567011446637,	-0.1234808451697928,	
  -0.1273666497024179,	-0.3781584739009887,	0.0430465488236136,	-0.1161351518147576,	-0.2128351680682149,	-0.1521559341578466,	0.0554488761420906,	-0.0921735525281895,	0.2068280568312120,	0.2420443293454108,	-0.1234808451697927,	4.7350031805223702,	
};

const PROGMEM tinytype Quu_inv_data[4*4] = {
  0.0094359400330281,	-0.0006423654366525,	0.0004883255217945,	-0.0001356335562795,	
  -0.0006423654366525,	0.0097928748058735,	0.0003463918617240,	0.0000266660655089,	
  0.0004883255217945,	0.0003463918617240,	0.0096590878578650,	0.0001439353099423,	
  -0.0001356335562795,	0.0000266660655089,	0.0001439353099423,	0.0101545740396389,	
};

const PROGMEM tinytype AmBKt_data[12*12] = {
  0.0253405393911826,	0.1109625489610092,	0.0709823073985618,	-0.0565832985482556,	0.0991318647975466,	-0.0034345435410278,	-0.0942458783687848,	0.0713878733567325,	-0.0939312879810753,	0.0084720419449708,	-0.0281283722787593,	-0.1114756488618605,	
  -0.0240035353457660,	0.1177017745025022,	0.1070647228478617,	-0.0551859097511075,	-0.0417606608203027,	0.0955873094252037,	-0.0305092935540041,	0.1012432411389196,	-0.0601521377768125,	-0.0676484971447559,	0.0568729487260504,	-0.0989608045444871,	
  -0.0672112395362553,	0.0613566309344877,	-0.0147932926201514,	0.0580417165370120,	0.1167811578401622,	-0.0644650575822166,	-0.1105702929734085,	-0.0617069909609267,	0.0119900562778978,	-0.1093533452167933,	-0.0805318817978883,	-0.1031423946054850,	
  -0.0639286118550344,	0.0289177346323132,	0.0716340731625006,	0.0364407345376618,	0.0507934616984032,	-0.0636065180285292,	-0.1028890365210019,	-0.0566312556140741,	0.0309558431922373,	0.1139732087944632,	-0.0578679920107376,	0.0254424362783256,	
  -0.0393010148267633,	0.0872409007512980,	0.0399093488345141,	-0.1350149490921795,	0.0753007263874616,	-0.1062387693043500,	-0.0830763438751808,	0.0789464931454471,	-0.0809049532639786,	0.0971122178791915,	0.1193249034083988,	0.0412375235470200,	
  -0.0470940111958777,	-0.0780754726600198,	-0.0320401281279297,	-0.0560884438379298,	-0.1186622631857824,	0.0243258508356934,	0.0358779338162694,	0.0809730013293780,	0.1200024380396981,	-0.0319761746261690,	0.0742736517149875,	-0.0139441980189466,	
  0.1225898483036776,	0.0906757493650567,	0.0833869190558989,	0.0336700021073633,	0.0005616066093780,	0.1071585405894253,	-0.0795343601405313,	-0.0413703261590881,	0.0395252082605258,	0.1106966996318959,	0.0172431678659919,	-0.0068224923910842,	
  -0.1062550109858086,	-0.1171758379234947,	0.0809047608104068,	-0.0899778698362851,	-0.0668736529081720,	-0.0988196624556485,	-0.0346920442467171,	0.0625651480006243,	0.1392723675191926,	0.1186331820012027,	-0.1285547402370692,	0.1457779951700873,	
  0.0160315320435731,	0.0280820451107721,	0.0104158020627701,	0.0483349651036107,	0.0300552630870066,	0.1105943031568451,	0.0623103126597737,	0.1092226249801720,	0.1130047485797682,	-0.0275258138799213,	0.0431029653202971,	-0.1043613010769937,	
  -0.0993626835638473,	-0.1158858681604209,	0.0039847006466626,	0.0999371342855125,	0.0094349325352791,	0.0669942573124796,	-0.0024175131976050,	-0.0134917477233831,	0.0652327686687891,	-0.0212953470748291,	-0.0301037745935383,	0.1158196283101179,	
  0.1098840258736256,	0.0336783532002956,	0.1224311189787369,	-0.0957546043579269,	0.1068378640759827,	-0.0888740891140511,	-0.0397218807029986,	-0.1307574901341834,	0.1111921500481181,	-0.0377980905445048,	-0.1201741253355146,	0.0705150456358856,	
  0.0550331682617010,	0.0634303484643008,	0.0450011290049292,	0.0014297746490922,	0.1230364340517358,	-0.0967368695806530,	0.0594099772574056,	-0.0521572112716902,	0.0882164667685202,	0.0119289970940710,	0.0726168188201793,	-0.0426250439160083,	
};

const PROGMEM tinytype coeff_d2p_data[12*4] = {
  -0.0403318571761719,	-0.0585704234200060,	0.0459417710880007,	-0.0142741954265489,	
  -0.0107248767328428,	-0.0255092444997427,	-0.0057695621547964,	-0.0232564053935180,	
  0.0501898401097391,	-0.0350258033185792,	0.0219730332424816,	0.0207501108418013,	
  -0.0040378629883102,	-0.0277598366129569,	0.0037079126211562,	0.0143024110006544,	
  0.0436561052810332,	-0.0101840662858301,	-0.0029497874095713,	-0.0306231672573394,	
  0.0159070432544115,	-0.0147948413577118,	-0.0255947573120121,	0.0109163378979183,	
  0.0293970997225788,	0.0092451573294945,	-0.0395353939315197,	0.0456325660930535,	
  -0.0084038999928161,	-0.0343538363899338,	0.0212790996265439,	-0.0225309851390182,	
  -0.0205047970439232,	0.0331524979258064,	0.0362224721479470,	0.0002797815263004,	
  0.0501856689768730,	0.0180275619648110,	0.0502506392825400,	0.0054507082859804,	
  0.0203842198199419,	0.0211774717937901,	0.0045424979942326,	-0.0434413483738860,	
  -0.0292170519643048,	-0.0014452621240186,	0.0385830539478386,	0.0364939067108102,	
};

const PROGMEM tinytype dKinf_drho_data[4*12] = {
  0.0000761198773286,	0.0000482298594437,	0.0000103805866999,	-0.0000311939731366,	-0.0000300480146781,	0.0000238387157896,	0.0001175992747974,	0.0000932077954472,	-0.0000465113738731,	0.0000142100185544,	0.0000263402439067,	-0.0001296545464695,	
  -0.0001186406096594,	0.0000923890644890,	0.0000862321593757,	-0.0001015617181921,	0.0000437368841972,	-0.0001179711995649,	-0.0001745743394390,	0.0000805662527893,	-0.0000883667658900,	0.0000443638514201,	-0.0000599298310450,	-0.0000807641730476,	
  0.0000939673605631,	0.0000078698803991,	-0.0000540944226072,	-0.0000480710903104,	-0.0001843248841369,	0.0000676600778357,	0.0000120300631129,	-0.0000291362448159,	-0.0000734104036418,	0.0000502272352513,	0.0000822314976457,	0.0000279621204698,	
  -0.0000372089247462,	-0.0000093851448469,	0.0000709603804868,	-0.0001838753405690,	-0.0000057852112803,	-0.0000814154533076,	-0.0000263823534585,	0.0000767034287962,	-0.0000540452694241,	-0.0000209708130483,	-0.0000597610478112,	0.0000805661677858,	
};

const PROGMEM tinytype dPinf_drho_data[12*12] = {
  0.0003348816057894,	-0.0000622836922154,	-0.0001718381410807,	0.0001315687053892,	-0.0002515479975376,	0.0002726872226540,	0.0003081654904084,	-0.0001171971427239,	0.0000464947735432,	0.0000223724676599,	0.0002012371831475,	0.0000101468869013,	
  -0.0000622836922154,	0.0001421019655284,	0.0001012843670290,	-0.0001094847639786,	0.0000431138468807,	-0.0000997211903718,	-0.0001052822599426,	0.0001433150078075,	-0.0001093521451411,	0.0000668093100113,	-0.0000364246893270,	-0.0001896539669691,	
  -0.0001718381410807,	0.0001012843670290,	0.0001878489623652,	-0.0002087854027348,	0.0001562240966148,	-0.0002016204098104,	-0.0001676554131868,	0.0001850254635320,	-0.0000825745823437,	0.0000070780870170,	-0.0001529702809927,	-0.0000882377302116,	
  0.0001315687053892,	-0.0001094847639786,	-0.0002087854027348,	0.0004741662619614,	0.0000451521017617,	0.0002380402386701,	0.0001791284660439,	-0.0002667331202920,	0.0002459155779464,	-0.0000366592997951,	0.0001345911461134,	-0.0000040052887378,	
  -0.0002515479975376,	0.0000431138468807,	0.0001562240966148,	0.0000451521017617,	0.0004071698642054,	-0.0002060627908322,	-0.0001254662016147,	0.0000963392047887,	0.0001046514790919,	-0.0000719516221766,	-0.0001892159973612,	-0.0001055221512771,	
  0.0002726872226540,	-0.0000997211903718,	-0.0002016204098104,	0.0002380402386701,	-0.0002060627908322,	0.0002847362839877,	0.0002464936823790,	-0.0001934143948795,	0.0001048871037338,	0.0000068562341429,	0.0001880643972291,	0.0000589244045613,	
  0.0003081654904084,	-0.0001052822599426,	-0.0001676554131868,	0.0001791284660439,	-0.0001254662016147,	0.0002464936823790,	0.0004437081128845,	-0.0000663581004410,	0.0001044972708180,	-0.0000576081795721,	0.0001598856190419,	-0.0000194766932778,	
  -0.0001171971427239,	0.0001433150078075,	0.0001850254635320,	-0.0002667331202920,	0.0000963392047887,	-0.0001934143948795,	-0.0000663581004410,	0.0002829815349168,	-0.0001606227498322,	0.0000224755025110,	-0.0001196182456249,	-0.0001926738044484,	
  0.0000464947735432,	-0.0001093521451411,	-0.0000825745823437,	0.0002459155779464,	0.0001046514790919,	0.0001048871037338,	0.0001044972708180,	-0.0001606227498322,	0.0002015209747235,	-0.0000670623993475,	0.0000220742458281,	0.0000842121535291,	
  0.0000223724676599,	0.0000668093100113,	0.0000070780870170,	-0.0000366592997951,	-0.0000719516221766,	0.0000068562341429,	-0.0000576081795721,	0.0000224755025110,	-0.0000670623993475,	0.0000692277483753,	0.0000368752631161,	-0.0000645729737361,	
  0.0002012371831475,	-0.0000364246893270,	-0.0001529702809927,	0.0001345911461134,	-0.0001892159973612,	0.0001880643972291,	0.0001598856190419,	-0.0001196182456249,	0.0000220742458281,	0.0000368752631161,	0.0001686774151280,	0.0000121237269230,	
  0.0000101468869013,	-0.0001896539669691,	-0.0000882377302116,	-0.0000040052887378,	-0.0001055221512771,	0.0000589244045613,	-0.0000194766932778,	-0.0001926738044484,	0.0000842121535291,	-0.0000645729737361,	0.0000121237269230,	0.0003826823135817,	
};

const PROGMEM tinytype dC1_drho_data[4*4] = {
  -0.0000897359753449,	0.0000122067421483,	-0.0000090631287374,	0.0000026386343376,	
  0.0000122067421483,	-0.0000964513914341,	-0.0000064425851824,	-0.0000006902668629,	
  -0.0000090631287374,	-0.0000064425851824,	-0.0000937025723673,	-0.0000028096455786,	
  0.0000026386343376,	-0.0000006902668629,	-0.0000028096455786,	-0.0001032184059787,	
};

const PROGMEM tinytype dC2_drho_data[12*12] = {
  -0.0001104495253654,	0.0000932111261238,	0.0001191335583931,	-0.0000958523713918,	0.0001341077449145,	-0.0001326032394302,	-0.0000717037052301,	0.0001508481903337,	-0.0000569100088762,	0.0000060542032187,	-0.0000929419092199,	-0.0001463459747005,	
  -0.0000627699902412,	0.0000997259987323,	0.0001096855421530,	-0.0002025393504274,	-0.0000000509867424,	-0.0001192810661430,	-0.0000837603972664,	0.0001600690472996,	-0.0001341732691299,	0.0000373650901267,	-0.0000580443711000,	-0.0000988890687692,	
  -0.0001085053051467,	0.0000082354922317,	0.0000202693951663,	0.0000429325401948,	0.0000804539800594,	-0.0000555210277599,	-0.0001434626890314,	-0.0000428855876311,	0.0000256703891752,	0.0000042268252088,	-0.0000426578081616,	0.0000202240813398,	
  -0.0001156671053403,	0.0000994476997244,	0.0000751967843144,	-0.0000200033081299,	0.0000954277137823,	-0.0000998723044256,	-0.0001412555748567,	0.0000750826237790,	-0.0000512568453314,	0.0000381145884900,	-0.0000558283403510,	-0.0001409229535215,	
  -0.0000451551405458,	-0.0000222156281748,	0.0000132748360641,	-0.0000362070377654,	0.0000068261074805,	-0.0000324974905416,	-0.0000669189585248,	-0.0000237052003304,	0.0000030277137550,	-0.0000087408533973,	-0.0000259932096436,	0.0000803954657981,	
  0.0000019703320099,	0.0000052080150113,	-0.0000198622256457,	0.0000035276347661,	-0.0000504316990522,	0.0000127845331891,	-0.0000475569842131,	-0.0000340410379598,	-0.0000188934472548,	0.0000237384738364,	0.0000225445771305,	0.0000196135468719,	
  0.0000680627747797,	-0.0000327882732151,	-0.0001088953580074,	0.0001310780101411,	-0.0001152377843305,	0.0001111733683723,	-0.0000114381631106,	-0.0001432244643124,	0.0000293861272492,	0.0000335819797629,	0.0000944812897414,	0.0000541576591503,	
  -0.0000997408526172,	0.0000613521426230,	0.0000962296161755,	-0.0001044668888694,	0.0000885221325962,	-0.0001151590771789,	-0.0000880129819879,	0.0001052833674907,	-0.0000519520617831,	0.0000043546254588,	-0.0000790164282603,	-0.0000672117238208,	
  0.0000255719634428,	-0.0000361611939165,	0.0000038208156999,	0.0000469709658844,	0.0000845258371781,	0.0000158740115993,	0.0001259073890197,	0.0000235697456450,	0.0000685827469336,	-0.0000533623995239,	-0.0000201040058676,	-0.0000150715968174,	
  -0.0001023561063164,	-0.0000849252775567,	-0.0000047537446510,	0.0001240156270719,	0.0001619711098559,	-0.0000266049691734,	-0.0000574347891965,	-0.0001030597412324,	0.0001410343521398,	-0.0000678136138502,	-0.0000637852405460,	0.0001229677068636,	
  -0.0000148360137631,	-0.0000797040687929,	0.0000169067299749,	-0.0000845493108119,	0.0000068228855977,	-0.0000262926814910,	0.0000144803215399,	-0.0000157970104303,	0.0000298612184237,	-0.0000536656926034,	-0.0000411422447563,	0.0001676928053721,	
  -0.0000253168636264,	0.0000611825375112,	0.0000287418150682,	0.0001093780823549,	0.0001440119787064,	-0.0000149246231587,	0.0000525874239217,	0.0000669857579539,	0.0000368117620520,	-0.0000050593837990,	-0.0000239835697267,	-0.0001973149126525,	
};

