#pragma once

typedef float tinytype;

const PROGMEM tinytype Adyn_data[12*12] = {
  -0.0727074136752739,	-0.0139215134921255,	-0.1245305921000870,	0.0926347664564154,	0.0384277765992849,	0.0145685405495676,	0.1231699438468401,	0.0021269110507705,	-0.0752634363921847,	-0.0919717318619791,	-0.0210220424941835,	-0.0067100002148350,	
  0.0669456257488273,	0.0151544473600345,	0.0777528110208980,	-0.0861821184744290,	0.0605054567348522,	0.1191057553333711,	-0.0230281643911697,	-0.0725146028432334,	-0.1191169191385366,	0.0180086771930017,	0.0677820270921107,	-0.0688931182568501,	
  -0.0133192688941175,	-0.1089481355936373,	0.0868736467869615,	-0.0611135033443616,	-0.0554176594352799,	-0.0963932671364569,	0.1319724903445929,	0.1238298034502469,	-0.0979617561836117,	-0.0809653438179250,	-0.0484399936761124,	-0.0750620089631667,	
  -0.1325788577430808,	0.1203809405496015,	0.1083514558257795,	0.0802166971191565,	0.0430616393388772,	-0.1086479134508461,	0.1128070357712016,	0.0271662533943566,	0.0934244679397841,	-0.0031353652629419,	0.0498410759262114,	-0.0763354505550040,	
  0.0459156078380186,	-0.1099267447971220,	0.0197020544453249,	-0.0527367249785741,	-0.0735439597092346,	-0.0217616088094275,	-0.0465288918123046,	-0.1028961061487212,	-0.0573779221565525,	0.1187694272355316,	-0.1297084961230892,	-0.0029561971444427,	
  0.1000300668920471,	-0.0751496992104179,	0.0018261767039842,	-0.0221151297068337,	0.1132377520448361,	0.1233177965345040,	0.0537545608942948,	0.0746838594192219,	0.1198799594346576,	0.0781942476036955,	0.1079111648085717,	0.1032644109676032,	
  -0.0752649362050725,	0.0602187804169166,	0.0638888370002352,	-0.1167084599600679,	0.0849279960349589,	0.1014503769827333,	-0.0042339003744613,	-0.0889394620029505,	0.1096451118750911,	0.0263883990043771,	-0.1082295586941202,	-0.0682521450317696,	
  -0.1223474664497133,	-0.1031230590445295,	-0.0244593982271040,	-0.0687522263450707,	-0.0246890482048081,	0.0916855878242066,	0.0137747171953398,	0.0807632781228877,	0.0573505315689052,	0.1210892005398529,	0.1192458528759044,	0.0514064132923127,	
  -0.1084688976155773,	-0.0946791476614173,	0.0360260514115304,	-0.1068579087796476,	0.0694151327043337,	0.1298088653708913,	-0.1233241806150024,	-0.0521805301609629,	0.1264267750844729,	0.0947784431069885,	-0.1219794200211363,	0.0352885148489952,	
  -0.1240866735362239,	0.1239286583292861,	0.0979836258660071,	0.0707670785004104,	-0.0982714811589841,	0.0901484967294072,	0.0481255956899929,	0.0458784376503492,	-0.0848125529960690,	0.0796040234447932,	0.0445810600300440,	-0.1260467011568352,	
  0.0245939601208740,	0.1303205451716663,	-0.1126299036113464,	0.0183057755982650,	0.0281248395954402,	-0.0292908590565511,	0.0859044064194574,	0.1022234263811104,	0.0806635020500974,	0.0860030768806154,	-0.1110043495371154,	-0.0116000424484392,	
  -0.1306827289289142,	0.0054099695440522,	-0.0046243864533954,	0.0799339093505153,	0.0824436959379252,	-0.0661258001075383,	0.0418359913577224,	0.0560771910938019,	0.0627965353962676,	-0.0453042368677307,	-0.0730300735319181,	0.0770406903684954,	
};

const PROGMEM tinytype Bdyn_data[12*4] = {
  0.4095350075132487,	-0.6734874180168635,	0.9838472596330612,	0.7778235127551776,	
  -0.8664847959248112,	-0.9541786089741133,	-0.5449803291854978,	0.5754957533870713,	
  -0.6744988811062473,	-0.1994723899307684,	-0.3109266329180824,	0.8361278119917612,	
  -0.8456242437752126,	-0.3285171238217099,	-0.5057013690736785,	0.8477315842268669,	
  0.4190865936599155,	-0.4171257076218005,	0.2437706622901425,	-0.3872121308156451,	
  -0.3700580212793030,	0.0379223823088166,	-0.2609993673408242,	-0.1106132135258142,	
  -0.9354982238752565,	0.1657955123252459,	-0.4436093798140033,	-0.7490764142662929,	
  0.0565634463578994,	0.0489372045150323,	0.3736513006333853,	-0.2904743715414093,	
  -0.4234631135350773,	0.3811197804540354,	-0.4042819459754503,	0.8381070303388851,	
  0.8848107211273915,	-0.9869347467542884,	-0.2690706425290978,	0.5737716815647083,	
  0.3119902995061998,	0.1540751622131482,	0.3559878817642650,	-0.7474545779842752,	
  0.5690261837479835,	-0.2956595648124931,	-0.6037015575145939,	0.2472305897890232,	
};

const PROGMEM tinytype Q_data[12] = {
  2.4322961401574732,3.7180645984411909,5.7827842512360403,3.3466659995394945,2.7113074890970599,1.3815360905211673,8.1137315314381340,2.9638324686758017,6.3871728835174357,5.3306113256069896,
  5.2122588757426289,4.2995639489136561,
};

const PROGMEM tinytype Qf_data[12] = {
  21.8906652614172579,33.4625813859707151,52.0450582611243604,30.1199939958554523,24.4017674018735384,12.4338248146905066,73.0235837829432057,26.6744922180822144,57.4845559516569224,47.9755019304629045,
  46.9103298816836585,38.6960755402229069,
};

const PROGMEM tinytype R_data[4] = {
  0.1000000000000000,0.1000000000000000,0.1000000000000000,0.1000000000000000,
};

const PROGMEM tinytype umin[4] = {
  -3.0,	
  -3.0,	
  -3.0,	
  -3.0,	
};

const PROGMEM tinytype umax[4] = {
  3.0,	
  3.0,	
  3.0,	
  3.0,	
};

const PROGMEM tinytype xmin[12] = {
  -10000.0,	
  -10000.0,	
  -10000.0,	
  -10000.0,	
  -10000.0,	
  -10000.0,	
  -10000.0,	
  -10000.0,	
  -10000.0,	
  -10000.0,	
  -10000.0,	
  -10000.0,	
};

const PROGMEM tinytype xmax[12] = {
  10000.0,	
  10000.0,	
  10000.0,	
  10000.0,	
  10000.0,	
  10000.0,	
  10000.0,	
  10000.0,	
  10000.0,	
  10000.0,	
  10000.0,	
  10000.0,	
};

const PROGMEM tinytype rho_value = 85.0;

const PROGMEM tinytype Kinf_data[4*12] = {
  0.0003493581864353,	0.0039227326975545,	-0.0124966570385128,	0.0198795219324936,	-0.0110909653789338,	-0.0062888471562936,	0.0008392164860440,	0.0085958636788234,	-0.0080132782115963,	0.0017577474364107,	0.0047769749466337,	0.0075983961780122,	
  0.0035252670639420,	-0.0075308735086925,	-0.0071782612600903,	-0.0062158548373181,	0.0047200872034748,	-0.0023132416878458,	-0.0090529934392021,	-0.0017651484692384,	0.0150598786343539,	-0.0000898121899384,	-0.0071443468340905,	0.0105208535512152,	
  0.0087025501801833,	-0.0017002577455791,	-0.0154171180882753,	0.0072228178112830,	-0.0057530109603036,	-0.0062455810260342,	0.0037430920793541,	0.0035390425692928,	-0.0062079421690971,	-0.0030111943559231,	0.0044668566898211,	0.0046443946558374,	
  -0.0094153944263506,	-0.0098892719982546,	0.0101324838970238,	0.0039070411891594,	-0.0031869251736423,	-0.0014744156450506,	0.0024848086545319,	0.0053739613674542,	-0.0100628249153838,	-0.0051047272106457,	0.0046105162832655,	-0.0030098875617465,	
};

const PROGMEM tinytype Pinf_data[12*12] = {
  2.8861868506411099,	-0.0847307900763045,	-0.1109522676597566,	-0.0023041793314860,	-0.0733639386035913,	-0.1061241503157453,	-0.0423241515828720,	-0.0224757231198307,	-0.2155763699461629,	-0.0961533350774876,	0.1156177541242151,	0.0636832270658586,	
  -0.0847307900763044,	4.1883730934149241,	-0.0053038451310279,	0.1774128600650540,	0.0404059935458169,	-0.0188331647234883,	0.1477979869036797,	0.0265722166091839,	0.0679404262353564,	0.0223325031584633,	0.0255895724037820,	-0.1705058108107382,	
  -0.1109522676597566,	-0.0053038451310280,	6.0632659852747057,	-0.1118923811958717,	-0.0381412781977808,	0.0888778144883716,	-0.0233417820720058,	-0.0609648973973859,	-0.0389216696768793,	0.0425456198052849,	0.0187442596759177,	-0.1555952221195288,	
  -0.0023041793314860,	0.1774128600650540,	-0.1118923811958717,	3.6821995793132594,	-0.0664361847601035,	-0.2338764094658869,	0.1602577253899609,	0.1408412804669940,	-0.0838167613500717,	-0.1318755055391004,	0.1416231402771582,	0.0303567682161997,	
  -0.0733639386035912,	0.0404059935458169,	-0.0381412781977808,	-0.0664361847601035,	2.9477914493027115,	0.1037062406226234,	-0.0483226040189781,	-0.0877440528278397,	0.2291995947725996,	0.0193433855347943,	-0.1120265806031703,	0.0756274821298920,	
  -0.1061241503157454,	-0.0188331647234883,	0.0888778144883716,	-0.2338764094658869,	0.1037062406226235,	1.8674060175895879,	-0.2333285342309463,	-0.2003885577260222,	0.1218616061778966,	0.2580961261091430,	-0.0220520189321378,	-0.0298453463764646,	
  -0.0423241515828719,	0.1477979869036797,	-0.0233417820720058,	0.1602577253899609,	-0.0483226040189781,	-0.2333285342309463,	8.4890001797969408,	0.2636184805953012,	-0.0957284411071899,	-0.1375801727168044,	0.0452832285354841,	-0.1204730646929490,	
  -0.0224757231198307,	0.0265722166091839,	-0.0609648973973859,	0.1408412804669940,	-0.0877440528278397,	-0.2003885577260222,	0.2636184805953012,	3.3079253111508908,	-0.0514205689624367,	-0.0599953887792448,	0.0764492173954330,	-0.0007890737078781,	
  -0.2155763699461629,	0.0679404262353564,	-0.0389216696768793,	-0.0838167613500717,	0.2291995947725997,	0.1218616061778966,	-0.0957284411071899,	-0.0514205689624367,	6.8444967851684710,	0.1658393196828604,	-0.1895479535134924,	0.1139107613455231,	
  -0.0961533350774876,	0.0223325031584633,	0.0425456198052848,	-0.1318755055391004,	0.0193433855347943,	0.2580961261091430,	-0.1375801727168044,	-0.0599953887792447,	0.1658393196828604,	5.6546974936170109,	-0.0685181402679533,	-0.0066056551396401,	
  0.1156177541242151,	0.0255895724037820,	0.0187442596759177,	0.1416231402771581,	-0.1120265806031703,	-0.0220520189321378,	0.0452832285354840,	0.0764492173954330,	-0.1895479535134924,	-0.0685181402679533,	5.6522100073898160,	0.0065247671708855,	
  0.0636832270658586,	-0.1705058108107382,	-0.1555952221195288,	0.0303567682161997,	0.0756274821298920,	-0.0298453463764646,	-0.1204730646929490,	-0.0007890737078781,	0.1139107613455231,	-0.0066056551396401,	0.0065247671708854,	4.5477060754113694,	
};

const PROGMEM tinytype Quu_inv_data[4*4] = {
  0.0091154767293356,	0.0003662816188644,	-0.0008497130984710,	0.0001049377698180,	
  0.0003662816188644,	0.0102662220947551,	-0.0002023299338265,	0.0007660814948517,	
  -0.0008497130984710,	-0.0002023299338265,	0.0104014454115382,	0.0005005752805052,	
  0.0001049377698180,	0.0007660814948516,	0.0005005752805052,	0.0091729970046675,	
};

const PROGMEM tinytype AmBKt_data[12*12] = {
  -0.0717147300499793,	-0.0112350562037402,	-0.1169604370429672,	0.0701619682545881,	0.0542877839339425,	0.0228776373789482,	0.1111138046592118,	-0.0102440721722504,	-0.0479043109475437,	-0.0858189461855251,	-0.0357708813520710,	-0.0049643605956687,	
  0.0807733118998185,	0.0161322642052577,	0.0458420768082942,	-0.0732000426761563,	0.0540978942007651,	0.1088941202915494,	-0.0303292540274773,	-0.0679146679301227,	-0.1092825821887517,	0.0207427488918566,	0.0648852368170034,	-0.0480071688501072,	
  -0.0018021059758038,	-0.1000644181731369,	0.0637471564604703,	-0.0499656988424406,	-0.0610810636532092,	-0.1018056329065665,	0.1298189280814943,	0.1258826695299398,	-0.0938790801650961,	-0.0764657163196677,	-0.0491091455388113,	-0.0638775627472964,	
  -0.1187427026205980,	0.1287477030637758,	0.0790397135740747,	0.0953257547054950,	0.0350258312071953,	-0.1166343447425388,	0.1103290702228440,	0.0310892645080194,	0.0969868832792778,	0.0011261971183874,	0.0498839767500536,	-0.0615535284972338,	
  0.0414724946649674,	-0.1181268035484580,	0.0296266603353281,	-0.0639086162937598,	-0.0667586158886715,	-0.0191393720531163,	-0.0506071404666135,	-0.1060166579007095,	-0.0501209358582429,	0.1167527444185717,	-0.1339941937895677,	-0.0040496967711180,	
  0.1012555562230656,	-0.0749501221971075,	-0.0054291661668865,	-0.0122055118725262,	0.1071004061355025,	0.1192850992863346,	0.0556602280996702,	0.0794498853662715,	0.1136101247009564,	0.0774975519313469,	0.1116256841491635,	0.1065565333228488,	
  -0.0787149027086777,	0.0569750042276497,	0.0541391865510839,	-0.0909498595292994,	0.0688305082400140,	0.0920756484184964,	0.0015739131559929,	-0.0750099329131124,	0.0893601178664261,	0.0228880342517160,	-0.0971410379411860,	-0.0630825079567715,	
  -0.1285263940404912,	-0.1052136789786197,	-0.0146974070798616,	-0.0711364139935268,	-0.0230687929114324,	0.0940598997902574,	0.0134934384185409,	0.0806020780723151,	0.0564634147629894,	0.1206365157036776,	0.1189954650798721,	0.0478520813540661,	
  -0.0982551141357303,	-0.0825469653248569,	0.0187449869777566,	-0.0964251431438786,	0.0632647453010923,	0.1267381352045560,	-0.1200877995694952,	-0.0509409497529697,	0.1232177950706050,	0.0986179497606121,	-0.1192919320356021,	0.0388967027921503,	
  -0.1131726933868768,	0.1182419964230541,	0.0919943003390901,	0.0467445198802290,	-0.0835190569548953,	0.0925953929617952,	0.0380297775092671,	0.0343994645600946,	-0.0587558120321571,	0.0800788348125436,	0.0318598535681625,	-0.1194097891214773,	
  0.0138062255888375,	0.1234705007052069,	-0.0945631973846808,	0.0134103666490618,	0.0305237853790839,	-0.0258510942243170,	0.0875622066329526,	0.1025705015924662,	0.0755316615082955,	0.0827249115365944,	-0.1095379483324359,	-0.0194947730181624,	
  -0.1222577273432812,	0.0023697394425916,	-0.0114481811615990,	0.0701786501791849,	0.0874650882831966,	-0.0666371597842332,	0.0403272409118993,	0.0514719544331920,	0.0705489914618148,	-0.0468868130201062,	-0.0763038041506017,	0.0793755595356548,	
};

const PROGMEM tinytype coeff_d2p_data[12*4] = {
  0.0102222145521454,	-0.0172303404728734,	0.0318661414982870,	0.0174807816800307,	
  -0.0357933018228660,	-0.0395187720399760,	-0.0197362639128397,	0.0170694833937321,	
  -0.0356223215992972,	-0.0085675479582279,	-0.0133671223094808,	0.0424236415514112,	
  -0.0286612370857959,	-0.0109522154565217,	-0.0142755012357020,	0.0232927149372733,	
  0.0098725101495570,	-0.0123545646852257,	0.0034377294174258,	-0.0088727024603378,	
  -0.0011750567567151,	-0.0007052548780484,	-0.0054945207001845,	-0.0000900487095861,	
  -0.0723627468354128,	0.0072813397936093,	-0.0344535043186251,	-0.0607339428092116,	
  -0.0022691596692492,	0.0013072067075810,	0.0111934547315346,	-0.0100058434005707,	
  -0.0201238716846407,	0.0285791874677170,	-0.0275396765914934,	0.0527794864497905,	
  0.0450869039424752,	-0.0514258709779654,	-0.0189643015517152,	0.0264843475897292,	
  0.0126564737862252,	0.0048426006942224,	0.0183578633321904,	-0.0366316475402767,	
  0.0286549817726656,	-0.0099272706219302,	-0.0279015856277924,	0.0084225670813805,	
};

const PROGMEM tinytype dKinf_drho_data[4*12] = {
  0.0000033440899648,	-0.0000341721613183,	0.0001017362796360,	-0.0001727994956766,	0.0000951086709059,	0.0000533677334639,	-0.0000023542579895,	-0.0000759213649588,	0.0000636119565474,	-0.0000181148848741,	-0.0000383030959962,	-0.0000678975534485,	
  -0.0000270373138208,	0.0000822254564721,	0.0000673693884398,	0.0000547095103546,	-0.0000435618787770,	0.0000255009171645,	0.0000913462227420,	0.0000118546805507,	-0.0001452910851161,	0.0000034708332385,	0.0000685556329707,	-0.0001072600094081,	
  -0.0000848799876335,	0.0000244363125570,	0.0001427925032544,	-0.0000612306049313,	0.0000530440448045,	0.0000598790979332,	-0.0000412730204871,	-0.0000326522142777,	0.0000658695126844,	0.0000351080441459,	-0.0000462813975267,	-0.0000380389499498,	
  0.0000791451247476,	0.0000961948994525,	-0.0000784337088612,	-0.0000369039734113,	0.0000298614569251,	0.0000198013441973,	-0.0000187132694079,	-0.0000512706905870,	0.0000846456671331,	0.0000484699705329,	-0.0000400146984988,	0.0000168872893447,	
};

const PROGMEM tinytype dPinf_drho_data[12*12] = {
  0.0002111904290347,	0.0000191802543002,	-0.0002502334283513,	-0.0000147869034143,	-0.0000220713907103,	-0.0000431442691900,	-0.0000293831109081,	-0.0000234460874082,	0.0000688876884218,	0.0000249713836243,	-0.0000398803280780,	0.0001059542306959,	
  0.0000191802543002,	0.0002390194149713,	-0.0000738101427566,	0.0001068972728850,	-0.0000206598109280,	0.0000014898177095,	0.0000714831247100,	-0.0000003845276384,	-0.0000117430849418,	0.0000572692992163,	0.0000515172838776,	-0.0000422912794983,	
  -0.0002502334283513,	-0.0000738101427566,	0.0005568036542028,	-0.0002841792832735,	0.0001557016501042,	0.0001760966605955,	0.0000237388260788,	-0.0000906075869381,	-0.0000197242319579,	-0.0000234157093679,	-0.0000290436478891,	-0.0002778274932840,	
  -0.0000147869034143,	0.0001068972728850,	-0.0002841792832735,	0.0005265500616225,	-0.0002921965451375,	-0.0001717472125168,	0.0001220406219137,	0.0002326891879346,	-0.0003198964669348,	-0.0000121564829513,	0.0002043681440736,	0.0001076769905562,	
  -0.0000220713907103,	-0.0000206598109280,	0.0001557016501042,	-0.0002921965451375,	0.0001989325621485,	0.0001024528452494,	-0.0000815284797378,	-0.0001470997395351,	0.0002367173705750,	0.0000138143518257,	-0.0001227739274719,	-0.0000506636601123,	
  -0.0000431442691900,	0.0000014898177095,	0.0001760966605955,	-0.0001717472125168,	0.0001024528452494,	0.0001058495427405,	-0.0000288061517589,	-0.0000965367973711,	0.0000611365689645,	0.0000214078155072,	-0.0000600702878694,	-0.0000921966861868,	
  -0.0000293831109081,	0.0000714831247100,	0.0000237388260788,	0.0001220406219137,	-0.0000815284797378,	-0.0000288061517589,	0.0001294390615695,	0.0000677614574805,	-0.0001856233265192,	-0.0000282473598495,	0.0001178090198585,	-0.0000922031342130,	
  -0.0000234460874082,	-0.0000003845276384,	-0.0000906075869381,	0.0002326891879346,	-0.0001470997395351,	-0.0000965367973711,	0.0000677614574805,	0.0001357959178349,	-0.0001696169664808,	-0.0000275584242849,	0.0001064699022527,	0.0000392875655997,	
  0.0000688876884218,	-0.0000117430849418,	-0.0000197242319579,	-0.0003198964669348,	0.0002367173705750,	0.0000611365689645,	-0.0001856233265192,	-0.0001696169664808,	0.0004467067046321,	0.0000527432109746,	-0.0002121336573441,	0.0001006211322454,	
  0.0000249713836243,	0.0000572692992163,	-0.0000234157093679,	-0.0000121564829513,	0.0000138143518257,	0.0000214078155072,	-0.0000282473598495,	-0.0000275584242849,	0.0000527432109746,	0.0000427602396195,	-0.0000321769568474,	0.0000141300531901,	
  -0.0000398803280780,	0.0000515172838776,	-0.0000290436478891,	0.0002043681440736,	-0.0001227739274719,	-0.0000600702878694,	0.0001178090198585,	0.0001064699022527,	-0.0002121336573441,	-0.0000321769568474,	0.0001353990879479,	-0.0000426943156114,	
  0.0001059542306959,	-0.0000422912794983,	-0.0002778274932840,	0.0001076769905562,	-0.0000506636601123,	-0.0000921966861868,	-0.0000922031342130,	0.0000392875655997,	0.0001006211322454,	0.0000141300531901,	-0.0000426943156114,	0.0002104003010843,	
};

const PROGMEM tinytype dC1_drho_data[4*4] = {
  -0.0000840499378504,	-0.0000073660869915,	0.0000165809270234,	-0.0000018139084169,	
  -0.0000073660869915,	-0.0001062011107540,	0.0000041021845699,	-0.0000148145561926,	
  0.0000165809270234,	0.0000041021845699,	-0.0001092326765428,	-0.0000095438754375,	
  -0.0000018139084169,	-0.0000148145561926,	-0.0000095438754375,	-0.0000850463262502,	
};

const PROGMEM tinytype dC2_drho_data[12*12] = {
  0.0000023691916981,	-0.0000294917470291,	-0.0000757705626496,	0.0001965599507307,	-0.0001437028889578,	-0.0000789952457785,	0.0001176466518125,	0.0001110807751562,	-0.0002545479705752,	-0.0000624857937379,	0.0001385160144234,	-0.0000201426557827,	
  -0.0001147064301765,	0.0000068056669816,	0.0002753927406483,	-0.0001096568865098,	0.0000525672237533,	0.0000918121003131,	0.0000733971057821,	-0.0000427619756046,	-0.0000963304855767,	-0.0000211455462446,	0.0000300311059876,	-0.0001916264470888,	
  -0.0000957045014076,	-0.0000794807066782,	0.0001920379373220,	-0.0000938218169878,	0.0000469861116457,	0.0000431447571052,	0.0000194469086966,	-0.0000161277869583,	-0.0000363693771312,	-0.0000411371986322,	0.0000069068437631,	-0.0000931394891694,	
  -0.0001160721249640,	-0.0000710743154000,	0.0002468637589145,	-0.0001278301687676,	0.0000676253206795,	0.0000670012541316,	0.0000230099872902,	-0.0000333549669791,	-0.0000323852995008,	-0.0000375134965872,	0.0000006488304381,	-0.0001262048046981,	
  0.0000386577812658,	0.0000799104222950,	-0.0000797139136836,	0.0000958752541860,	-0.0000593974119950,	-0.0000186580601923,	0.0000419046423782,	0.0000248695367891,	-0.0000705447904726,	0.0000192493285645,	0.0000404365011992,	-0.0000004742096184,	
  -0.0000111362998223,	0.0000012544214746,	0.0000636864670546,	-0.0000860837706556,	0.0000539952306292,	0.0000366007993072,	-0.0000171774455346,	-0.0000427382909317,	0.0000556047292358,	0.0000076894157936,	-0.0000332797306995,	-0.0000291186637247,	
  0.0000292432430993,	0.0000372968999096,	0.0000885958190512,	-0.0002255305793447,	0.0001420957056141,	0.0000870931316486,	-0.0000496739657348,	-0.0001258802484957,	0.0001762238887503,	0.0000343600782161,	-0.0000977036234878,	-0.0000499593772917,	
  0.0000558391254513,	0.0000167205042283,	-0.0000851890109868,	0.0000192560411944,	-0.0000143938660326,	-0.0000208887263397,	0.0000056489287768,	0.0000010219598344,	0.0000034871959322,	0.0000018159053142,	0.0000044814940665,	0.0000282081525219,	
  -0.0000889269781869,	-0.0001165508592673,	0.0001408700291012,	-0.0000878500375830,	0.0000532949602525,	0.0000204927550776,	-0.0000368130081625,	-0.0000068983253354,	0.0000379983496955,	-0.0000354232634092,	-0.0000275219894011,	-0.0000174050147793,	
  -0.0000978928952464,	0.0000627682398626,	0.0000598961509929,	0.0002115886597963,	-0.0001300069666247,	-0.0000173023447097,	0.0000918676198325,	0.0000995077519027,	-0.0002305210961068,	0.0000010895777700,	0.0001120572617297,	-0.0000657067601010,	
  0.0000924960877026,	0.0000611947691297,	-0.0001515787173283,	0.0000396956992047,	-0.0000195241336489,	-0.0000270949009608,	-0.0000126343021820,	-0.0000048385022365,	0.0000423594772438,	0.0000288479622644,	-0.0000120460787877,	0.0000638733683323,	
  -0.0000807059917952,	0.0000347255154467,	0.0000676230658350,	0.0000866616071484,	-0.0000423587033108,	0.0000084255590432,	0.0000080569247838,	0.0000396696847170,	-0.0000603150386796,	0.0000205455503840,	0.0000240172988893,	-0.0000202161898143,	
};

