#pragma once

typedef float tinytype;

const PROGMEM tinytype Adyn_data[12*12] = {
  0.1265839486018620,	0.1377218798987395,	0.0880641286672220,	0.0568504619069311,	0.0192914342951448,	-0.0128881856156668,	-0.0849911401209824,	0.0490540735715379,	-0.0693371267549850,	0.0006344063122356,	0.0290986464149386,	0.1362140737267107,	
  -0.0196833689786488,	-0.0122714826723774,	0.0106275262609482,	0.1326697961353587,	-0.0387744525673835,	-0.0915948774351500,	-0.0720457067202185,	-0.0577597795663713,	0.0572351635055123,	0.0914293325587705,	0.0942424246423418,	0.0839448421021182,	
  -0.1224365912908364,	0.0346729498734949,	-0.0288413531647435,	0.1062334250789013,	0.0733629574419030,	-0.0176164762159568,	-0.0688247026029409,	-0.0546930760932791,	0.0929043986420149,	0.1347892718194678,	0.1013148383948459,	0.1096475470307529,	
  -0.0354050657691731,	-0.0354015411337506,	0.0019142363416694,	0.0785462525934715,	-0.0447137622909218,	0.0446577350834425,	-0.0995362967348633,	0.0820226060882315,	0.0940058679356863,	-0.1227688905524104,	0.0204314979359376,	0.0374355255977453,	
  0.0731714808509935,	0.0244748145084391,	0.0605851599117368,	-0.0246935560737891,	-0.1408551457030927,	-0.0291488466577160,	0.0005825654694208,	0.0394431803048736,	-0.0865176587627730,	0.0568658249448072,	0.0920628742737697,	0.0641552326447686,	
  0.1433047825188214,	0.0035849242381378,	0.1087031958448164,	-0.1169168816276964,	-0.0708342480918672,	-0.0592971838781028,	0.0843776748732832,	-0.1386319666904860,	0.0375330821609540,	0.0320429082697196,	0.1082648573314347,	0.0249805043649474,	
  0.1419598600411346,	0.0370541068209908,	0.0509140878510418,	0.1050586218336678,	-0.1420192993229104,	-0.0622593946827839,	-0.1313751455441403,	-0.0268117996063172,	-0.0014254368209267,	-0.1068008128190288,	0.1391818971571044,	0.0954701168357552,	
  -0.1415624077621125,	0.0358709538554864,	0.0819928912441160,	0.0245010770228958,	-0.0840283522958855,	-0.0148942412086688,	0.0972888636441218,	-0.1066329510732083,	-0.1158856622819649,	-0.0376349627442035,	0.1104992237857812,	-0.0638720718701905,	
  -0.0045475026021535,	0.1272298100082220,	-0.0616060086293508,	0.0361185800589074,	-0.0858433955044398,	-0.0997381956151145,	0.1108635203872231,	0.1078837392900467,	-0.0785230492976282,	0.0232021350725575,	0.0815520761274629,	-0.0795774158431830,	
  0.0749975755168377,	-0.0344058296991064,	0.0546205715891295,	0.0019669832439931,	0.1421239127813343,	0.1341204573295936,	0.0468781933069403,	0.1095917839490729,	-0.0709240880936701,	-0.1332980386592559,	0.1097210240899538,	0.0531804859977652,	
  -0.0952342343872956,	0.0481926688604551,	0.0807701766712798,	-0.0269319242662329,	0.0788653252044288,	-0.1350680625847228,	-0.0198066177859873,	-0.0186867956443959,	-0.0339464325320269,	-0.0738529407778233,	0.0834660844523635,	-0.0084369454937295,	
  0.0814081785093772,	-0.1419289177570328,	0.0756237388554886,	-0.0959169859247837,	0.1077515625046247,	-0.0948748153099755,	0.1126888297370213,	0.1376492124620466,	-0.1120890410006705,	0.0488699742624715,	-0.0782867874897591,	0.0158502475299517,	
};

const PROGMEM tinytype Bdyn_data[12*4] = {
  -0.9886439593141425,	-0.6661723096625554,	0.2186977793540474,	0.3996498885833721,	
  0.8486282793752533,	-0.5083007535513913,	0.1306529267659597,	0.8549925147768731,	
  -0.4286184809864466,	-0.4040867413164182,	-0.5165899935329317,	0.4032182640671533,	
  -0.8652556643463227,	0.5058233312801754,	0.8363132597303780,	-0.5097139100468848,	
  0.6068729729660860,	0.2894047134028697,	0.6374328218808343,	0.3135700997064363,	
  0.1164336857107118,	0.5133218920977094,	-0.7638038468007537,	0.4033086519492370,	
  0.8931213750100766,	-0.9343584082925445,	-0.9034333563159200,	-0.4400442286910828,	
  -0.4368571370983692,	0.7460254775448301,	-0.8589484753955301,	0.2762332619905092,	
  0.8830888449874537,	-0.9676685987739848,	-0.2640165013766891,	0.6511621921912707,	
  -0.5451541021838910,	0.5366931046542063,	0.2022713281191186,	0.5776029567411880,	
  0.0913565846037800,	-0.2116972425852428,	0.0311708336242624,	0.9703248356796330,	
  -0.1909283184847645,	0.0097964332006022,	0.1249748987418409,	-0.7878660302562857,	
};

const PROGMEM tinytype Q_data[12] = {
  1.0489092824264548,5.6530026614837041,3.3092218968437712,6.5949362649373420,2.4889988966469945,8.8567050394956546,7.0695689103637598,1.9845086957258671,3.6820504921733401,7.8763564114264657,
  6.5400790029729929,2.6988711587880947,
};

const PROGMEM tinytype Qf_data[12] = {
  9.4401835418380919,50.8770239533533370,29.7829970715939396,59.3544263844360813,22.4009900698229494,79.7103453554608876,63.6261201932738345,17.8605782615328046,33.1384544295600634,70.8872077028381966,
  58.8607110267569382,24.2898404290928518,
};

const PROGMEM tinytype R_data[4] = {
  0.1000000000000000,0.1000000000000000,0.1000000000000000,0.1000000000000000,
};

const PROGMEM tinytype umin[4] = {
  -3.0,	
  -3.0,	
  -3.0,	
  -3.0,	
};

const PROGMEM tinytype umax[4] = {
  3.0,	
  3.0,	
  3.0,	
  3.0,	
};

const PROGMEM tinytype xmin[12] = {
  -10000.0,	
  -10000.0,	
  -10000.0,	
  -10000.0,	
  -10000.0,	
  -10000.0,	
  -10000.0,	
  -10000.0,	
  -10000.0,	
  -10000.0,	
  -10000.0,	
  -10000.0,	
};

const PROGMEM tinytype xmax[12] = {
  10000.0,	
  10000.0,	
  10000.0,	
  10000.0,	
  10000.0,	
  10000.0,	
  10000.0,	
  10000.0,	
  10000.0,	
  10000.0,	
  10000.0,	
  10000.0,	
};

const PROGMEM tinytype rho_value = 85.0;

const PROGMEM tinytype Kinf_data[4*12] = {
  0.0089274089766031,	0.0054385145925638,	-0.0007350134380041,	0.0038388442618714,	-0.0190898893299594,	-0.0151445943779699,	-0.0017932425563158,	-0.0088370600484559,	-0.0016915537185732,	0.0079927392186881,	0.0080450001519586,	0.0001313301043702,	
  0.0020327708075824,	-0.0096510681649792,	0.0065792914625289,	-0.0157506294784128,	0.0043698519794678,	0.0133984550849403,	0.0134472129419829,	-0.0030644508416049,	-0.0003156139205639,	-0.0043432772611596,	-0.0023088760879639,	-0.0049271685878168,	
  -0.0132860213448825,	-0.0064474224902587,	-0.0089158220838058,	0.0043603549804780,	0.0115240064571143,	0.0092367094516251,	-0.0040847768270770,	0.0197531537246493,	0.0011306733171705,	-0.0032440764105248,	-0.0144015559534448,	-0.0030205269084341,	
  -0.0050867036833601,	0.0078303132093191,	0.0078221813443506,	-0.0007239340229984,	0.0093416917481513,	-0.0085989872265301,	0.0065750690779160,	-0.0055690076755338,	-0.0039104397874653,	0.0033005465980726,	0.0183246247334099,	0.0028157386776140,	
};

const PROGMEM tinytype Pinf_data[12*12] = {
  1.6425595884868651,	-0.0351678986804207,	0.2018783186438229,	-0.1309737531621283,	-0.1598640970143779,	0.0485121861073681,	0.0596853813987607,	-0.0127393582080343,	-0.0673860420128962,	-0.1208072257161650,	0.2011086903388263,	0.1667095484532675,	
  -0.0351678986804207,	5.8257853232006012,	-0.0102439933044279,	0.0480100441793739,	-0.1046837367587053,	-0.0852910081763934,	-0.0279447676524671,	-0.0530043323595719,	-0.0219868676635845,	0.0060176430463551,	0.0915759317982679,	-0.0163202418480305,	
  0.2018783186438228,	-0.0102439933044279,	3.5697820602596488,	-0.1018897498028955,	-0.0313622954598924,	-0.1096380639170621,	0.0305368784735235,	-0.0974635172911141,	-0.0687186365086719,	-0.1052639224940210,	0.2325895791506433,	0.1183081616708772,	
  -0.1309737531621283,	0.0480100441793739,	-0.1018897498028955,	6.9982746543797854,	-0.0739661118865993,	0.0305301674622721,	-0.3184023538925400,	0.0765981477947042,	0.1091491834096085,	-0.0782330923064675,	0.1245064832435894,	0.1564872109157720,	
  -0.1598640970143778,	-0.1046837367587053,	-0.0313622954598923,	-0.0739661118865993,	3.0328902018400803,	0.1433783998271528,	0.0999947943174814,	0.2125954964205743,	-0.0898693352427987,	-0.0363216610723733,	-0.1380182557065733,	-0.0206948773538475,	
  0.0485121861073681,	-0.0852910081763934,	-0.1096380639170621,	0.0305301674622721,	0.1433783998271528,	9.2608857730967795,	0.0130792327389586,	0.1646372238347538,	-0.0112938473815875,	-0.1454962416295313,	-0.0921020514106538,	-0.0041685984159277,	
  0.0596853813987608,	-0.0279447676524671,	0.0305368784735235,	-0.3184023538925399,	0.0999947943174814,	0.0130792327389586,	7.4945464280111285,	0.0285978692765877,	-0.1862230019656877,	0.1171693896080143,	-0.0818718899741130,	-0.2012514417129491,	
  -0.0127393582080343,	-0.0530043323595719,	-0.0974635172911141,	0.0765981477947042,	0.2125954964205742,	0.1646372238347538,	0.0285978692765876,	2.4437621005264787,	-0.1579694963486685,	-0.1939717879433750,	-0.0854856373067595,	-0.0239859736337857,	
  -0.0673860420128962,	-0.0219868676635845,	-0.0687186365086719,	0.1091491834096085,	-0.0898693352427987,	-0.0112938473815876,	-0.1862230019656877,	-0.1579694963486685,	3.9689565691249653,	0.0763805125668577,	-0.0164719198498840,	0.0691790778874148,	
  -0.1208072257161650,	0.0060176430463551,	-0.1052639224940210,	-0.0782330923064675,	-0.0363216610723732,	-0.1454962416295313,	0.1171693896080142,	-0.1939717879433751,	0.0763805125668577,	8.3751618038079094,	-0.1777007749827043,	-0.0463484058019156,	
  0.2011086903388261,	0.0915759317982679,	0.2325895791506432,	0.1245064832435894,	-0.1380182557065733,	-0.0921020514106538,	-0.0818718899741130,	-0.0854856373067595,	-0.0164719198498840,	-0.1777007749827043,	7.0464643176321600,	0.2227653579212085,	
  0.1667095484532675,	-0.0163202418480305,	0.1183081616708772,	0.1564872109157720,	-0.0206948773538475,	-0.0041685984159277,	-0.2012514417129491,	-0.0239859736337857,	0.0691790778874148,	-0.0463484058019156,	0.2227653579212085,	2.9653615955370007,	
};

const PROGMEM tinytype Quu_inv_data[4*4] = {
  0.0093690510901486,	0.0012643875802570,	0.0008491875082025,	-0.0003559277165908,	
  0.0012643875802570,	0.0095312441139661,	-0.0004673399893814,	0.0000704648032258,	
  0.0008491875082025,	-0.0004673399893814,	0.0095398031995707,	0.0001760721850183,	
  -0.0003559277165908,	0.0000704648032258,	0.0001760721850183,	0.0093384452578817,	
};

const PROGMEM tinytype AmBKt_data[12*12] = {
  0.1417026771076971,	0.1349500133076443,	0.0905441404493559,	0.0494887990791118,	-0.0029242757766110,	-0.0175185811524614,	-0.0795402516409627,	0.0361815976837635,	-0.0699041932933990,	0.0050334178414460,	0.0313403319748323,	0.1325968420413950,	
  -0.0201412106165066,	-0.0276448897381342,	0.0090725100095238,	0.1214552525327493,	-0.0298457552694785,	-0.0657870349604341,	-0.0687766287016894,	-0.0496374106443903,	0.0617059080031859,	0.0800406823650531,	0.0724557950025834,	0.0793161133435888,	
  -0.1226010969362637,	0.0266161298100625,	-0.0342576599162828,	0.1040586233067730,	0.0691329230125287,	-0.0104547308213525,	-0.0689208218203575,	-0.0472693001397658,	0.0942126873204242,	0.1334533487255261,	0.0890015648534836,	0.1050171028042800,	
  -0.0201902852897608,	-0.0164308156447818,	0.0093937975442346,	0.0858192482793460,	-0.0683178594287695,	0.0126687318362553,	-0.1011222668689533,	0.0565679354995873,	0.0897630837421979,	-0.1092607980673884,	0.0499448916090369,	0.0440027644192521,	
  0.0772293684301019,	0.0256218382234926,	0.0623575771881193,	-0.0250173698094656,	-0.1408097187397834,	-0.0270269741857356,	-0.0016788251434222,	0.0348479854986457,	-0.0848942916615618,	0.0543051404989289,	0.0912827507826986,	0.0665439292998577,	
  0.1331254630241824,	-0.0001767966542549,	0.0954467892079480,	-0.1056562847259652,	-0.0658201872470294,	-0.0538884830940771,	0.0719119694225375,	-0.1186964217342961,	0.0403327743582024,	0.0295328064443278,	0.0901229014184271,	0.0240517347766963,	
  0.1216445273022533,	0.0208001640977582,	0.0531052150489323,	0.0905340620249687,	-0.1063647738039951,	-0.0316536578416438,	-0.1180060482437804,	-0.0063874795153172,	-0.0009088490286341,	-0.1194758970463286,	0.1248922170986109,	0.0892592865051155,	
  -0.1491857952743788,	0.0377457538286017,	0.0669444978682069,	0.0418737693344716,	-0.0883098858131941,	-0.0211966704117064,	0.0811486437710024,	-0.0897020389915182,	-0.1143377899106374,	-0.0346012973187115,	0.0983041545118403,	-0.0635111837408314,	
  -0.0106596091562384,	0.1062870529866498,	-0.0620377856162310,	0.0191097540885445,	-0.0677971872541379,	-0.0653609299135861,	0.1200996737086721,	0.1215637613732833,	-0.0744898198004876,	0.0089353023439113,	0.0564788481168644,	-0.0870922298332911,	
  0.0843988913369578,	-0.0294800227743537,	0.0479741157382942,	0.0120491708152222,	0.1216449470110998,	0.1217719400802185,	0.0357120272020762,	0.1056400727097297,	-0.0696468789376498,	-0.1278599789586684,	0.1076746112232701,	0.0548810455532411,	
  -0.0902695887294091,	0.0382557443790290,	0.0749179996285802,	-0.0300504575341155,	0.0721107095101827,	-0.1227921932367159,	-0.0230486822941438,	-0.0137401836242808,	-0.0300995597439747,	-0.0786040717238129,	0.0649104080352692,	-0.0121300401952661,	
  0.0807455379244369,	-0.1338210015094715,	0.0826960353122290,	-0.0961450398024179,	0.1099837431251976,	-0.1058268110777414,	0.1179054823712137,	0.1291357077782526,	-0.1156311230723244,	0.0534443798139589,	-0.0604909680465173,	0.0185195057425836,	
};

const PROGMEM tinytype coeff_d2p_data[12*4] = {
  -0.0175767418810104,	-0.0149310566647688,	-0.0008638951768733,	0.0066981402029779,	
  0.0406829378158708,	-0.0224381954520679,	0.0147506342293541,	0.0445307913485317,	
  -0.0194755423366008,	-0.0185451047999049,	-0.0169284646540220,	0.0141071240719956,	
  -0.0458008936446862,	0.0256725457350643,	0.0498095894283676,	-0.0286854747084963,	
  0.0206766512420954,	0.0137016144365142,	0.0151657885846991,	0.0061776994903174,	
  0.0089577532798782,	0.0518876413372241,	-0.0683516638062813,	0.0316747161420382,	
  0.0494740597456592,	-0.0540876725386107,	-0.0580923325542681,	-0.0326191979680487,	
  -0.0084182001570675,	0.0199505786811736,	-0.0209720914162137,	0.0037682355815868,	
  0.0246962605560251,	-0.0299932260505451,	-0.0013847593998398,	0.0211960813445774,	
  -0.0333773265967130,	0.0343062941603912,	0.0122677836615089,	0.0443812048486992,	
  -0.0022862170228505,	-0.0171064620582852,	0.0059103607680597,	0.0621396134558206,	
  -0.0081913837252742,	-0.0019003715373142,	0.0049672967370774,	-0.0182762364365646,	
};

const PROGMEM tinytype dKinf_drho_data[4*12] = {
  -0.0000763158220665,	-0.0000304046059206,	0.0000095488969762,	-0.0000208761932444,	0.0001647492718312,	0.0001134873701131,	0.0000063714120591,	0.0000666704524637,	0.0000134233741548,	-0.0000647020063422,	-0.0000524694801134,	0.0000084569880379,	
  -0.0000370677226348,	0.0000810062741563,	-0.0000663070146138,	0.0001457270105506,	-0.0000169879110141,	-0.0001030409821684,	-0.0001251527176036,	0.0000485824526996,	0.0000047130929551,	0.0000300677716881,	0.0000041875996091,	0.0000427845075150,	
  0.0001195668094095,	0.0000503959676196,	0.0000869995193276,	-0.0000507665082457,	-0.0000909460587271,	-0.0000676120285990,	0.0000444210388968,	-0.0001795167044987,	-0.0000084968855299,	0.0000207836180769,	0.0001255466570407,	0.0000263643255795,	
  0.0000527708833718,	-0.0000693450185773,	-0.0000720913928371,	0.0000091383455970,	-0.0000949555157254,	0.0000718132526621,	-0.0000634917690646,	0.0000461930768538,	0.0000360640247270,	-0.0000272257819946,	-0.0001653361207788,	-0.0000243550689864,	
};

const PROGMEM tinytype dPinf_drho_data[12*12] = {
  0.0003075785492498,	0.0000847711721349,	0.0000887679624936,	-0.0000611240478256,	-0.0003715027638701,	-0.0001880069761134,	0.0000344240224208,	-0.0003323652529494,	-0.0000100735216993,	0.0000979941116678,	0.0001692113842347,	0.0000220746510657,	
  0.0000847711721349,	0.0002307985920019,	0.0000522212160168,	0.0001367421862682,	-0.0001468026574333,	-0.0003391240941434,	-0.0000638640654180,	-0.0001938898598808,	-0.0000423799310219,	0.0001352124928110,	0.0003033690244024,	0.0000941562295124,	
  0.0000887679624936,	0.0000522212160168,	0.0001888287997816,	-0.0001551007512680,	0.0000036193852091,	-0.0000549770705429,	0.0001800424167495,	-0.0002390823788092,	-0.0000442579218346,	0.0000253570094162,	0.0002583281868170,	0.0000183975449911,	
  -0.0000611240478256,	0.0001367421862682,	-0.0001551007512680,	0.0003000543011441,	-0.0000628473733911,	-0.0002245564826164,	-0.0002644910275440,	0.0001229076109991,	0.0000147925428144,	0.0000719829596633,	-0.0000151333080282,	0.0000758485583926,	
  -0.0003715027638701,	-0.0001468026574333,	0.0000036193852091,	-0.0000628473733911,	0.0006859566950564,	0.0003703419437055,	0.0000556265918598,	0.0003691044722453,	0.0000280264631030,	-0.0001975569916924,	-0.0001755500464683,	-0.0000007930283339,	
  -0.0001880069761134,	-0.0003391240941434,	-0.0000549770705429,	-0.0002245564826164,	0.0003703419437055,	0.0005775447806444,	0.0001209880785081,	0.0003223513825722,	0.0000651338694706,	-0.0002418669891055,	-0.0004517044873497,	-0.0001302349580035,	
  0.0000344240224208,	-0.0000638640654180,	0.0001800424167495,	-0.0002644910275440,	0.0000556265918598,	0.0001209880785081,	0.0002831652797383,	-0.0001628302947783,	-0.0000460793519812,	-0.0000277220515196,	0.0001366731784731,	-0.0000632178733979,	
  -0.0003323652529494,	-0.0001938898598808,	-0.0002390823788092,	0.0001229076109991,	0.0003691044722453,	0.0003223513825722,	-0.0001628302947783,	0.0005332420307423,	0.0000667516108335,	-0.0001502658296147,	-0.0004617666958790,	-0.0000513726925991,	
  -0.0000100735216993,	-0.0000423799310219,	-0.0000442579218346,	0.0000147925428144,	0.0000280264631030,	0.0000651338694706,	-0.0000460793519812,	0.0000667516108335,	0.0000268328243721,	-0.0000336485157916,	-0.0001049484083023,	-0.0000041602818228,	
  0.0000979941116678,	0.0001352124928110,	0.0000253570094162,	0.0000719829596633,	-0.0001975569916924,	-0.0002418669891055,	-0.0000277220515196,	-0.0001502658296147,	-0.0000336485157916,	0.0001149099514401,	0.0001888142810480,	0.0000402645665443,	
  0.0001692113842347,	0.0003033690244024,	0.0002583281868170,	-0.0000151333080282,	-0.0001755500464683,	-0.0004517044873497,	0.0001366731784731,	-0.0004617666958790,	-0.0001049484083023,	0.0001888142810480,	0.0006284742602079,	0.0001109381198392,	
  0.0000220746510657,	0.0000941562295124,	0.0000183975449911,	0.0000758485583926,	-0.0000007930283339,	-0.0001302349580035,	-0.0000632178733979,	-0.0000513726925991,	-0.0000041602818228,	0.0000402645665443,	0.0001109381198392,	0.0000652922680991,	
};

const PROGMEM tinytype dC1_drho_data[4*4] = {
  -0.0000903367587781,	-0.0000235454874069,	-0.0000153254881421,	0.0000064205920989,	
  -0.0000235454874069,	-0.0000929500394678,	0.0000078872686747,	-0.0000007039040095,	
  -0.0000153254881421,	0.0000078872686747,	-0.0000921408637797,	-0.0000030299845401,	
  0.0000064205920989,	-0.0000007039040095,	-0.0000030299845401,	-0.0000874191740240,	
};

const PROGMEM tinytype dC2_drho_data[12*12] = {
  -0.0001473815402500,	0.0000405970495146,	-0.0000249467223251,	0.0000838905606734,	0.0002094001588453,	0.0000296419959268,	-0.0000614145210327,	0.0001190764714299,	0.0000038559363241,	-0.0000376014811935,	-0.0000104641845111,	0.0000408304854752,	
  -0.0000148182504528,	0.0001196828497575,	0.0000084634899234,	0.0000906088530297,	-0.0000553772351197,	-0.0002012504845796,	-0.0000205409325615,	-0.0000479242861412,	-0.0000387201144432,	0.0000907538226048,	0.0001716137521653,	0.0000319493835840,	
  -0.0000072001136637,	0.0000736968159445,	0.0000513106956561,	0.0000200282125636,	0.0000550559673571,	-0.0000568788230096,	0.0000007068562364,	-0.0000631547124187,	-0.0000112730748729,	0.0000061320538866,	0.0001107254549723,	0.0000443534290057,	
  -0.0001203802332090,	-0.0001447755574618,	-0.0000677029651115,	-0.0000446607205273,	0.0001788023700224,	0.0002434651725232,	-0.0000006944767951,	0.0002067903027080,	0.0000347190512336,	-0.0001024517330990,	-0.0002367881550499,	-0.0000487868978238,	
  -0.0000357215964182,	-0.0000153713834309,	-0.0000194560488030,	-0.0000000101595969,	-0.0000073182854848,	-0.0000184722343960,	0.0000239468407726,	0.0000454245853129,	-0.0000154026804054,	0.0000258531749527,	0.0000024473023242,	-0.0000266828206491,	
  0.0000979560411017,	0.0000284179063011,	0.0001284506789261,	-0.0001148354007930,	-0.0000416306667777,	-0.0000409257945108,	0.0001230375229918,	-0.0001884467400672,	-0.0000250171537710,	0.0000189540484893,	0.0001665341359927,	0.0000070128806997,	
  0.0001647669202185,	0.0001178584197867,	-0.0000236079742426,	0.0001129633513456,	-0.0002869622234421,	-0.0002271171586765,	-0.0001104356765972,	-0.0001560057649866,	0.0000006084117813,	0.0000926768857629,	0.0000914421651319,	0.0000455240511549,	
  0.0000824390093352,	-0.0000112722732213,	0.0001482803711288,	-0.0001639661065237,	0.0000327572030239,	0.0000485365076128,	0.0001518444348619,	-0.0001740739484210,	-0.0000149124606815,	-0.0000253241333565,	0.0001274637227582,	0.0000011494403458,	
  0.0000287295865420,	0.0001636974174982,	-0.0000026832422095,	0.0001400972444369,	-0.0001241067306798,	-0.0002645417196986,	-0.0000736615509852,	-0.0000893387763807,	-0.0000330201673131,	0.0001094488765651,	0.0001911944412425,	0.0000567526697506,	
  -0.0000763754479214,	-0.0000301904759530,	0.0000648348312295,	-0.0000846011504993,	0.0001721734028022,	0.0000893659177405,	0.0000983299329937,	0.0000199016277508,	-0.0000143236879983,	-0.0000398879677661,	0.0000392527349989,	-0.0000096169757401,	
  -0.0000558070776750,	0.0000856427752584,	0.0000523308545940,	0.0000254724547105,	0.0000763253349490,	-0.0000997559696221,	0.0000331464439082,	-0.0000350326179355,	-0.0000349575286960,	0.0000380462284125,	0.0001621962860573,	0.0000310952910291,	
  0.0000124258163842,	-0.0000675314882910,	-0.0000651983885264,	0.0000081308698992,	-0.0000318245283673,	0.0000877064155663,	-0.0000531319896563,	0.0000710823806822,	0.0000319922481609,	-0.0000366957015357,	-0.0001560118270367,	-0.0000212878675030,	
};

