#pragma once

typedef float tinytype;

const PROGMEM tinytype Adyn_data[12*12] = {
  0.0242280321241121,	0.0539635424849565,	0.1257484246012003,	-0.0691308942085071,	0.1158511273306575,	-0.0299080343049473,	-0.0089630873469532,	-0.0778543715367569,	0.0404639768710872,	0.0281685026763571,	-0.0860352549214367,	0.1023408328708149,	
  -0.1064338080508578,	-0.0101368014558256,	-0.0682773976365007,	0.0384289482481272,	0.1406895324148504,	-0.0276892274936641,	0.1272060907924365,	0.0685334485739611,	0.0767818061005900,	-0.0936817978109941,	-0.0382280825151213,	0.0283687184441607,	
  -0.0141871096637263,	0.1053744710488642,	0.0535596906556935,	-0.1139874207381183,	0.0316686101853254,	-0.1198971265797308,	0.1025980200552194,	0.0203929075845056,	-0.0217614160091636,	-0.0959483104780667,	-0.0188857351470772,	0.1312721934854030,	
  -0.1223966673982988,	-0.1327173933028263,	-0.1079134923086257,	-0.1303548335759875,	-0.0096442841325893,	0.1135023968109919,	0.1096310170948495,	-0.0925132419745820,	-0.0578872171182022,	0.0264406648649776,	-0.1379422449983458,	-0.1275090647296839,	
  0.0261658657077269,	-0.0845341876941936,	-0.1167968987712569,	0.0957888562717516,	0.0197818619298963,	-0.0469851461577280,	0.1084580491261268,	0.0123411173210939,	0.0702715303731787,	-0.1360839391301043,	-0.0014599436687522,	0.0892189072425589,	
  0.1194765044586806,	0.0800242683883167,	-0.0275789953265870,	0.1323293243559543,	-0.0323731345107913,	-0.1327432228196700,	0.0645536177442061,	-0.0310845518710259,	0.1098654673996271,	0.1398733046500786,	0.0544171715014176,	-0.0697109288945658,	
  -0.0435935447567010,	0.0140527044753976,	-0.0449228058414152,	0.0819979476866160,	-0.0182879131470690,	0.0422491902916870,	0.1123038986851231,	0.0781017318513708,	-0.1030194278139518,	-0.1299953658807879,	0.1191189258209652,	-0.1023131129481754,	
  0.0376261297408005,	0.0020021568977705,	-0.1003586972030715,	-0.1031461278904016,	0.0994843933960466,	-0.0501676538608882,	0.0471198781273178,	-0.0069270474482444,	-0.0492706730431733,	-0.1183967121661080,	-0.0852187917046727,	-0.0487813796251759,	
  -0.0396971642847625,	-0.0457134277256933,	-0.0338167889323787,	0.0970619372817585,	-0.0950945930090458,	0.0332367398239829,	-0.0400292136576506,	-0.0370149214507578,	0.0609793389997233,	0.0393204577578904,	0.0682711646486185,	-0.0727367808546801,	
  0.0958971829934562,	-0.0029361796306120,	0.1293377923124442,	-0.0463524208709145,	-0.0017160236924763,	0.0297445934520083,	0.0321159451627177,	0.0703966868241525,	0.1024626124845049,	0.1225647830799615,	-0.0729417786649974,	0.0909835076512980,	
  0.1127054363908244,	0.1390591052911059,	0.0272600453786893,	0.1313311978240951,	0.0173245936742408,	0.0369928200959723,	0.0770147818636576,	0.1263845932758537,	-0.1410168212029068,	-0.0040151704449133,	-0.0756805363026618,	0.0879955975087979,	
  -0.1113225440412467,	-0.0093452745865592,	0.0592037907414004,	0.0335962360484722,	0.1321916186902511,	0.0305577526533104,	0.0210002669139350,	-0.0786831455869315,	-0.1026128324455086,	-0.0910494215282421,	-0.1286758612323621,	0.0317023779061520,	
};

const PROGMEM tinytype Bdyn_data[12*4] = {
  0.8821742760618010,	0.1321304496362830,	0.6151528899772287,	-0.6624334677778212,	
  0.8032868570556528,	0.4856671322617916,	-0.8778527136326433,	-0.5317452389779034,	
  -0.6212941596109260,	-0.6141048402772014,	0.6511888425847150,	0.4323370519424239,	
  -0.2010772130295999,	0.3589027392138808,	0.9789718479820562,	0.0096485189087314,	
  0.0875315380600075,	-0.9975084250384318,	-0.3316613092052028,	0.1000800537515334,	
  0.4365473245144806,	0.3504158728032571,	0.0702372946528673,	-0.6053813485940351,	
  -0.4112911763293450,	0.1399200399832921,	0.4373955083067904,	0.5320273379440881,	
  0.0653594513089888,	-0.7873505831846566,	-0.2171345152500268,	-0.9877164999335146,	
  0.2598897090046814,	0.6729234290709383,	-0.1927509935704017,	0.4494066684674913,	
  -0.6637484331544299,	-0.6460963225074785,	0.0644284015721956,	0.9808941055363642,	
  0.2844054041445288,	-0.2105913678833760,	0.8994439247803054,	0.9446282815456073,	
  0.7715737257460722,	-0.1090093748451273,	0.0222306392325444,	0.2718175409789303,	
};

const PROGMEM tinytype Q_data[12] = {
  8.1822543164710417,4.3692701312032751,3.7611739798676003,4.9498246460082758,8.7624252765809043,5.3273442977441050,9.5933624347224846,6.6991727145762781,9.8210045070952496,2.2666923014817408,
  0.7492913034354933,2.1217505026519117,
};

const PROGMEM tinytype Qf_data[12] = {
  73.6402888482393791,39.3234311808294734,33.8505658188084055,44.5484218140744801,78.8618274892281335,47.9460986796969451,86.3402619125023563,60.2925544311865025,88.3890405638572503,20.4002307133356666,
  6.7436217309194397,19.0957545238672068,
};

const PROGMEM tinytype R_data[4] = {
  0.1000000000000000,0.1000000000000000,0.1000000000000000,0.1000000000000000,
};

const PROGMEM tinytype umin[4] = {
  -3.0,	
  -3.0,	
  -3.0,	
  -3.0,	
};

const PROGMEM tinytype umax[4] = {
  3.0,	
  3.0,	
  3.0,	
  3.0,	
};

const PROGMEM tinytype xmin[12] = {
  -10000.0,	
  -10000.0,	
  -10000.0,	
  -10000.0,	
  -10000.0,	
  -10000.0,	
  -10000.0,	
  -10000.0,	
  -10000.0,	
  -10000.0,	
  -10000.0,	
  -10000.0,	
};

const PROGMEM tinytype xmax[12] = {
  10000.0,	
  10000.0,	
  10000.0,	
  10000.0,	
  10000.0,	
  10000.0,	
  10000.0,	
  10000.0,	
  10000.0,	
  10000.0,	
  10000.0,	
  10000.0,	
};

const PROGMEM tinytype rho_value = 85.0;

const PROGMEM tinytype Kinf_data[4*12] = {
  -0.0010710015216945,	0.0014874643876156,	0.0046549209553443,	0.0045816296977519,	0.0130374088783866,	-0.0046983912661277,	-0.0012335090281657,	-0.0088466551207943,	0.0098218436029257,	0.0024069277327520,	-0.0092298254237796,	0.0081788533175860,	
  -0.0091928975112211,	0.0007731179896732,	0.0052086636675406,	0.0072892849344798,	-0.0116737697068967,	0.0107343812316511,	-0.0100861613624096,	-0.0044977743952669,	0.0006318533999053,	0.0204265590567372,	0.0092733868314007,	-0.0184802681302550,	
  -0.0014195749180665,	0.0045482520862730,	0.0083586257623081,	-0.0132270599447791,	0.0007629102391256,	0.0057978907216524,	0.0056444089600994,	-0.0061526737697413,	-0.0120569644916715,	0.0048964351790732,	-0.0079278458264145,	-0.0034287922522930,	
  -0.0063834310954554,	-0.0045271364666260,	0.0031673605746583,	0.0120687967466430,	-0.0158817319118713,	0.0109668951808743,	0.0001210205986493,	0.0074711677133837,	-0.0034208054906745,	-0.0004879471414875,	0.0122850064378717,	-0.0009526131001189,	
};

const PROGMEM tinytype Pinf_data[12*12] = {
  8.5171044862763150,	0.1629714360253928,	0.1214798710260459,	0.0673483886729031,	-0.0602301324313379,	-0.1819861659825731,	-0.1032566856159090,	0.0243542615118420,	0.1524503357362470,	0.2231932935882479,	0.0583869997847765,	0.1101459424748687,	
  0.1629714360253929,	4.6715852682941401,	0.2485893692574339,	-0.0255657612598276,	0.0726137297221941,	-0.1735383664120108,	-0.0536035147456790,	0.0673344762879120,	-0.0057792425603910,	0.0959398629818653,	0.0521730291169246,	0.1308738216425398,	
  0.1214798710260459,	0.2485893692574340,	4.2949155812364381,	-0.1825762933465079,	0.0795165660825483,	-0.0495905760352323,	-0.2708370925573831,	-0.0504888485671230,	0.0763050747758190,	0.3107967183774140,	-0.0925921301117140,	0.3082927700604773,	
  0.0673483886729031,	-0.0255657612598276,	-0.1825762933465079,	5.5336607202222519,	-0.2101435061598227,	-0.0527293452372462,	0.0809139471271412,	0.1156922059561364,	0.1265985522602459,	-0.0506395199726494,	0.3870337541157259,	-0.1334917454677567,	
  -0.0602301324313379,	0.0726137297221941,	0.0795165660825484,	-0.2101435061598227,	9.1517390521177262,	-0.0843476837758699,	0.1527787028253080,	-0.0024780982969695,	-0.0481716566831325,	-0.2330105557711419,	-0.2737042853548473,	0.2298091615762754,	
  -0.1819861659825731,	-0.1735383664120108,	-0.0495905760352323,	-0.0527293452372462,	-0.0843476837758699,	5.6199175723347548,	-0.0575483695585432,	-0.0166148472410641,	-0.1643968457377117,	0.0054941550888727,	-0.0324493538369418,	-0.1863840914143340,	
  -0.1032566856159090,	-0.0536035147456789,	-0.2708370925573831,	0.0809139471271412,	0.1527787028253080,	-0.0575483695585432,	10.0624676642843109,	0.1089698259059270,	-0.0592750988490144,	-0.3586948979898115,	-0.0269768021984733,	-0.0452681431946181,	
  0.0243542615118420,	0.0673344762879120,	-0.0504888485671231,	0.1156922059561364,	-0.0024780982969695,	-0.0166148472410641,	0.1089698259059270,	6.9197241544918677,	-0.0591801922407594,	-0.1551454579832949,	0.1512944041331474,	0.0006004119167206,	
  0.1524503357362470,	-0.0057792425603910,	0.0763050747758190,	0.1265985522602459,	-0.0481716566831325,	-0.1643968457377117,	-0.0592750988490144,	-0.0591801922407593,	10.2231656835452931,	0.2497603452819797,	0.0127275310407508,	0.1874601384517496,	
  0.2231932935882479,	0.0959398629818654,	0.3107967183774140,	-0.0506395199726494,	-0.2330105557711419,	0.0054941550888727,	-0.3586948979898114,	-0.1551454579832948,	0.2497603452819796,	2.9918860364243045,	-0.0370823840947346,	-0.0186393310631715,	
  0.0583869997847765,	0.0521730291169246,	-0.0925921301117140,	0.3870337541157259,	-0.2737042853548473,	-0.0324493538369418,	-0.0269768021984732,	0.1512944041331475,	0.0127275310407508,	-0.0370823840947347,	1.2233803706347866,	-0.1928799449845886,	
  0.1101459424748687,	0.1308738216425398,	0.3082927700604773,	-0.1334917454677568,	0.2298091615762754,	-0.1863840914143340,	-0.0452681431946181,	0.0006004119167206,	0.1874601384517496,	-0.0186393310631715,	-0.1928799449845886,	2.6793332593304493,	
};

const PROGMEM tinytype Quu_inv_data[4*4] = {
  0.0099151858629070,	-0.0005070602515205,	0.0003057396689754,	0.0010523531066517,	
  -0.0005070602515205,	0.0092668691986832,	-0.0002835095092868,	-0.0002670381139530,	
  0.0003057396689754,	-0.0002835095092868,	0.0096650711212141,	-0.0002614763785535,	
  0.0010523531066517,	-0.0002670381139530,	-0.0002614763785535,	0.0093735549560611,	
};

const PROGMEM tinytype AmBKt_data[12*12] = {
  0.0230321610142964,	0.0467523901141403,	0.1179100828601500,	-0.0580043875345071,	0.0949024238488778,	-0.0234833238375756,	-0.0099342347662788,	-0.0607218004195227,	0.0368667325348740,	0.0200109137454738,	-0.0661034004439962,	0.0990456536675747,	
  -0.1057493352205241,	-0.0101217278717917,	-0.0655244399935095,	0.0260145339619728,	0.1281110069618283,	-0.0182071192875118,	0.1381147812968584,	0.0763958880498425,	0.0561819417632399,	-0.1014968742439413,	-0.0357446515358696,	0.0272574898308736,	
  -0.0168137143829579,	0.1057688773069612,	0.0528380202592694,	-0.1032689699546780,	0.0389692202155462,	-0.1247410910411314,	0.0919097897610738,	0.0129109172864031,	-0.0059408359973032,	-0.0848863978765492,	-0.0190740787567242,	0.1276494863731048,	
  -0.1178613507648262,	-0.1371047028616993,	-0.1170603170814887,	-0.1192172432712310,	-0.0034266428214248,	0.1029232724719739,	0.1074760523383717,	-0.0867266304726365,	-0.0443026075797954,	0.0148047309587054,	-0.1354837907445966,	-0.1158659824523673,	
  0.0172576554515391,	-0.0819316407291542,	-0.1095534221235415,	0.0970641924667938,	0.0088384662359880,	-0.0350408844594671,	0.1003649094506507,	0.0058405920933755,	0.0663856141548563,	-0.1142461645848331,	0.0047393948089735,	0.0690269163180810,	
  0.1194006814890909,	0.0760439060730869,	-0.0301059132850589,	0.1360102023841799,	-0.0436419953085826,	-0.1282217246157064,	0.0683032694452057,	-0.0206914239603825,	0.1041323131187570,	0.1310254698088347,	0.0631908293636544,	-0.0671414712529634,	
  -0.0387306920995450,	0.0149754860827669,	-0.0490782221334889,	0.0822269413176741,	-0.0031765255498662,	0.0304441689619605,	0.1106745980138923,	0.0738087958344574,	-0.0919745750064603,	-0.1337455802374833,	0.1109568922921298,	-0.0943569083486561,	
  0.0238448376651274,	-0.0009702929319553,	-0.0916184954524647,	-0.0886578595176753,	0.0739199316066518,	-0.0293177427483227,	0.0406042846153375,	-0.0038467224289806,	-0.0554119023754889,	-0.1018899328199645,	-0.0669014342495166,	-0.0655518157007501,	
  -0.0306375738685017,	-0.0437090481954310,	-0.0383438863440660,	0.0829927615745658,	-0.0833429203326710,	0.0234233401061118,	-0.0318878450939885,	-0.0362326356303652,	0.0572148948811616,	0.0261124912902141,	0.0573805580512212,	-0.0626593676967310,	
  0.0955997410138501,	0.0026982360792393,	0.1321474090287917,	-0.0495878044078181,	0.0149243004763347,	0.0224305761782916,	0.0242982050745384,	0.0546867204176653,	0.1135223428366775,	0.1375230572622402,	-0.0846160716662408,	0.0856274996268375,	
  0.1183808877316318,	0.1389844377891997,	0.0165229667716206,	0.1320596900424410,	0.0254744271463997,	0.0250151190550691,	0.0700503911510561,	0.1264299460635967,	-0.1296011906549700,	-0.0043411968917340,	-0.0755767406101121,	0.0857615741175710,	
  -0.1097316128163444,	-0.0092792413665249,	0.0551332074504102,	0.0278693066898571,	0.1251597195425233,	0.0322431707977592,	0.0206941495850293,	-0.0742416150752146,	-0.1089243619992994,	-0.0906560755854558,	-0.1237065235013570,	0.0237124282976648,	
};

const PROGMEM tinytype coeff_d2p_data[12*4] = {
  0.0699564796689610,	0.0058555499702844,	0.0540031578381387,	-0.0432211992329385,	
  0.0326966693667812,	0.0168930688557713,	-0.0362864269203272,	-0.0170024662011711,	
  -0.0177290503791963,	-0.0262127712597311,	0.0215258028746540,	0.0158527868273599,	
  -0.0086117724501591,	0.0197082773381155,	0.0546434355890082,	-0.0010527732662598,	
  0.0135429627568244,	-0.0838182341034969,	-0.0308942832788243,	0.0103047318619540,	
  0.0155331269562109,	0.0171552179521075,	0.0044119659199536,	-0.0301958005191637,	
  -0.0334925027771145,	0.0134917920302068,	0.0374213350968801,	0.0399131191349732,	
  0.0011554620806615,	-0.0472214451440272,	-0.0088970394433682,	-0.0620487396849320,	
  0.0274753129929695,	0.0602660491318648,	-0.0185891598420532,	0.0479124698471464,	
  -0.0132939252283669,	-0.0146233800955316,	0.0017866330059215,	0.0254989415569423,	
  0.0040047898676747,	0.0007490561551914,	0.0137858298544539,	0.0073596032984956,	
  0.0214782523654868,	-0.0064886016570049,	-0.0016872306890179,	0.0090722366952882,	
};

const PROGMEM tinytype dKinf_drho_data[4*12] = {
  0.0000113522518262,	-0.0000120645193459,	-0.0000501320309707,	-0.0000500756558549,	-0.0001177653299102,	0.0000392934542534,	0.0000050176603610,	0.0000784671798916,	-0.0000909280829201,	-0.0000169944279351,	0.0000856494158354,	-0.0000886246627979,	
  0.0000828176021054,	-0.0000062197768129,	-0.0000429003255154,	-0.0000658585094988,	0.0001104750424265,	-0.0000970137876826,	0.0000944776062748,	0.0000374378316036,	-0.0000055667958055,	-0.0001862209608989,	-0.0000899382573801,	0.0001736877483785,	
  0.0000109489627388,	-0.0000444582634778,	-0.0000801101649723,	0.0001312025958359,	-0.0000194794882301,	-0.0000483269139765,	-0.0000566910297584,	0.0000632059113310,	0.0001119337575541,	-0.0000404804463752,	0.0000842626549791,	0.0000240452082614,	
  0.0000585703465231,	0.0000421678751271,	-0.0000307490924757,	-0.0001196726192250,	0.0001316170064312,	-0.0000934388641621,	-0.0000008601832611,	-0.0000633723617871,	0.0000196755251552,	0.0000100783616475,	-0.0001053449615460,	-0.0000052742239890,	
};

const PROGMEM tinytype dPinf_drho_data[12*12] = {
  0.0001726421921802,	0.0000448680441329,	-0.0000692191734241,	-0.0001382088908929,	0.0001762216718935,	-0.0001825833347759,	0.0000877040563398,	0.0000363424678485,	0.0000368906790188,	-0.0001392097132024,	-0.0001440119079862,	0.0001718131001634,	
  0.0000448680441329,	0.0000733637239729,	0.0000466244032560,	-0.0001073759312872,	0.0000793823747903,	-0.0000336440771468,	0.0000191375957201,	-0.0000592270652341,	-0.0000225276422004,	0.0000743461395255,	-0.0000970037425469,	-0.0000144679726112,	
  -0.0000692191734241,	0.0000466244032560,	0.0001428315800016,	-0.0000163264026597,	-0.0000465028255241,	0.0001070193534626,	-0.0000094106411488,	-0.0000808502462908,	-0.0000453283613629,	0.0001740085599978,	-0.0000171416274178,	-0.0000786501620059,	
  -0.0001382088908929,	-0.0001073759312872,	-0.0000163264026597,	0.0003991782555900,	-0.0002243950394302,	0.0001121722810673,	-0.0001545794974335,	0.0000945518686090,	0.0001650968761720,	0.0000758610401801,	0.0002839836847416,	-0.0000625125207788,	
  0.0001762216718935,	0.0000793823747903,	-0.0000465028255241,	-0.0002243950394302,	0.0005739093779455,	-0.0003562266801642,	0.0001034582462550,	-0.0001931579634690,	0.0001567273053136,	-0.0002261239595331,	-0.0004267128201922,	0.0003384552025537,	
  -0.0001825833347759,	-0.0000336440771468,	0.0001070193534626,	0.0001121722810673,	-0.0003562266801642,	0.0003036692496918,	-0.0000704674702635,	0.0000298049908905,	-0.0001582420491929,	0.0002246912935385,	0.0002219633492843,	-0.0002765201242482,	
  0.0000877040563398,	0.0000191375957201,	-0.0000094106411488,	-0.0001545794974335,	0.0001034582462550,	-0.0000704674702635,	0.0001397331133573,	0.0000243658999943,	-0.0000861621396375,	-0.0001765949404690,	-0.0001280658922359,	0.0001568081927777,	
  0.0000363424678485,	-0.0000592270652341,	-0.0000808502462908,	0.0000945518686090,	-0.0001931579634690,	0.0000298049908905,	0.0000243658999943,	0.0002079692663523,	-0.0000302921105438,	-0.0001204432997329,	0.0001834890811728,	0.0000292897088183,	
  0.0000368906790188,	-0.0000225276422004,	-0.0000453283613629,	0.0001650968761720,	0.0001567273053136,	-0.0001582420491929,	-0.0000861621396375,	-0.0000302921105438,	0.0002925837549378,	0.0000037069602525,	-0.0000225501495009,	0.0001342536594158,	
  -0.0001392097132024,	0.0000743461395255,	0.0001740085599978,	0.0000758610401801,	-0.0002261239595331,	0.0002246912935385,	-0.0001765949404690,	-0.0001204432997329,	0.0000037069602525,	0.0005309347672059,	0.0001113878401377,	-0.0003777555960284,	
  -0.0001440119079862,	-0.0000970037425469,	-0.0000171416274178,	0.0002839836847416,	-0.0004267128201922,	0.0002219633492843,	-0.0001280658922359,	0.0001834890811728,	-0.0000225501495009,	0.0001113878401377,	0.0004004898937496,	-0.0002216733820030,	
  0.0001718131001634,	-0.0000144679726112,	-0.0000786501620059,	-0.0000625125207788,	0.0003384552025537,	-0.0002765201242482,	0.0001568081927777,	0.0000292897088183,	0.0001342536594158,	-0.0003777555960284,	-0.0002216733820030,	0.0004394469225039,	
};

const PROGMEM tinytype dC1_drho_data[4*4] = {
  -0.0000998617215690,	0.0000101016396010,	-0.0000058169410771,	-0.0000203107519095,	
  0.0000101016396010,	-0.0000863003603492,	0.0000054141283080,	0.0000054324621602,	
  -0.0000058169410771,	0.0000054141283080,	-0.0000937760619449,	0.0000045637017938,	
  -0.0000203107519095,	0.0000054324621602,	0.0000045637017938,	-0.0000891703357511,	
};

const PROGMEM tinytype dC2_drho_data[12*12] = {
  0.0000111062801448,	0.0000667468715379,	0.0000788043989686,	-0.0001071074342277,	0.0001884628010982,	-0.0000540137891883,	0.0000173940171170,	-0.0001550296775375,	0.0000251273108701,	0.0000711754140870,	-0.0001852925729400,	0.0000369476556164,	
  -0.0000085848224446,	-0.0000038932294055,	-0.0000255699295749,	0.0001237516389313,	0.0000938318396273,	-0.0000765570910459,	-0.0001001390613894,	-0.0000594264495137,	0.0001844686633434,	0.0000739160517735,	-0.0000071674759338,	0.0000051402039992,	
  0.0000254598047507,	-0.0000005952201360,	0.0000079687819985,	-0.0001052545011105,	-0.0000495417365452,	0.0000367031872958,	0.0000984250535369,	0.0000579811900106,	-0.0001413081556807,	-0.0001029145664118,	-0.0000113444080078,	0.0000382227726955,	
  -0.0000387246284737,	0.0000429229258233,	0.0000840389147148,	-0.0001137212580363,	-0.0000455297582564,	0.0000909317673429,	0.0000226078871359,	-0.0000589239368540,	-0.0001260554643973,	0.0001029499968916,	-0.0000319731114397,	-0.0001036461023789,	
  0.0000793871996669,	-0.0000241135029178,	-0.0000618973737291,	-0.0000058195520386,	0.0001008751363868,	-0.0001068882880562,	0.0000750868707449,	0.0000577814641722,	0.0000375611181939,	-0.0001987038698172,	-0.0000587216026905,	0.0001895151552507,	
  0.0000007119723566,	0.0000360965154260,	0.0000239297531926,	-0.0000367246263248,	0.0000937445986838,	-0.0000363300751414,	-0.0000318358134104,	-0.0000901773059413,	0.0000456943765748,	0.0000816181417999,	-0.0000755664861852,	-0.0000270558717217,	
  -0.0000428688138560,	-0.0000070803765316,	0.0000367829374143,	-0.0000050990711854,	-0.0001253971183269,	0.0001005852293377,	0.0000140984517729,	0.0000331044030522,	-0.0000960462519470,	0.0000314103875388,	0.0000670013062108,	-0.0000684641732529,	
  0.0001246928057496,	0.0000278878680049,	-0.0000782670621102,	-0.0001382948270234,	0.0002204502861178,	-0.0001817366098266,	0.0000608998504048,	-0.0000245216157363,	0.0000452985127116,	-0.0001443455736891,	-0.0001621655641840,	0.0001425572158924,	
  -0.0000828917190753,	-0.0000201990207719,	0.0000402749664092,	0.0001364029854929,	-0.0001066394981397,	0.0000877478742461,	-0.0000754209132948,	-0.0000049226423759,	0.0000401103311051,	0.0001173971953131,	0.0001018465974793,	-0.0000868409081866,	
  0.0000028864556898,	-0.0000505242260408,	-0.0000256698261187,	0.0000331444143542,	-0.0001346363480739,	0.0000581679741447,	0.0000688683592975,	0.0001343602333228,	-0.0000904613785953,	-0.0001388744180035,	0.0000966442318712,	0.0000570187953093,	
  -0.0000509631534601,	0.0000022761307671,	0.0001063244458778,	-0.0000045906835543,	-0.0000500502527120,	0.0001001268058738,	0.0000702720743583,	-0.0000114192535856,	-0.0000945760766982,	-0.0000074936336184,	-0.0000195770804843,	0.0000451373382082,	
  -0.0000158950542123,	-0.0000018429803501,	0.0000441430631306,	0.0000610702649143,	0.0000675646801096,	-0.0000144205487641,	0.0000079215406267,	-0.0000406415279843,	0.0000617143749357,	-0.0000090269457326,	-0.0000491275563774,	0.0000882131403821,	
};

