#pragma once

typedef float tinytype;

const PROGMEM tinytype Adyn_data[12*12] = {
  -0.0920852600020048,	0.0932177885072772,	0.0311573057216558,	0.0633043071597714,	0.0121401404629100,	-0.0756250751592018,	-0.0851219689796853,	-0.0518052991468824,	0.1098239858396270,	0.0087170402318547,	0.0176081870835565,	0.0913388720172464,	
  -0.0297744019219708,	-0.1045185782816859,	-0.0437627993132552,	-0.0909535515665232,	0.1158563061936650,	0.1342274153051418,	0.0595714950836252,	0.1057439828590201,	0.0847653511094551,	0.1034981118784689,	-0.0267731633177941,	-0.0676818101932314,	
  0.1062164390958625,	-0.0621314499766082,	-0.0889228732091803,	-0.0972151297742856,	0.0954342061081458,	-0.1242656494962027,	0.1377912723242667,	0.0683551104246046,	0.0293194221700843,	0.0892802584497137,	-0.0380924517275504,	0.0364652627519720,	
  0.0179004748029310,	0.0177555091800517,	0.1114890890443534,	0.0554702766035805,	-0.0438408183806636,	-0.1365351925841685,	0.0747214758060725,	0.0380656875592203,	-0.0963527800731211,	-0.0352705939309722,	-0.0222087248891435,	-0.0460842528118998,	
  -0.1012334939996660,	0.0990100152117410,	-0.0622187368280890,	0.0446085924067937,	0.0541641465186673,	-0.0823349973470470,	0.0441093356889520,	-0.1170636358448379,	0.1223471305917374,	0.0506387397122783,	0.1156689408020516,	-0.0825036877737862,	
  -0.0738652644567554,	-0.0463737054352197,	0.0176442665469101,	0.0792003130526484,	0.0644041913476066,	0.1076266950036806,	0.0110459938795972,	0.1110216195950359,	0.0681865067133405,	-0.1171335623980849,	-0.0826445868841646,	0.0800228193521663,	
  -0.1005509496412628,	-0.0030989989458458,	-0.0125730610669902,	0.1019741435033950,	0.1061104366359977,	0.0801208978297914,	-0.0071554045011473,	-0.0378730868488001,	0.0896101719317997,	-0.0026187090242082,	-0.0360951080115980,	-0.1059085117860974,	
  0.1420579904231634,	0.0291283615741533,	-0.0337665979341594,	-0.0473048171697270,	0.0266794413717991,	-0.0089080033927379,	-0.0560070123379428,	-0.0301801658825355,	0.0564862261689458,	-0.0852632509934477,	-0.1175338042237338,	0.0808954800122964,	
  -0.0154924636551100,	-0.0126555528802639,	-0.1108161498848414,	0.0053816077643778,	0.0993815518113236,	-0.0155038205105801,	0.0714692409123332,	0.0782000297368145,	0.0126156692110681,	0.1053165565155765,	-0.0493383148239514,	0.0186667918786703,	
  0.0118639170563363,	-0.0033159077261799,	0.1042497176246328,	-0.0209541757762738,	0.0736449653661373,	-0.0714342980508449,	-0.0412960860545225,	0.0960888021272100,	-0.0071692862060969,	-0.0510971574103219,	-0.1420521799275988,	0.0058705745255237,	
  -0.0963817006226081,	0.0589794261192255,	0.0963885075516968,	0.0967321702927713,	0.0964050414955162,	-0.0558605752195751,	-0.0986881156950322,	-0.0278155643994294,	0.1262773001889901,	-0.0119525824786368,	-0.0731479243327919,	0.0930966918478657,	
  -0.0622334543441138,	0.1008697246477858,	0.0665080021880445,	0.1437803037380700,	-0.0764655905586873,	-0.1004016692117621,	0.0163317536314123,	-0.0321911733817995,	-0.0395582530254444,	0.0765387080741859,	0.1441976338708332,	0.0934491761167876,	
};

const PROGMEM tinytype Bdyn_data[12*4] = {
  -0.2388394713154942,	0.5211096454675046,	-0.0535282464931324,	0.1562075475416744,	
  0.3145017568264930,	-0.6402052532754510,	-0.0812423097368824,	0.1170047310643567,	
  0.7869329455397427,	-0.7933754182601165,	0.8041999956594057,	0.4003665509066499,	
  0.3270189491688555,	-0.2184248767517745,	0.0738528847237465,	-0.8229316859298894,	
  0.2151885460955392,	-0.3470264662499649,	-0.2328314911113092,	0.6104487663770075,	
  -0.9945484432658729,	-0.9541928517221518,	0.8513044205577407,	-0.4122357205760667,	
  -0.8546280863854336,	0.5151219704998011,	0.5064135521823219,	0.0480865578714877,	
  -0.8205651579031483,	0.9241602026337417,	-0.6678835613406120,	0.6515037510061796,	
  -0.0267918510474714,	-0.8726682321011259,	0.2297343515775840,	-0.7240147743853744,	
  -0.3090074116574315,	-0.8684185929255797,	-0.4295125562524649,	0.0752147400137908,	
  -0.1218254819652165,	-0.6263374438224927,	-0.1332645784409499,	0.6969166563881735,	
  0.1916128338935348,	-0.1562960375462306,	0.8965451231102723,	-0.6602008631760035,	
};

const PROGMEM tinytype Q_data[12] = {
  2.1869304120089610,0.7252212897582521,9.4625400660783416,7.4683246648205168,4.3463210217741555,8.4669137213472787,5.4163588577164354,9.8532369621194089,8.5531923703573831,5.6962971119022434,
  3.3486053958365600,4.4365325606876480,
};

const PROGMEM tinytype Qf_data[12] = {
  19.6823737080806502,6.5269916078242689,85.1628605947050801,67.2149219833846558,39.1168891959674028,76.2022234921255119,48.7472297194479154,88.6791326590746820,76.9787313332164445,51.2666740071201872,
  30.1374485625290411,39.9287930461888294,
};

const PROGMEM tinytype R_data[4] = {
  0.1000000000000000,0.1000000000000000,0.1000000000000000,0.1000000000000000,
};

const PROGMEM tinytype umin[4] = {
  -3.0,	
  -3.0,	
  -3.0,	
  -3.0,	
};

const PROGMEM tinytype umax[4] = {
  3.0,	
  3.0,	
  3.0,	
  3.0,	
};

const PROGMEM tinytype xmin[12] = {
  -10000.0,	
  -10000.0,	
  -10000.0,	
  -10000.0,	
  -10000.0,	
  -10000.0,	
  -10000.0,	
  -10000.0,	
  -10000.0,	
  -10000.0,	
  -10000.0,	
  -10000.0,	
};

const PROGMEM tinytype xmax[12] = {
  10000.0,	
  10000.0,	
  10000.0,	
  10000.0,	
  10000.0,	
  10000.0,	
  10000.0,	
  10000.0,	
  10000.0,	
  10000.0,	
  10000.0,	
  10000.0,	
};

const PROGMEM tinytype rho_value = 85.0;

const PROGMEM tinytype Kinf_data[4*12] = {
  0.0081477449204796,	-0.0016234862369756,	-0.0038879344990123,	-0.0127037271334041,	-0.0087227873532950,	-0.0216662833523383,	0.0160764665899325,	-0.0024922651068401,	-0.0140481968554502,	0.0225355326834461,	0.0182476701312502,	-0.0076569521174217,	
  0.0077476975832467,	0.0083257243712625,	0.0007412398839863,	-0.0008945836796959,	-0.0173062940421315,	0.0071578835712172,	-0.0145026657757831,	-0.0222271152073991,	-0.0030145827167096,	-0.0067095082280605,	0.0098578025912088,	-0.0042785780787275,	
  -0.0073228064186862,	-0.0058027100051785,	-0.0051386239571573,	0.0081286910023227,	0.0058803878037701,	0.0006151378919187,	0.0141803711250761,	0.0086720999381524,	0.0027910800424017,	0.0068269659552376,	0.0055273131085106,	0.0045235116637861,	
  0.0096748363439009,	0.0007157471317503,	-0.0068632159777128,	-0.0122207151077612,	0.0083440364064959,	-0.0014777335485234,	-0.0070118810107593,	-0.0095767127325661,	0.0153244936744083,	-0.0020518090735923,	-0.0055682876938534,	0.0031235055468380,	
};

const PROGMEM tinytype Pinf_data[12*12] = {
  2.7041498557428980,	-0.1206475891774108,	-0.1359128663261334,	-0.3496991882685516,	-0.0016805055555592,	-0.1737352221504090,	0.1251921483209226,	0.1105918899047885,	-0.1191856327790604,	-0.0181645619868871,	-0.2201420452276591,	0.1269205624541382,	
  -0.1206475891774108,	0.9237795803919688,	0.0849981894462723,	0.1603488121378566,	-0.0756516418777475,	-0.1202484962616516,	-0.0954429442589651,	-0.1722601815233021,	0.0418645250220786,	0.0213329586463993,	0.1433674181392757,	0.0208638070513953,	
  -0.1359128663261334,	0.0849981894462723,	9.8992039704560977,	0.1977129092464606,	-0.1685738168171557,	-0.0671558631582504,	-0.1749705947125656,	0.0007292249591680,	-0.1275387753604391,	-0.2158492782569641,	-0.0158078058472192,	0.0017850883045007,	
  -0.3496991882685516,	0.1603488121378566,	0.1977129092464606,	7.8390135582934164,	-0.0444657288144151,	0.0447807843619748,	-0.1086111732619854,	-0.0934652633286258,	0.0599245232760924,	-0.0655391598348585,	0.1306876833110733,	-0.0111017205105119,	
  -0.0016805055555592,	-0.0756516418777475,	-0.1685738168171557,	-0.0444657288144151,	4.7041751548017308,	-0.0020647840594676,	0.0801996964005703,	0.1250070261360901,	0.2350369623782212,	0.0621788218516261,	-0.2506036041499425,	0.0136532411881332,	
  -0.1737352221504089,	-0.1202484962616516,	-0.0671558631582505,	0.0447807843619748,	-0.0020647840594676,	8.9821189477231158,	-0.1577505856611306,	0.0179028427819230,	0.0769880270247099,	-0.1539085182182583,	-0.0182811064491658,	-0.0442537178656114,	
  0.1251921483209227,	-0.0954429442589650,	-0.1749705947125656,	-0.1086111732619854,	0.0801996964005703,	-0.1577505856611306,	5.7225910850537876,	0.1083837210619625,	-0.0586566293642890,	0.1717069019293507,	0.0280155355612805,	-0.0671166139533557,	
  0.1105918899047885,	-0.1722601815233021,	0.0007292249591679,	-0.0934652633286258,	0.1250070261360902,	0.0179028427819230,	0.1083837210619624,	10.1497693053441314,	-0.0555598323177234,	-0.0530311277357154,	-0.2513196207062994,	0.0874375887272678,	
  -0.1191856327790604,	0.0418645250220786,	-0.1275387753604391,	0.0599245232760924,	0.2350369623782212,	0.0769880270247098,	-0.0586566293642890,	-0.0555598323177234,	8.8687369159564522,	-0.0058666992421583,	-0.0798715273306280,	0.0618876816251742,	
  -0.0181645619868871,	0.0213329586463993,	-0.2158492782569641,	-0.0655391598348585,	0.0621788218516261,	-0.1539085182182583,	0.1717069019293507,	-0.0530311277357154,	-0.0058666992421583,	6.0758084381769466,	0.1988986997388302,	-0.0750561058318541,	
  -0.2201420452276591,	0.1433674181392756,	-0.0158078058472192,	0.1306876833110733,	-0.2506036041499424,	-0.0182811064491657,	0.0280155355612806,	-0.2513196207062993,	-0.0798715273306280,	0.1988986997388302,	3.8466441572292780,	-0.1230132017276532,	
  0.1269205624541382,	0.0208638070513953,	0.0017850883045007,	-0.0111017205105119,	0.0136532411881332,	-0.0442537178656114,	-0.0671166139533558,	0.0874375887272678,	0.0618876816251743,	-0.0750561058318541,	-0.1230132017276532,	4.7752710879221105,	
};

const PROGMEM tinytype Quu_inv_data[4*4] = {
  0.0088208131545864,	0.0005495536434449,	-0.0002187792221971,	0.0000625977822400,	
  0.0005495536434449,	0.0082219790174388,	0.0012508794363899,	-0.0007898702059789,	
  -0.0002187792221971,	0.0012508794363899,	0.0094214608963400,	0.0007635994734124,	
  0.0000625977822400,	-0.0007898702059789,	0.0007635994734124,	0.0094172943700923,	
};

const PROGMEM tinytype AmBKt_data[12*12] = {
  -0.0960799162987279,	0.0880690066417852,	0.0306394708545651,	0.0630804143834879,	0.0180866366798813,	-0.0842661206042998,	-0.0718704360406806,	-0.0388576291893173,	0.1057952501067668,	0.0182817479776298,	0.0179951309002308,	0.0914939184334934,	
  -0.0291036886517717,	-0.0992329878923822,	-0.0416799363546640,	-0.0854406491192951,	0.1070215023317916,	0.1458468911875559,	0.0472032046364211,	0.0941229508196622,	0.0856872975373014,	0.0929098946955546,	-0.0251005029397358,	-0.0680108178537146,	
  0.1079670630292725,	-0.0498684719642157,	-0.0783949644856527,	-0.0895722167743875,	0.0804983856562067,	-0.1014399072527064,	0.1050375808094418,	0.0495420018349513,	0.0296027140425186,	0.0615543761694092,	-0.0468469153186752,	0.0342078967599151,	
  0.0254308374725462,	0.0211225231298484,	0.1076539668362674,	0.0487720958048442,	-0.0383361384248929,	-0.1291479510013081,	0.0594788632350728,	0.0255043106240637,	-0.0800123312552134,	-0.0462983534856950,	-0.0310133978816971,	-0.0422784749659245,	
  -0.1079091111177897,	0.1004606369856052,	-0.0581316597495800,	0.0563845804741272,	0.0463109811115140,	-0.0741433821972706,	0.0431990864283002,	-0.1163754957521586,	0.1156190347301164,	0.0463030312489198,	0.1198492565015325,	-0.0831943033534507,	
  -0.0481468891719263,	-0.0348090652511694,	0.0160300836483791,	0.0537544297739857,	0.0376491244282457,	0.0917756838005322,	-0.0017658817593280,	0.0760035266805903,	0.0552796460349566,	-0.1077807035280104,	-0.0620910233686134,	0.0657617560093648,	
  -0.0943355284047530,	-0.0058710862556543,	-0.0133453307937551,	0.0880491740404546,	0.1041914057958763,	0.0576766454143557,	0.0072106822576660,	-0.0324845290071891,	0.0770067232147030,	0.0167384016039839,	-0.0281094537787857,	-0.1126893347911390,	
  0.1303896580535707,	0.0157600356469445,	-0.0366025174370945,	-0.0435114535678537,	0.0340068575297841,	-0.0319280423087076,	-0.0153733339017069,	0.0003474007591376,	0.0396248740398878,	-0.0546743379318779,	-0.1043512288585511,	0.0795527469729502,	
  0.0001740237030682,	-0.0035821605951280,	-0.1140620096725634,	-0.0064548412071216,	0.0887354777230548,	-0.0110490619716951,	0.0509095196937033,	0.0498103992440224,	0.0200625143100223,	0.0970112217863898,	-0.0455481710554876,	0.0159501269350449,	
  0.0172369476546003,	0.0008664652955026,	0.1020011350394345,	-0.0212460419555380,	0.0578185577712062,	-0.0715379442174784,	-0.0423046790738738,	0.0804613193950564,	-0.0140820267198028,	-0.0468735785952128,	-0.1250599478623076,	0.0014968942159971,	
  -0.0982548498772257,	0.0627242452460752,	0.1004774173275410,	0.1042243078480384,	0.0794713531982743,	-0.0529049969166744,	-0.0990367171659024,	-0.0342110059605800,	0.1123697830161925,	-0.0110698639218322,	-0.0601333547549011,	0.0879100471417859,	
  -0.0496311707183169,	0.1081570114055336,	0.0674447403277687,	0.1307188160725470,	-0.0772623907073935,	-0.0966584822606010,	-0.0063580053573631,	-0.0492851163539681,	-0.0297226907970005,	0.0636966520892147,	0.1336102076157158,	0.0922542303476143,	
};

const PROGMEM tinytype coeff_d2p_data[12*4] = {
  -0.0063399937111941,	0.0170662884622647,	0.0006126511180863,	0.0039510497674784,	
  0.0060232860050710,	-0.0075417742928882,	-0.0014883191462249,	0.0002005171429700,	
  0.0663068550279192,	-0.0517141170382165,	0.0662535170363460,	0.0481417209348723,	
  0.0242879702189084,	-0.0119655256289105,	-0.0009207865642249,	-0.0582209067668000,	
  0.0056615582994709,	-0.0145589170584856,	-0.0112243030637014,	0.0244116813939455,	
  -0.0842800244532287,	-0.0623764403300214,	0.0596467784030315,	-0.0243517493428725,	
  -0.0436800932852868,	0.0272652939846453,	0.0281415951180263,	0.0045569265235449,	
  -0.0673569009179940,	0.0624805962748260,	-0.0431919950113268,	0.0484974584212675,	
  -0.0068329118418123,	-0.0575935163161452,	0.0042277899934759,	-0.0539693460588480,	
  -0.0200320000372972,	-0.0468777848076643,	-0.0327417244490390,	0.0081610382437602,	
  -0.0037377665049899,	-0.0259359270373467,	-0.0064048065470052,	0.0243906105068252,	
  0.0070468259819300,	0.0040123400872706,	0.0363118944310323,	-0.0262323777149322,	
};

const PROGMEM tinytype dKinf_drho_data[4*12] = {
  -0.0000782813149394,	0.0000076375004624,	0.0000325418890763,	0.0001141722763804,	0.0000865257346967,	0.0001882782518133,	-0.0001298465037499,	0.0000374481647484,	0.0001248226563530,	-0.0001928953661894,	-0.0001640143984231,	0.0000713076452301,	
  -0.0000511525652507,	-0.0000592567293116,	-0.0000026310993133,	-0.0000052262605576,	0.0001468300646756,	-0.0000495521142734,	0.0000867435880578,	0.0001650698851021,	0.0000414530210438,	0.0000322995576081,	-0.0001029942858438,	0.0000356643298794,	
  0.0000542252012206,	0.0000429072934592,	0.0000509661081683,	-0.0000691736521322,	-0.0000428168284391,	-0.0000179284511567,	-0.0001053470229909,	-0.0000465757658243,	-0.0000379513878497,	-0.0000493847558489,	-0.0000553573429407,	-0.0000408959527721,	
  -0.0000803268701639,	0.0000047822073086,	0.0000709652800942,	0.0001092154792714,	-0.0000951683394888,	0.0000198448351585,	0.0000409603805124,	0.0000655444098536,	-0.0001471922604198,	0.0000070061638755,	0.0000534043531362,	-0.0000362649968323,	
};

const PROGMEM tinytype dPinf_drho_data[12*12] = {
  0.0002954519094851,	0.0000952829101637,	-0.0000640719734264,	-0.0002957152157360,	-0.0001734831087634,	-0.0001442882371145,	-0.0001342413179281,	-0.0003451609386226,	-0.0000201583261789,	0.0000548394048035,	0.0001302757014838,	-0.0001007092268357,	
  0.0000952829101637,	0.0001184663139010,	0.0000357270967215,	-0.0000332213408733,	-0.0001504202084981,	0.0000808623124637,	-0.0002377902120313,	-0.0002498336124398,	-0.0000001466994381,	-0.0001317463020329,	0.0000160860792424,	-0.0000544725075788,	
  -0.0000640719734264,	0.0000357270967215,	0.0001275911848132,	0.0000987428407889,	-0.0000546455288001,	0.0000945017173169,	-0.0001277150918480,	0.0000158362832183,	-0.0000610659403155,	-0.0001277720637930,	-0.0000825617745438,	-0.0000187028787068,	
  -0.0002957152157360,	-0.0000332213408733,	0.0000987428407889,	0.0003909935313791,	0.0000793289480965,	0.0002850386414414,	0.0000029009025828,	0.0002316856454188,	0.0000221671954752,	-0.0002034669004539,	-0.0001334464991348,	0.0000948791004485,	
  -0.0001734831087634,	-0.0001504202084981,	-0.0000546455288001,	0.0000793289480965,	0.0004902042227684,	0.0000485298649494,	0.0001224285860283,	0.0003693828047561,	0.0003266499682667,	-0.0000602055855512,	-0.0003546153256088,	0.0001866349636131,	
  -0.0001442882371145,	0.0000808623124637,	0.0000945017173169,	0.0002850386414414,	0.0000485298649494,	0.0005364634480150,	-0.0004329481171305,	-0.0000757937811123,	0.0002584225694120,	-0.0005244757629800,	-0.0003057541578941,	0.0001432000261957,	
  -0.0001342413179281,	-0.0002377902120313,	-0.0001277150918480,	0.0000029009025828,	0.0001224285860283,	-0.0004329481171305,	0.0007536945366767,	0.0004766689455095,	-0.0002628331929155,	0.0005739992373617,	0.0002869906800384,	-0.0000189358082614,	
  -0.0003451609386226,	-0.0002498336124398,	0.0000158362832183,	0.0002316856454188,	0.0003693828047561,	-0.0000757937811123,	0.0004766689455095,	0.0006792638310477,	-0.0000280504633446,	0.0001703187678152,	-0.0001617311402334,	0.0001316958977119,	
  -0.0000201583261789,	-0.0000001466994381,	-0.0000610659403155,	0.0000221671954752,	0.0003266499682667,	0.0002584225694120,	-0.0002628331929155,	-0.0000280504633446,	0.0004575994165731,	-0.0003061964066063,	-0.0003595725681402,	0.0001775647346842,	
  0.0000548394048035,	-0.0001317463020329,	-0.0001277720637930,	-0.0002034669004539,	-0.0000602055855512,	-0.0005244757629800,	0.0005739992373617,	0.0001703187678152,	-0.0003061964066063,	0.0006165415661718,	0.0004089779226245,	-0.0001172734431993,	
  0.0001302757014838,	0.0000160860792424,	-0.0000825617745438,	-0.0001334464991348,	-0.0003546153256088,	-0.0003057541578941,	0.0002869906800384,	-0.0001617311402334,	-0.0003595725681402,	0.0004089779226245,	0.0005178141385862,	-0.0001693239416981,	
  -0.0001007092268357,	-0.0000544725075788,	-0.0000187028787068,	0.0000948791004485,	0.0001866349636131,	0.0001432000261957,	-0.0000189358082614,	0.0001316958977119,	0.0001775647346842,	-0.0001172734431993,	-0.0001693239416981,	0.0001167221853019,	
};

const PROGMEM tinytype dC1_drho_data[4*4] = {
  -0.0000782509606412,	-0.0000089911778185,	0.0000032223266953,	-0.0000004918929044,	
  -0.0000089911778185,	-0.0000701536912437,	-0.0000213070317927,	0.0000128787072450,	
  0.0000032223266953,	-0.0000213070317927,	-0.0000910311912700,	-0.0000132885860544,	
  -0.0000004918929044,	0.0000128787072450,	-0.0000132885860544,	-0.0000900390216936,	
};

const PROGMEM tinytype dC2_drho_data[12*12] = {
  0.0000234096705956,	0.0000342531250808,	0.0000007861928496,	0.0000092292744432,	-0.0000432746990485,	0.0000667307712402,	-0.0000882527527274,	-0.0000898070600246,	0.0000291720789255,	-0.0000666405333546,	0.0000031928590442,	0.0000019218315644,	
  0.0000056754745170,	-0.0000374121299652,	-0.0000160815940536,	-0.0000576518160189,	0.0000744454911010,	-0.0000947158532189,	0.0000830194605319,	0.0000824481651556,	0.0000014204295602,	0.0000765123920584,	-0.0000251005867834,	0.0000013268061826,	
  0.0000095712432615,	-0.0000894437141972,	-0.0000970948025356,	-0.0000820890864039,	0.0001209369257868,	-0.0001810029365312,	0.0002393216312831,	0.0001127076359140,	0.0000241121108433,	0.0002143315804967,	0.0000704922573364,	0.0000195886840768,	
  -0.0000556817336337,	-0.0000146741486468,	0.0000434190715661,	0.0000565075090789,	-0.0000713791118241,	-0.0000547389590218,	0.0001028970012764,	0.0000811874361930,	-0.0001500913584516,	0.0000795482677713,	0.0000791757358585,	-0.0000423523052502,	
  0.0000607547216441,	-0.0000151362794313,	-0.0000393698556227,	-0.0001091584760538,	0.0000804608608633,	-0.0000739997815382,	0.0000085114829898,	-0.0000016306063595,	0.0000685419450385,	0.0000369424442997,	-0.0000459372773169,	0.0000096479347812,	
  -0.0002059397307276,	-0.0000835022552505,	0.0000157206591580,	0.0002124733569148,	0.0002233765991956,	0.0001634128886591,	0.0000601991918299,	0.0002614224207155,	0.0001353266316279,	-0.0001160941271974,	-0.0001922555431926,	0.0001248147344659,	
  -0.0000641493342554,	0.0000150928707895,	-0.0000000558544751,	0.0001300456741473,	0.0000245712708700,	0.0001945582056232,	-0.0001042744806154,	-0.0000325920771473,	0.0001116206523334,	-0.0001568198021120,	-0.0000616510148296,	0.0000650241600857,	
  0.0000715876232372,	0.0000865712277043,	0.0000169395772814,	-0.0000188385455380,	-0.0000312886248785,	0.0001753855630450,	-0.0002837578752076,	-0.0001956319764728,	0.0001346650921002,	-0.0002256809909775,	-0.0001111666764028,	0.0000218660617244,	
  -0.0001173517522348,	-0.0000579017329289,	0.0000382470261029,	0.0000934632797641,	0.0000713853300299,	-0.0000197114981305,	0.0001260772961219,	0.0002032097249303,	-0.0000583316691340,	0.0000394367149372,	-0.0000428910667034,	0.0000161724032071,	
  -0.0000392791758051,	-0.0000310300724246,	0.0000243237376597,	-0.0000071840682639,	0.0001430147479638,	0.0000059542789075,	-0.0000131224808595,	0.0001299867358298,	0.0000693401301541,	-0.0000532949009757,	-0.0001679172859337,	0.0000381684951483,	
  0.0000216320064688,	-0.0000337990437443,	-0.0000403484335007,	-0.0000746967943115,	0.0001631246410754,	-0.0000243186794700,	-0.0000040728537287,	0.0000560656998478,	0.0001386933217846,	-0.0000147330995779,	-0.0001290858670557,	0.0000508486918904,	
  -0.0000946424473850,	-0.0000460361424005,	-0.0000054887505317,	0.0001114277369083,	-0.0000180734850819,	-0.0000146460857528,	0.0001599283739176,	0.0001036539716547,	-0.0000805900056745,	0.0000909106580796,	0.0001002176207936,	0.0000046336182621,	
};

