#include "rho_benchmark.hpp"
#include <Arduino.h>

// Cache matrices that get updated
static float Kinf[BENCH_NU][BENCH_NX];
static float Pinf[BENCH_NX][BENCH_NX];
static float C1[BENCH_NU][BENCH_NU];
static float C2[BENCH_NX][BENCH_NX];

// Pre-computed sensitivity matrices at rho = 85.0
const float dKinf_drho[BENCH_NU][BENCH_NX] = {
    { 0.0001, -0.0000, -0.0016,  0.0002,  0.0005,  0.0033,  0.0001, -0.0000, -0.0009,  0.0000,  0.0001,  0.0010},
    {-0.0001,  0.0000, -0.0016, -0.0001, -0.0004, -0.0033, -0.0001,  0.0000, -0.0009, -0.0000, -0.0001, -0.0010},
    { 0.0000, -0.0000, -0.0016,  0.0001,  0.0004,  0.0033,  0.0000, -0.0000, -0.0009,  0.0000,  0.0001,  0.0010},
    {-0.0001,  0.0000, -0.0016, -0.0002, -0.0004, -0.0033, -0.0000,  0.0000, -0.0009, -0.0000, -0.0001, -0.0010}
};

const float dPinf_drho[BENCH_NX][BENCH_NX] = {
    { 0.0636, -0.0079, -0.0000,  0.0408,  0.2425,  0.4183,  0.0425, -0.0059, -0.0000,  0.0056,  0.0294,  0.1505},
    {-0.0079,  0.0589,  0.0000, -0.1954, -0.0409, -0.1666, -0.0059,  0.0378,  0.0000, -0.0217, -0.0056, -0.0600},
    { 0.0000,  0.0000,  9.0348,  0.0000, -0.0000,  0.0000, -0.0000,  0.0000,  6.1357,  0.0000, -0.0000,  0.0000},
    { 0.0408, -0.1954, -0.0000,  0.7039,  0.3142,  1.8467,  0.0357, -0.1284, -0.0000,  0.0834,  0.0506,  0.7094},
    { 0.2425, -0.0409,  0.0000,  0.3142,  1.2380,  4.6235,  0.1788, -0.0358, -0.0000,  0.0507,  0.1764,  1.7752},
    { 0.4183, -0.1666,  0.0000,  1.8467,  4.6235, 34.2096,  0.4407, -0.1758,  0.0000,  0.3224,  0.8063, 12.9370},
    { 0.0425, -0.0059, -0.0000,  0.0357,  0.1788,  0.4407,  0.0293, -0.0046, -0.0000,  0.0053,  0.0231,  0.1643},
    {-0.0059,  0.0378,  0.0000, -0.1284, -0.0358, -0.1758, -0.0046,  0.0244,  0.0000, -0.0145, -0.0053, -0.0656},
    {-0.0000,  0.0000,  6.1357, -0.0000, -0.0000,  0.0000,  0.0000,  0.0000,  4.2496, -0.0000,  0.0000,  0.0000},
    { 0.0056, -0.0217,  0.0000,  0.0834,  0.0507,  0.3224,  0.0053, -0.0145, -0.0000,  0.0109,  0.0086,  0.1258},
    { 0.0294, -0.0056,  0.0000,  0.0506,  0.1764,  0.8063,  0.0231, -0.0053,  0.0000,  0.0086,  0.0274,  0.3145},
    { 0.1505, -0.0600,  0.0000,  0.7094,  1.7752, 12.9370,  0.1643, -0.0656,  0.0000,  0.1258,  0.3145,  5.0369}
};

// dC1_drho is all zeros
const float dC1_drho[BENCH_NU][BENCH_NU] = {
    {-0.0, -0.0, -0.0, -0.0},
    {-0.0, -0.0, -0.0, -0.0},
    {-0.0, -0.0, -0.0, -0.0},
    {-0.0, -0.0, -0.0, -0.0}
};

const float dC2_drho[BENCH_NX][BENCH_NX] = {
    { 0.0000, -0.0000,  0.0000,  0.0000,  0.0000, -0.0000,  0.0000, -0.0000, -0.0000,  0.0000,  0.0000, -0.0000},
    {-0.0000,  0.0000, -0.0000, -0.0000, -0.0000,  0.0000, -0.0000,  0.0000, -0.0000, -0.0000, -0.0000,  0.0000},
    { 0.0000,  0.0000,  0.0000, -0.0000,  0.0000, -0.0000,  0.0000,  0.0000,  0.0000, -0.0000,  0.0000, -0.0000},
    { 0.0000, -0.0000, -0.0000,  0.0000,  0.0000, -0.0000,  0.0000, -0.0000, -0.0000,  0.0000,  0.0000, -0.0000},
    { 0.0000, -0.0000,  0.0000,  0.0000,  0.0000, -0.0000,  0.0000, -0.0000, -0.0000,  0.0000,  0.0000, -0.0000},
    { 0.0000, -0.0000, -0.0000,  0.0000,  0.0000,  0.0000,  0.0000, -0.0000, -0.0000,  0.0000,  0.0000,  0.0000},
    { 0.0000, -0.0000,  0.0000,  0.0000,  0.0000, -0.0000,  0.0000, -0.0000,  0.0000,  0.0000,  0.0000, -0.0000},
    {-0.0000,  0.0000,  0.0000, -0.0000, -0.0000,  0.0000, -0.0000,  0.0000,  0.0000, -0.0000, -0.0000,  0.0000},
    { 0.0000,  0.0000,  0.0005, -0.0000,  0.0000,  0.0000,  0.0000,  0.0000,  0.0003,  0.0000,  0.0000, -0.0000},
    { 0.0000, -0.0002,  0.0000,  0.0008,  0.0001, -0.0001,  0.0000, -0.0002,  0.0000,  0.0001,  0.0000, -0.0000},
    { 0.0002, -0.0000,  0.0000,  0.0001,  0.0007, -0.0002,  0.0002, -0.0000, -0.0000,  0.0000,  0.0001, -0.0001},
    { 0.0000, -0.0000, -0.0000,  0.0000,  0.0001,  0.0011,  0.0000, -0.0000, -0.0000,  0.0000,  0.0000,  0.0003}
};

void update_cache_taylor(float new_rho, float old_rho) {
    float delta_rho = new_rho - old_rho;
    
    // Update K using Taylor expansion
    for(int i = 0; i < BENCH_NU; i++) {
        for(int j = 0; j < BENCH_NX; j++) {
            Kinf[i][j] += delta_rho * dKinf_drho[i][j];
        }
    }
    
    // Update P using Taylor expansion
    for(int i = 0; i < BENCH_NX; i++) {
        for(int j = 0; j < BENCH_NX; j++) {
            Pinf[i][j] += delta_rho * dPinf_drho[i][j];
        }
    }
    
    // Update C1 using Taylor expansion
    for(int i = 0; i < BENCH_NU; i++) {
        for(int j = 0; j < BENCH_NU; j++) {
            C1[i][j] += delta_rho * dC1_drho[i][j];
        }
    }
    
    // Update C2 using Taylor expansion
    for(int i = 0; i < BENCH_NX; i++) {
        for(int j = 0; j < BENCH_NX; j++) {
            C2[i][j] += delta_rho * dC2_drho[i][j];
        }
    }
}

void benchmark_rho_adaptation(float pri_res, float dual_res, RhoBenchmarkResult* result) {
    result->initial_rho = 85.0f;
    result->pri_res = pri_res;
    result->dual_res = dual_res;
    
    uint32_t start = micros();
    
    // Compute new rho
    float ratio = pri_res / dual_res;
    ratio = min(max(ratio, 0.001f), 1.0f);
    float new_rho = result->initial_rho * sqrt(ratio);
    new_rho = min(max(new_rho, 70.0f), 100.0f);
    
    // Update cache using Taylor expansion
    update_cache_taylor(new_rho, result->initial_rho);
    
    result->time_us = micros() - start;
    result->final_rho = new_rho;
}